0 0.795627899578793 0.778966284302309 0.779417938570745 0.779045433051736 0.783949504742071 0.778462263387773 0.769331099532606 0.760451406210828 0.755243979169759
0 0 0.758275540900524 0.768980784581437 0.803901960088868 0.781707746143823 0.773502732039342 0.762859503277939 0.753052328241626 0.747662068097785
0 0 0 0.780508232817042 0.779144711699459 0.790929196667206 0.778119666144511 0.763992453563904 0.751856459155155 0.745771655874452
0 0 0 0 0.777669893253677 0.796931305019111 0.777183497279266 0.759072341329761 0.745034840813247 0.738887096362381
0 0 0 0 0 0.818870729115125 0.77690708666843 0.75200314442986 0.735823651533417 0.730186374033534
0 0 0 0 0 0 0.735124932889425 0.718511723674705 0.708465736049928 0.708434876181691
0 0 0 0 0 0 0 0.701695408426933 0.695284080740005 0.699711278966038
0 0 0 0 0 0 0 0 0.689161562321728 0.698765071039962
0 0 0 0 0 0 0 0 0 0.708344937781937
0 0 0 0 0 0 0 0 0 0
