0 0.540331674188976 0.560134506261298 0.565413312498596 0.569611840888564 0.573021078083113 0.576324343430974 0.581193942405943 0.58504753539069 0.587400435068329
0 0 0.623305943159239 0.618825749602698 0.584021878440451 0.619289158889006 0.627694532797075 0.636315271327421 0.643184921572189 0.646819342124476
0 0 0 0.609829077761094 0.618271581771635 0.615511166745055 0.631247771518535 0.645847246548765 0.656765967550019 0.6622179938753
0 0 0 0 0.631488406968807 0.620517312042072 0.645717929968116 0.666539323965294 0.681176828197288 0.687571663605935
0 0 0 0 0 0.606395491127452 0.656520259704299 0.686858183895693 0.705895680967312 0.712666501264028
0 0 0 0 0 0 0.728584001984547 0.752786964448782 0.768575966759872 0.769294036124012
0 0 0 0 0 0 0 0.784859917931475 0.799765650294119 0.793268503715307
0 0 0 0 0 0 0 0 0.821085405605723 0.799994250721122
0 0 0 0 0 0 0 0 0 0.773234951631438
0 0 0 0 0 0 0 0 0 0
