0 0.00377904738292528 0.00397095557832608 0.00407266106524642 0.00415132248261517 0.0042293600201273 0.00428456531085563 0.0043243365762049 0.00434716536002555 0.00436458021936119
0 0 0.00473858836762261 0.00488009869825591 0.00508453304358242 0.00519386152322005 0.00529560117137289 0.00536947420121209 0.00540232575362065 0.00542585850506242
0 0 0 0.00519142142195054 0.0054138908124208 0.00570983776335406 0.00585261397370726 0.00594988916787935 0.00597740774790537 0.00599531090370905
0 0 0 0 0.00580321224543075 0.00626065512757179 0.00640360776675743 0.0064950378524619 0.00648829886077782 0.00648099413310272
0 0 0 0 0 0.00696761230787664 0.00694942187583921 0.00697721934489806 0.00689312276895385 0.00683837003683196
0 0 0 0 0 0 0.00692343552038122 0.00698511084145395 0.00684701019804459 0.00677144100289453
0 0 0 0 0 0 0 0.00706855388586595 0.00678856728507056 0.00668501273302238
0 0 0 0 0 0 0 0 0.00642458469435559 0.00640694539634189
0 0 0 0 0 0 0 0 0 0.00638470453192888
0 0 0 0 0 0 0 0 0 0
