0 0.0059130345390809 0.00533730994614163 0.00503219348539608 0.00479620923335135 0.00455654336914501 0.00439648074858774 0.00427716695254254 0.00420868060049894 0.00415643601744833
0 0 0.00476158535079088 0.00459177295828856 0.0043764999177889 0.00421525756840271 0.00409316999052825 0.00400452235473183 0.00396449460275125 0.00393686119017119
0 0 0 0.00442196056332513 0.00425510852057132 0.00403314830719155 0.00392606615003212 0.00385310975522677 0.00383247081950917 0.00381904345211906
0 0 0 0 0.00408825647786169 0.00383874217867186 0.0037607680118356 0.00371089705517652 0.00371457286963877 0.00371855726660127
0 0 0 0 0 0.00358922787970884 0.00359702377913311 0.00358511057814276 0.0036211519677642 0.0036446174244909
0 0 0 0 0 0 0.00360481968842438 0.00358305192674354 0.00363179333026734 0.00365846481090996
0 0 0 0 0 0 0 0.00356128417614447 0.00364528015635836 0.00367634652202701
0 0 0 0 0 0 0 0 0.00372927613897612 0.00373387769517279
0 0 0 0 0 0 0 0 0 0.0037384792531895
0 0 0 0 0 0 0 0 0 0
