321188.22
201475.92
0
0
0
.00007877
.0007255
.00339727
.009634
.0203367
.035624
.05532731
.07921532
.10679413
.13795918
.17277689
.2111434
.25285587
.297874
.34611318
.39755046
.45217803
.51014942
.57150269
.63640672
.70505124
.77757674
.85416156
.93497747
1.0201988
1.1100737
1.2047946
1.3045661
1.4095566
1.5200557
1.6363728
1.7587461
1.8874719
2.0228593
2.1652067
2.3149331
2.4723687
2.6378057
2.8116133
2.9942303
3.1860867
3.3875475
3.599067
3.8210826
4.0540981
4.2985244
4.5549383
4.8239064
5.1060877
5.4020557
5.7125545
6.0382123
6.3798728
6.7385101
7.1152353
7.5113978
7.9287043
8.368825
8.8336201
9.3245621
9.8431749
10.391238
10.970325
11.582339
12.229266
12.913271
13.636666
14.401585
15.210446
16.06584
16.971485
17.930845
18.94735
20.024445
21.165571
22.375883
23.659775
25.022022
26.469053
28.00845
29.64756
31.395903
33.264351
35.263435
37.408092
39.713268
42.199432
44.892563
47.819321
51.021076
54.553661
58.49448
62.961731
68.147224
74.391525
82.551743
100
