0.0771741180729842
-0.0329611046252112
-0.000895775746599291
-0.00165205728077848
0.00165475716603805
-0.000152362879862437
-0.000360018971478066
-0.000236380746201527
-0.000291380891747665
-0.00104612734301227
0.000170074574632165
-0.000494346712493731
0.0126752153737096
-0.00176790257186709
-0.000788250943883062
-0.00112968760113615
0.00019290225556188
-9.18007521843607e-05
-0.000148081393566802
5.41700634562836e-05
-0.000358791936134878
-0.000229832487781782
1.7305817651342e-05
-0.000366248453135377
0.0846337243213192
-0.0302426499798332
-0.000860874554040036
-0.00156164192648515
-0.000470566928285071
5.92847028167895e-05
-2.85875266395457e-06
5.11129048467531e-05
1.89832188076263e-05
0.000156629915976546
-0.000111443055071619
-0.000967800684641661
0.0126530044131689
-0.000972547507062548
-0.00116494361823662
6.43059205554217e-05
-5.35986621697962e-05
-0.000281534783526074
-0.000334052951366989
-0.000130886771549331
-8.27851360008133e-05
0.000246501969994855
0.000156650351649436
0.0825747026380506
-0.0328372969445847
-0.00145238219790578
-0.000835896545901496
-0.00045155338215779
0.000122494778337849
-0.00048870169617518
0.000192478840313359
-0.000480680653189832
0.000274697108978695
-0.00128334584662388
-0.000302638580587181
0.0111562390850349
-0.00128681981807053
-0.000537904351724046
-0.00074141445810521
-0.000344331857636912
-0.000296697039422251
-0.000388557211470727
9.85978809432269e-05
-0.000374635788990721
0.000248612095150565
0.0954571647351964
-0.0386403492907068
-0.00139473677325302
0.000470180308978782
-0.000171777203777466
-0.000192891115044304
-9.0900742922995e-05
0.000398084269888907
0.00073913338583645
-0.00166935588507645
-0.000943041337872856
-0.000822778200078348
0.0145395248369539
-0.00222750473665887
-0.000434119496606623
-0.000111111996110189
0.000174261144893347
-2.6779039570503e-05
-0.000212420478386728
-8.79222884920176e-05
0.000195561248357544
0.0965203694335025
-0.0328816895037481
-0.000729762418827063
-0.000415932169430782
-0.00150805115786552
-0.000741695724922882
0.000356102167883102
-0.00231976064973451
0.000281225301245204
-5.98636333430261e-05
-0.00108861879775876
-0.0016057551957959
0.0126258118364645
-0.00132912226669321
-0.000630661541275498
-0.000433035657429469
-0.000540018579332025
-7.77541922144171e-05
-0.000252186034952233
-0.000390786618632246
0.0873894583770592
-0.0279282177301849
-0.000313792532140846
0.000510547667813258
-0.000934780621473307
-0.000311845029966716
0.00052156130902303
-0.000565885214291838
-4.18936011381417e-05
-0.000768021330151136
-0.000577585921546929
-0.000820706481562038
0.0130313314858615
-0.000571805057351513
-0.000794095386479436
0.000168385453414191
0.000313791975809633
0.000191267812342904
-0.000447003520531341
0.0764679499880756
-0.0291715747648112
-0.000200544124970864
0.00141281261420024
-0.000707180383429237
0.00102225345691004
-0.000363740490663466
-0.000404486222109925
-0.000322188037717164
-0.000214090308287877
-0.00104952474705831
-0.000165977759099034
0.0123038295192694
-0.00132554129398562
-0.000641760998624111
3.96880486793052e-06
-0.000247167544382486
0.000300056302499241
0.0778492039681444
-0.0282354878681321
-0.00156814783275374
0.00097373674946892
-0.0017886091723428
-2.2734337562517e-05
6.65734733626153e-05
0.000102752954308359
-8.36435782649576e-05
-0.000304561207823296
-0.000944880276857648
-0.000947264560349714
0.0116901864979604
-0.0013925573869555
-0.00067722108011284
-0.000218674460547994
-0.000453647831047825
0.0788204499995847
-0.0320857309740279
0.00367282519081332
-0.000190726647417502
-0.000276476606290759
-0.000158885471746988
-0.000427378029157933
-0.000332696741663045
-0.000372343930426335
-0.000107949054173817
-0.000760227570771232
-0.000728958662134753
0.0116958351733483
-0.000618936325334662
-0.000179691716258977
8.59065072318951e-05
0.0901169122564941
-0.0344726941277925
0.00129605472367754
-0.000159589513803458
-0.000138959949497993
-0.000286487683855504
-0.000157049514930991
-0.000348318603231165
2.40279225570601e-05
0.000269188221773796
-0.000623689562517553
-0.000169218931900793
0.0120495034983991
-0.000839302386951702
-0.000801501170235078
0.0746287481360807
-0.0230492767691196
6.07280773459002e-05
0.000338745227060295
-7.77836871994632e-05
-0.00048929280060162
-0.000171177354065441
0.000231234128937694
9.1884979562982e-05
-1.06936710869379e-05
-0.000246780261710845
4.66000227116009e-05
0.0115930854513622
-0.000557403127180395
0.079560956245149
-0.000317177818503142
-2.16298116824981e-05
0.00015320904618195
0.000276595618080785
-0.000379247932428462
-6.17832186025091e-05
-0.000299571126284409
7.20126521928512e-05
-0.00010879385879188
-0.000972022317513061
9.68639202910388e-05
0.0131871698328036
0.0171245366693014
-0.00235879305472748
-0.0012763546774021
-0.00162953631951178
0.000203603101281418
-0.000505968087833164
-0.00037261333629465
-0.000351007135867237
-0.000224312530382776
-0.000227445615644397
-0.000167143908518396
-0.000262091556384143
0.017165024321047
-0.000992484109658626
-0.000922302236163615
-0.00027455028325725
-8.4882978005519e-05
-0.000303042841371741
-0.000122189577985932
-0.00011097384464627
7.1952763664698e-05
0.000126477147145632
9.97642227724832e-05
0.0144191916691966
-0.00129395661848069
-0.000769602225532796
-0.000705126734342464
-0.000553189739423476
-0.000192822803239265
-0.000319846398328098
-0.000260545708638212
-0.000132789062625097
0.000185844427973315
0.0180234401547956
-0.00251752641534406
-0.000621453154596125
-0.000207201477732937
-0.00016104175709178
-0.000183611142651503
-0.000269860552978415
-9.14371774355185e-05
-0.000169716371386273
0.0167336947177567
-0.001693688529529
-0.00110541156300291
-0.000622156238649635
-0.000231869104852828
-0.000355468447739034
-0.00016579842583494
-0.000133667668118677
0.0170659932953221
-0.000758038434775705
-0.000989423986194601
-0.000218073458208717
0.000408610249388554
-2.81854241470598e-05
-0.00020123537718749
0.0165665284423558
-0.00157121564182045
-0.000784758446263899
6.60998827208764e-05
-0.000115556844080927
-9.1282338587801e-05
0.0155990053319789
-0.00156805005649176
-0.000547213905336271
-7.63741907299613e-05
-0.000145092211110248
0.0156456544811214
-0.00108119634209639
-0.000415414427298865
-9.86037667877934e-05
0.017252514101363
-0.00124375424773884
-0.000887725379020464
0.0158561095831045
-0.00092292688399941
0.0178422166706375
