0.131173889888724
-0.061055385016147
0.0012472594719636
0.000390315011291919
-2.4499171041459e-05
0.000932710233954363
0.000113654754420638
8.75988345527069e-05
-0.000597047691587878
0.000851544059637762
2.71201334514931e-05
-0.00132555205422321
0.00182361607597555
-0.000674535234807619
-2.36840780630389e-05
-2.54016475226509e-05
0.000128289663494213
0.000131119888968336
4.37651048545188e-05
-2.67456848393226e-05
-6.54643923141344e-05
0.000123719094619522
8.14598342404739e-05
-9.47143908940736e-05
0.172576124712536
-0.0764877673391275
-0.000601002063562849
0.00305399069443208
-0.000126167614892429
-0.000331239335696049
0.000409163830160409
-4.43017693811516e-05
-0.00115913173456987
0.000135043102743706
0.00103084702689891
1.10333331138146e-05
0.00181137361412688
-0.000572112758231653
-1.2507830402523e-05
5.08680868718672e-05
7.1745724127712e-05
-0.00020260381317207
-7.10947924296827e-06
0.000108681977072744
-0.000346698177178373
-0.000224157208917514
8.52929862526775e-05
0.196350181451149
-0.0838925381421161
-0.00707413391672163
0.000638367981600495
-0.00114171213941071
0.00167812456987222
0.00109682767208919
-0.000683698714263944
0.000570587951639324
-0.000636704961241965
-0.000195208062148112
-0.000175790524212826
0.00218496629491252
-0.00032456628730584
0.000144811688457802
-0.000268838898827728
-7.13539791957019e-05
-1.77539713178559e-06
-5.91351988957837e-05
-5.07642385413824e-05
6.167077715124e-05
0.000219046640031522
0.228041830977043
-0.0903067452240332
-0.00556335100339296
0.000422950615929444
0.00110203267822167
-0.00178322210699857
0.00116629811101417
0.00111862593129088
0.000469473309250353
-2.43213430611607e-05
1.32605144968052e-05
6.7703282682904e-05
0.00210147474968846
-0.000852545039832115
-2.31781564573737e-05
0.000373982864626313
-0.000153525484795719
-9.2783406773224e-05
0.000274278764519977
-0.000160369006651668
-3.6159960499189e-05
0.229932098796916
-0.0674009605772587
-0.00382099149205175
-0.000426303925809215
-0.00169610574199283
0.000410075436682941
-0.000752665241271779
-0.00111674779272759
-8.35136222687245e-05
-0.000104907766549516
-0.000234744377460001
-0.000393415457153414
0.00239112183405404
-0.000102995962436315
0.000516256972076538
3.69645816579027e-05
-5.41085108084486e-05
-4.62790113364008e-05
1.37403573714631e-05
-0.000155029945001148
0.175672752195752
-0.0491899376371195
-0.00273960048038904
0.00101129261805773
-0.000905505662260253
-0.00105713454717114
-0.000537484126767872
8.35729473973232e-05
5.98725487070666e-05
-0.000156959258941183
-0.000131961914132772
-3.1274046599628e-06
0.00249847491373969
-0.000173170548017537
1.83956381762607e-05
0.000272176196241687
7.39500379774553e-05
-4.47024908236213e-05
3.4990935172943e-05
0.136338111283795
-0.0522902843618823
-0.00165593556685112
0.000358530225609778
0.00107234703316193
0.0008573617838154
6.94879688813616e-05
-5.15258693042747e-05
-4.14307552186916e-05
-0.000232567950849319
-0.000153732583102707
-1.29832486969467e-06
0.00288802063916419
-0.000926427204805207
-0.000129223818159846
0.000173877615592924
6.91630332747461e-05
3.21714947271739e-05
0.127978081956458
-0.0470477324121605
-0.000712480593478395
0.00129873277011503
-0.00114969085185335
-3.98278514880757e-05
0.000104692069533948
-1.75600013962251e-05
-1.64540570357266e-05
-0.0001987441890516
-0.000257292714195439
-0.000111372758283438
0.00289977211071346
-0.000784259474251882
-9.79982945609277e-05
0.000156598476299787
-8.53681733561595e-05
0.123651902125668
-0.0495714214719018
-0.0011859522727838
0.00139760419643024
-0.000119432064225963
0.000105311295370948
1.9777759734549e-05
-0.000172381119103349
-0.000258741181644011
-0.000302649172659816
-0.000105373998799845
-0.000339773063525329
0.00269055620715409
-0.000719830805609217
-0.000349302440472417
5.4552461888434e-05
0.123475394190017
-0.0484940323175881
0.00129312340416837
4.59865764705986e-05
-0.000228404532259749
5.86241098659648e-05
0.00018287178681922
0.000208312242320171
-8.37603000041904e-05
-0.00020986730663821
0.000141671736893347
-0.000144806415398645
0.00269629349047002
-0.000561423152774897
5.80748391326916e-05
0.11570352375671
-0.0487588404398682
0.00018357490971737
2.8721917560515e-05
0.00035515531312268
-5.38873911137685e-05
-1.06995494925623e-05
0.000157750740806537
0.000396108899099547
-5.09350851545713e-05
-4.82446087168775e-05
7.21727780977617e-06
0.00319118168257746
-0.000641940485568072
0.133874643008091
-0.000110900539022472
0.000149340073422109
-4.56159437178547e-05
-0.000251431808056139
4.1035395927167e-05
-0.000259527286056701
-4.51069117263192e-05
2.67162796808466e-05
-0.000188858157742048
-6.91512769116996e-05
-0.000431094859585447
0.00376003760032781
0.00427524126837592
-0.00105368695265914
-9.40994495265283e-05
-9.29239803669649e-05
-3.92558845164582e-05
-3.26876257207343e-05
-3.31643077690641e-05
-1.1140921788944e-05
-1.44968730653237e-05
4.59717196011313e-05
-8.41139233707511e-06
8.7141436690813e-06
0.00463253628335395
-0.00110349196063995
-0.000126834922762487
-0.000126547739514688
-7.06875223761941e-05
9.81639100279822e-05
-4.45057345196312e-05
-6.51172146320003e-06
-4.71792752367586e-05
4.37068349488834e-05
1.11032494140687e-06
0.00474496372130588
-0.00104945650863782
-0.000115359210840668
-0.00013885702607278
-2.44948721051663e-05
-1.2717592241592e-05
1.65352218094032e-05
5.07921281348405e-05
3.41200779400119e-05
1.61747320072884e-05
0.00536805023149896
-0.00140392982596957
-0.000257840298869622
-1.01894918828797e-05
-1.83506153172939e-05
-4.26304547583958e-05
6.74171478849516e-05
6.73055767523863e-05
5.49768849784076e-05
0.00565888288089776
-0.00117431935015273
-0.000128675084298993
-6.51595043456858e-05
-2.89137372647315e-05
-5.67243294642368e-05
-5.6360041619333e-06
4.76740162456598e-05
0.00592134220810934
-0.00148542475244767
-0.000208975148634365
-4.58024212598006e-05
3.16882372232095e-05
-1.84871833384168e-05
-1.79672027744276e-05
0.00719852061746977
-0.00172265193371287
-0.000276032470346448
-2.26108603007538e-05
3.03978444332055e-05
4.53300946756663e-05
0.00628261716615481
-0.00131091773376836
-1.45370522104491e-05
-1.48707304824615e-05
2.13389060228148e-05
0.00577812156012339
-0.00130507106303792
-6.15459687366543e-05
3.01639731936551e-05
0.00583206542196769
-0.00139344711282404
-3.43065852679506e-05
0.00614509773907274
-0.00128156428291268
0.00662305074686156
