0.128534624647843
-0.0641940848882589
0.000316768177253525
0.00127133129932805
0.00101466381575478
0.00104994162274001
0.000467274957480934
8.33184925653953e-05
-0.000183124220641897
0.000620661420493445
-0.000101154625410778
0.00071228101656594
0.00206929466024259
-0.000631373423160125
-0.000177380532890443
0.000310204434709499
-0.000409183663841931
6.86946606958693e-05
-9.04522619516852e-05
9.49283382458632e-05
0.000138330869264984
-4.85896110329643e-05
-0.000211144088587372
0.000103505860894022
0.177564511445079
-0.0857310478630022
0.0012703022407642
0.0029105865447552
1.62694331953988e-05
0.000154426703388887
0.000277889955468769
-0.00068975904096533
-0.000873081105999485
0.000754560364106402
0.000102226045087139
0.00013437024273533
0.00227476088545035
-0.000171115454880885
-7.90225680619211e-05
0.00023688289412651
0.000111966140636555
0.000118773191343464
-0.000257978431811455
1.92750240952211e-05
-0.000134609172803141
0.000164532873550983
-0.000308964299230804
0.222365756581704
-0.102322513369438
-0.0100292464489861
0.00331298419523757
0.000333699612182396
0.001771131228769
0.00270278480987318
-0.00105041310940492
0.00028340897607346
-0.000315954072613545
-0.00056943218220586
-0.00028762368857158
0.00237838723845424
-0.000571217484161252
0.00012743801074333
2.17439243974897e-05
-0.000268047992195319
0.000308659592091918
0.000138657895172915
-0.000138863602548662
-9.08910101636218e-05
0.000161583599441827
0.257703403538753
-0.103275466555914
-0.0100656961112832
-0.00235325088917258
0.00135311122663794
-0.00193809222195922
0.00199025028263168
0.000514096376178989
0.000953571001266969
-0.000301917251765892
-0.000162148382998351
-0.000209725682138076
0.00299669476174979
-0.000833065745952434
-0.000238054965668307
0.000306539502450541
-1.82030187713473e-05
-0.000239751338403332
3.85693510795359e-05
0.000398095287866207
-0.000151673331242374
0.256579697444829
-0.0753628721433679
-0.00414961925723621
-0.00274766429847101
-0.002942124077061
0.000400953312485806
-0.000463781138698461
-0.000865674010146395
0.00045762326015409
0.000258700713892067
-0.000792119948473778
-0.000851380908010065
0.00260587227158506
7.3087222185368e-05
0.00036114901352943
-0.000151851998528856
0.000251275023797911
-6.38919463398285e-05
-0.000140338923417162
-1.27050465348059e-06
0.189320138809235
-0.0492942714100899
-0.00284785899318018
0.0015493922158142
-0.00151362247653279
0.000271889809955557
-0.000639127164292567
3.03837800910196e-05
5.00744160838059e-05
-4.53728399543024e-05
-0.000430105602991395
-9.62336773090903e-05
0.00298992200219117
-0.000213485914030249
9.60038699684345e-05
-4.87208929243956e-05
7.19200990396534e-05
-0.000190945113547698
0.000283337654479464
0.136906421559021
-0.0508666963047633
-0.00346600178492524
-0.00049732334502561
0.000601474625113838
0.00107181788548403
0.000216927597740719
-7.75662861009954e-05
2.96025830383932e-05
-0.000229447654781354
-0.000216133555353691
-0.000128770800233917
0.00325286461078799
-0.000961908606097318
-5.63419521794547e-05
0.000125822693336335
7.94091202306369e-05
7.84940616352752e-05
0.126422193274667
-0.0455410526760856
-0.00146505436176603
0.000287013228909633
-0.00136077362984244
-0.000162269104643859
-2.1874001386133e-05
0.000189604656678032
6.41687696270421e-05
-0.000289121702876044
-0.000328017265087512
-0.000200669188530716
0.00321834431903205
-0.0007825912290756
-1.88579327391879e-05
0.000125015858303824
-1.8031952447306e-05
0.120772914223655
-0.0482512707289741
0.000120739297581121
0.00026609467846225
-0.000186957138086193
0.000348982498715257
-0.000128384528751482
0.000161098803459232
-7.56257179061146e-06
-0.000180658563286334
-0.000519915402593987
-0.00033379531489954
0.00330286968581876
-0.000840013063875784
-0.000193489421314522
3.23157129864535e-05
0.116633904079108
-0.0465041117227207
0.00140093147840474
2.62698464250578e-06
-0.000159414147627471
0.000115445513601082
2.31025930065053e-05
4.50527804504661e-05
-7.42064074806968e-05
-9.23269292662957e-05
-0.000168359598652716
-0.000354310582122435
0.00352839314996644
-0.000719571902681993
0.000224708747151192
0.106861246790736
-0.0457019832944396
7.07445295742328e-05
-0.00012479056985609
0.00012375783440952
-0.000319868929968983
0.000285358690720352
2.15740850576913e-06
0.000272494158802513
8.90981969836164e-05
-9.15697534491819e-05
-0.000357712048341867
0.00361636166798202
-0.000904901211927657
0.119869179735268
-9.90784086836445e-05
7.80403665723901e-05
-0.000168469304915732
5.11366381112594e-05
-5.55726427050408e-05
-0.000182261074022212
-0.000252643305537612
-7.6924428697615e-05
-0.000204959208139523
-0.00010478372227682
-0.00052553223925408
0.00422630759356416
0.0047248532325677
-0.00112132606270298
-0.000117948316636817
-4.98661040336501e-05
-7.02713088238475e-05
-5.4169693119434e-05
5.70925007388906e-05
-4.46751256034625e-05
-2.41449528846001e-06
4.96267111283004e-06
5.86086021812114e-06
1.60594523231354e-05
0.00513360040269188
-0.00124532267057333
-0.000209424195109881
-5.27923273845372e-05
-8.33149534987381e-05
8.3474138774483e-05
-8.49828621996597e-05
-2.99746784909728e-05
1.91904435990257e-05
-4.14312560049641e-05
1.53671019541389e-05
0.00530212267481581
-0.00110941945882065
-0.000129827237465812
-0.000192034736099654
3.03543536921379e-05
-4.38335259149682e-05
-2.42150260481168e-05
1.61573394077728e-06
6.10814818224439e-05
1.96719100452528e-05
0.00573624955747376
-0.00145946652528468
-0.00022563762369207
-4.97941990446083e-05
-5.1224164418817e-05
-3.28562325072026e-05
-1.86327490867567e-05
3.91400832091787e-05
1.52126423291058e-05
0.0061691355525726
-0.00126496330995331
-0.000151925030428835
-7.49157869761204e-05
-7.86894134923203e-05
-2.58445763637533e-05
1.30866553260839e-05
3.70512569581927e-05
0.00676005813074243
-0.0015316980340115
-0.000352777763838174
-8.30302475391505e-05
-3.64861241931622e-05
-6.71230374254874e-06
-0.000103500726042302
0.00784230689138948
-0.001831309146982
-0.000317994997700049
7.65064963411915e-05
-5.3572813145674e-05
6.23640103547055e-05
0.00683951545381337
-0.00133710601380971
-0.000121726497562142
3.38395168351486e-05
-1.95989031783016e-05
0.00634072140920316
-0.00138274989035427
-7.98219965985656e-05
-3.26128357314656e-05
0.00656668888946389
-0.00150221777987099
2.49242237202659e-05
0.00697989483386171
-0.001468613485387
0.0073262608641854
