0.117652647963697
-0.0571074519246384
0.000718916298230471
-0.000326422922521736
-0.000869937444410891
-0.000332627336056308
0.000353994345950371
-0.00105731035652922
0.000717998122539201
-0.000385621866870851
0.000816673735940335
-0.000340204945333795
0.00319821008513034
-0.000604191051384158
-0.00010826587464475
-0.000112325731118804
-0.000195487718144431
-0.000128845279376776
3.25590501191108e-05
-0.000199739042878675
-0.0002120071219161
0.000104861566507183
0.000104485602597798
-1.70844049942633e-05
0.152928345075399
-0.0684345613598965
0.00168949078824197
-0.000285643474277472
-0.000252801798202194
0.000557574430610206
0.000376030521990638
-0.00113304206274338
0.00134827054530272
-0.000388612750090775
0.000749840822116539
-0.000274596244399124
0.00306985947467786
-0.000731488608259941
5.52194519035018e-05
0.000117941953403114
0.000316340477431364
-6.3018215342101e-05
-0.000260727238667917
0.000199494423095032
-1.50092077454565e-06
-3.77391193310884e-05
0.000165070400815972
0.168658118402856
-0.0702827820373793
-0.00426977651853748
-0.000924397272772151
-0.000295158950197889
0.000847433090807444
0.00106254214776885
-0.00109942836613641
-0.000164898699453947
0.00108482748899361
-0.000150018911230291
-4.71236372801304e-05
0.00360543161960143
-0.000365374144604989
-3.26430468118199e-05
-0.000394188861684912
-0.000224282647733631
0.000173600274770866
-0.000230439544903829
-0.000197331687590376
5.23016185407657e-05
-3.92163995030088e-05
0.181827355661293
-0.0751389642695205
-0.00351701673496904
0.00117264535741473
-0.000315555519016087
9.33534209624112e-05
0.00156024066681167
-0.000530781650528883
0.00100211079067998
2.00473575862171e-05
-1.45650360931444e-05
-0.000477974174729449
0.00344636248803531
-0.000490768243701363
-1.94239566019564e-05
0.000118312831018322
6.0406282701379e-05
0.000235522555282047
3.75078882655178e-05
-0.000241971045104501
0.000190436249702385
0.181840241945353
-0.0573551665524045
-0.00129716298626367
-5.64534616881178e-05
-0.00199358452394686
-0.000769064425781207
0.00140451618370842
-0.0013404851342192
-9.92570712123801e-05
3.57464842359054e-05
-0.000162270060735901
-0.000914327742347314
0.00305809843513307
-0.000186170290669817
9.09080809502708e-05
-3.112249025847e-05
-4.02492263292233e-05
-7.85721185391424e-05
0.000144484239985457
-0.000177191982429359
0.149808407859924
-0.0461410250671946
-0.000408830133325137
0.000475054215390365
1.0647433614109e-05
-0.000915918595721254
-0.00051960622465436
-9.51010563584265e-05
-0.000315469929083161
-0.000381693740661487
-0.00019975928176419
-0.000387123738604777
0.00418541002742686
-0.000536344300894782
-0.000315420995941963
4.91558989090534e-05
-0.000131538794544948
-6.31282306390689e-05
0.000232692119980326
0.121200547885024
-0.0465413258775168
-0.00144513257903257
0.0009984718065722
-2.03770878129469e-05
0.000112048612811957
-8.04887792083427e-05
0.00025486520689507
-2.16337387670105e-05
-0.000102000716529534
-8.08973500786738e-05
-0.000372244725390336
0.00466621413338282
-0.000903496461385293
-0.000114892677758819
0.000171849672933432
0.00015411813761854
0.000137615555782489
0.115226210742868
-0.0415849444085645
-0.00116711769336538
0.000619785874338794
-0.000240539671575554
-5.92247995058209e-05
0.000226007134417818
7.26366069130365e-05
-2.04363698585165e-05
-7.57299195310728e-05
-0.000514816495408431
-0.000563397888823273
0.0042992509987828
-0.000821380779685402
-0.000248876016469343
-9.69712185388903e-05
-2.98560350885403e-07
0.113796702332997
-0.0471953089980875
0.00139076634798661
0.000372835211623641
-7.46016931209693e-05
-2.92342415630062e-05
-0.000121977619300608
-0.000125148626632935
-0.000290246285832492
-0.000315186538584123
-0.000304852943920173
-0.000537494546027298
0.00430750736296154
-0.000846655859192009
-0.000260885075107307
-4.08536277201137e-05
0.115295141564763
-0.0452609808779812
0.000484308379915112
3.89414427378413e-05
3.26389397596714e-05
-1.20835185229831e-05
-2.94029829853213e-05
0.000231620252973756
-6.08792481280076e-05
3.92776652755242e-05
-0.000135642505339032
-0.00024633349524363
0.0044801848497586
-0.000791884199301329
-2.79280710337127e-05
0.106608598666589
-0.0411097313542236
0.000127554021553089
4.84766486204932e-05
-7.37853110732402e-05
0.000188369888603776
5.43228307362114e-05
5.95216195456123e-05
0.000282913814209846
-8.88749059349441e-05
-0.000106243094931183
-0.000239880677935219
0.00479405705259484
-0.000878642784678785
0.113473958863605
-0.000140976388841007
8.63451760835826e-05
8.76909909674788e-05
7.11601260437998e-05
-0.000115825644392958
-9.2106874316578e-07
-0.000302993961687896
0.00020654192570776
0.000135651098092911
-0.000356203163198392
-0.000466914039738367
0.00528599265031764
0.00561440785793231
-0.00130586620133294
-0.000233038972160861
-0.000123419021337267
-8.3312542494947e-05
-2.86968761169276e-05
1.47554384477467e-05
-2.41078715118317e-05
-8.27377376453209e-05
-9.51253087182502e-05
7.85293761334738e-05
-2.6644311636207e-05
0.00625303331722575
-0.000990449906220705
-0.000271567977624108
-0.000190621832088624
-7.59974133176301e-05
6.553965444839e-05
-6.93154571701064e-05
-6.08832987545435e-05
-1.58589021164381e-05
-4.12496173937576e-05
7.93144481245537e-05
0.00606889350954717
-0.00110495419279183
-0.000191291747492862
-0.000190311116521769
-3.95457282720607e-05
3.60870908207891e-05
-4.00462589148649e-05
1.35817465714957e-05
5.8391969001172e-05
-6.24173401514823e-06
0.00680338404852545
-0.0013617851284415
-0.000331549456386707
-6.77898611518286e-05
-4.91049769435415e-05
-9.64458109375285e-05
4.09752480461882e-05
4.44317388891615e-05
1.99304639935236e-05
0.00698381808896247
-0.00122702564016154
-0.000254742638528345
-0.000129789444728079
-7.03833886158758e-05
-2.65547452136111e-05
2.5688430639523e-05
-5.82348066864999e-05
0.00815363342134881
-0.00132336624729732
-0.00058608611382551
-7.63663054351205e-05
-2.81011663242614e-05
-3.77015074878461e-05
-9.60268308379517e-05
0.00855231063656377
-0.00164649632848886
-0.000355013901442906
-6.45953062916994e-05
-2.98085418516987e-05
1.7186336865082e-05
0.00784901987327172
-0.00137804201175777
-0.000255979013784096
4.39424005091511e-05
-3.72140493663413e-05
0.00755580078918697
-0.00132061518109404
-0.000214035297264078
-7.35480685719127e-05
0.00785873356421063
-0.00149403794867103
-0.000155481115493513
0.00806188229521575
-0.00141806667503399
0.00860454557441087
