0.120153800647157
-0.057736205910137
0.000481561327467162
3.37720570126773e-05
0.000330314747773655
-0.0026871099799574
0.00122333242032891
-0.000836759106609646
0.000444206598555496
-6.13262810593895e-05
-0.00026327799555805
0.00031783841668889
0.00479946192799517
-0.000820989816210631
-0.000187386791288416
-0.000190066237813161
-6.71540373920193e-05
-0.000155917087517461
-0.000101588547627695
-0.000157744876330169
-0.000105267363001087
-0.000260178325240907
0.000108052168837749
-4.91076161776534e-05
0.148802717925662
-0.0620159584302613
0.000100335860889636
-0.00118928838104003
-0.000998621956889723
0.000294423931697622
0.000816497794873627
-0.00166958661941953
0.00114442129430234
-0.00146245058741209
0.000663247518629911
-0.000410279234530058
0.00504194599795105
-0.000678307591839412
-4.22335280889161e-05
0.000191944770686345
-0.000335668411171275
0.000139097087490805
-2.27001727462915e-05
-0.000195238778690411
-0.000117780749643052
5.34796546172085e-05
-0.00014998605708767
0.154550387547704
-0.0649392451726754
-0.0037775898239056
-0.00156789826837989
0.000176185217946619
-0.000597207230215759
0.000366660112448332
-0.000122819705054181
0.00109380441965093
-0.000303095096860602
-0.000220036166447397
-0.000521259972021718
0.0050718644358261
-0.000589236080737158
-0.000182832995589371
-0.000117167375729751
-0.000352062631380017
-8.85923495084802e-05
0.000176534312650742
0.000114802816213261
-4.88994653295042e-05
0.000375801092634853
0.171137298213643
-0.0711967741473846
-0.00338470573203136
0.000794561707418388
-0.000299499477416611
0.000311403758426173
0.00055385224455973
8.59987394869077e-05
0.000516867352907422
-0.000421499423612518
-5.85484681140181e-05
-0.000585365439824024
0.0052851074323867
-0.000779556082053328
-0.000263830406449277
0.000290841001845723
-0.000106835973387371
-0.000247276828696886
-4.67493560577713e-05
-6.45007087375775e-05
-0.000103792817719778
0.170561796774145
-0.0553393590626679
-0.001112152685098
0.000878648274667545
-0.00149512027712835
-0.00130330208492849
2.03874748907438e-05
-0.000192774938082983
-6.96014496295527e-07
-0.000173095489612851
-0.000434727507750629
-0.000781104713111243
0.00478739332437984
-0.000380689637339692
3.73985207676997e-05
0.000240677211004797
-9.56530673707595e-06
-6.83961598663494e-05
0.000106635515327315
0.00018549519738142
0.147613661565747
-0.0459875472357541
-0.000417533675923164
0.00120786460106271
-0.00142536490728119
0.000460511074004007
0.000352440286126815
-0.000440777319916423
-0.000290839163920894
-0.000481217996796483
-0.000496536024120732
-0.000636669988843336
0.00588268350535518
-0.000878900418056382
-0.000430553270862947
-8.7021013775835e-05
-8.97356715686337e-06
-0.000125366325078533
-0.000296980152897168
0.119101461459179
-0.0468837915892676
-0.00176737884874064
0.000933996573970697
7.73299030251045e-05
-5.5876779696595e-05
7.33840116246719e-05
9.55521476630942e-05
-9.35917165225156e-05
-0.000150455427778234
-0.000308872089945498
-0.000415329241527084
0.00625044596822876
-0.00130509768639951
-0.000259389952861256
7.95989042796187e-05
-0.000113518485073131
9.16992313736059e-05
0.112512039331203
-0.0407190253184421
-0.00139377713485341
0.00130939241853835
-0.00134366256602297
0.000158612147251855
0.000365892577865562
2.60218140265101e-05
-0.000318238242270536
9.83225562901907e-06
-0.00053009817800845
-0.000919139090933568
0.00611808569252568
-0.00105955452117927
-9.50436202898214e-05
-5.5068848660657e-05
0.000124861856905847
0.113864382732318
-0.0477000049063867
0.00324475540290816
0.000389483622710766
-0.000403792739393147
-0.000444239938922293
-4.51472673688499e-05
0.00033225063922184
-0.00043506781462921
-0.000320487676466192
-0.000495957462214031
-0.000679432391358297
0.00555767348070133
-0.000825633845333689
-0.000208550439395128
2.5876907991291e-06
0.12056614379428
-0.0503667309164823
0.000905705553351509
3.94170883595122e-05
0.000185174744762086
4.11501286531688e-05
-7.51939927154174e-05
0.000167954835937428
-0.000260708676927558
-5.46828135948378e-05
-0.000515062276864019
-0.000499861856101236
0.00582067403618615
-0.00106310455689744
-0.00024501962473258
0.108764572357373
-0.0395804581144989
0.000156894919741677
5.20649614382125e-05
0.000183864626798526
9.96292589163624e-05
0.000180160865429071
0.000328317649837191
0.000483153364338716
0.0001692700159259
-7.49835107982727e-05
-0.000332656065634494
0.00638284042364816
-0.00102455027057198
0.114440573010754
-3.2451380628949e-05
-0.000154503292551349
-7.93756818729502e-05
0.000132263079352435
-0.000330766954685973
-0.000297008855461952
-4.54792438277429e-05
-0.000102854140501814
-0.000295216514811364
-0.000477791156972658
-0.000538588961659519
0.00716380763514428
0.00768081286553589
-0.0014823082508211
-0.000403922696251275
-0.000228237219759592
-3.12150555201406e-05
-8.64115289322557e-05
-4.12269552393573e-05
1.01059168843224e-05
-7.5737871470299e-05
-1.65616528878453e-05
2.23938149597851e-05
-4.77141173055294e-05
0.00826808673123545
-0.00124318207763143
-0.000312168360232634
-0.000151422154086239
-0.000156120358481818
-8.36277500748721e-06
1.5475964216406e-05
-7.42940102969229e-05
-5.05032724479075e-05
2.83593219422617e-05
3.46170208140415e-05
0.00785557969186987
-0.00117324217812477
-0.000338405749195214
-0.000223812607931447
-0.000135448758984982
3.58723095428327e-05
-3.57168883315233e-05
3.66744500005575e-05
8.06684543430835e-05
3.80777348166984e-05
0.00877768245327401
-0.00154911479369116
-0.000431018086321427
-7.62884164702828e-05
-9.33701705630026e-05
-4.90789057430668e-05
3.53018486909574e-06
-6.53710764155941e-05
-4.19678657070028e-05
0.00895627890541977
-0.00125188110325543
-0.000436029960166068
-0.000199233197101169
-0.0001488582234728
-9.27361377345425e-05
2.77061841543512e-05
-3.5416238739397e-05
0.0101124780986376
-0.00130523964602487
-0.000638189475541284
-0.000160643664001869
-3.17895964639928e-05
-9.19113680025653e-05
-0.000113294928777609
0.0103436318717513
-0.00177557398759957
-0.000509084414058757
1.66060916096474e-05
6.503760084577e-06
-0.00010044352315633
0.00978728609307781
-0.00152846323005035
-0.00028846011743332
-6.74754378310606e-05
-1.18712985041065e-05
0.00925049465141993
-0.00135548007782581
-0.000212743667647988
-0.000150457895180734
0.00984562824551079
-0.00149428734095469
-0.000331660579333353
0.00992203047872267
-0.001430614172308
0.0104929010389196
