0.111311963849911
-0.0535063972014169
0.00104510452414075
-0.000213358156382692
0.000803827550747635
-0.000546450917027063
0.000505009926671208
-0.000250014420159973
0.000179943684534801
-0.000362569518614346
0.000368566331381952
-0.000345855690888391
0.00179925340602948
-0.000493128925107731
-1.27643968974871e-05
-9.52156774577234e-05
-3.25828794704097e-05
-8.25146696124247e-05
6.54327278091487e-05
0.000138503486391996
-0.000135132359729495
-0.000104534914821618
2.02485769137858e-05
6.54952632093263e-05
0.142573777921451
-0.067489266546987
0.00164723104187622
0.000951943870439463
0.000479756164522466
-0.000686540250987089
0.00130118964843671
-0.0019786405735073
0.000831029433489225
-0.000196278552893558
-0.00031010585664877
-0.00013519269934469
0.00169896123633616
-0.000389472150861575
-3.74073843007326e-05
0.000126445916456499
6.9944814590473e-05
-0.000170953535329113
-0.000201345861038769
0.000150184292119331
6.44843670275174e-05
7.99568775858431e-05
7.52685282637108e-06
0.164490794124974
-0.0742582554393412
-0.00382004968501445
0.000861939143004688
0.000233979726604297
0.000179657304255279
0.00106188851002438
0.000148088913301725
-0.000167057534787958
0.00046776375254656
-0.000244899881130614
-0.000134200724352299
0.00205083324056622
-0.00019699881125498
2.60265139685184e-05
-4.18738360971567e-05
8.63715561576664e-05
0.000216412300385303
-1.49215689427917e-05
0.000164844979960792
0.000197062923986986
-0.000121821910493129
0.182916448862049
-0.0776895308927111
-0.00321451032008403
-1.9344758863893e-05
0.000787094293269207
0.000205119916890995
0.000572394156629149
0.000393264724517364
0.000413032424457984
-9.05717168845578e-05
-0.00018957270145726
-0.000369053711969919
0.00186889395921689
-0.000412052685402883
-0.000175812811314215
1.73895443853336e-05
-0.000128599357823431
4.26107714037374e-05
-1.56993756289228e-05
9.90480692622938e-06
1.83301249735836e-05
0.185738695695143
-0.060255270121638
-0.00320584225937652
-0.000101177271914629
-0.00200536431769035
0.000359688756043821
-0.000472311843893579
-0.00140652293435344
0.000167298169369439
-6.42400265533672e-05
-4.44782114554794e-05
-0.000368131878149337
0.00189401614276646
0.000192285650704258
3.79750824724927e-05
9.66133828362996e-05
-4.98879367683899e-05
8.29942154190956e-05
2.76373309209118e-05
1.19086974816131e-05
0.145461792366375
-0.045096120320107
-0.00228742275945152
0.000466236396340875
-0.000769668003572059
-9.05944750493866e-05
-0.000974023237765829
-9.34345232238174e-05
8.5328048179756e-05
-0.000135765551669613
-0.000285150996954893
-9.11008311313244e-05
0.00218235731310866
-0.000381153448766062
5.78146899404949e-07
7.923010624113e-05
-0.000128156877676516
3.74754128010621e-06
-3.95433707532709e-05
0.116288901877224
-0.0473008062331252
-0.00154292627815445
0.000335887805861017
0.00054113320688096
0.000604808831024087
0.000184882412121586
3.93798971839016e-05
-8.63340695665223e-05
-0.000185863402060277
-9.18401551888519e-05
-0.000338772873082231
0.00270370750189146
-0.000775398202437181
-0.000119311140461395
7.55604686646662e-06
-7.35014526711804e-05
-1.48570832655215e-08
0.108846619468356
-0.0424147162619924
-0.00135330395554243
9.22746446319913e-05
-0.00014620174252389
-1.54835747962575e-05
-1.26948425082986e-05
0.000106366482344653
0.000129335530482087
-0.000183499483737623
-0.000206076961594027
-0.000417923659885865
0.00250703355062139
-0.000586704179648123
-0.000104054400912064
3.65127630832849e-05
0.000121471867107673
0.107085331455776
-0.0463734509418107
-6.35477433007715e-05
0.000390784189342484
-4.04436280896175e-05
-1.33200092426117e-05
0.000114577821471374
-0.000108790971249484
-6.63024996055163e-05
-0.00020318353122814
-0.000302145485176383
-0.000376424820542753
0.00227876275649688
-0.000579507386672235
-0.000128056937778128
0.00013800199985578
0.107144213235327
-0.0429536049103127
0.00049199795097179
-3.33461037448393e-05
1.14832855378313e-05
1.83338467871459e-05
0.00018285549041241
3.57496569515152e-05
-5.08640230579278e-05
-5.99419539591989e-05
-5.75027599187667e-05
-0.000139477706754878
0.00239265091790071
-0.000686708545101057
-0.000160069118284694
0.0975192342953165
-0.0426144267972108
3.24676670194857e-05
-2.54648082609911e-05
0.000195844807057016
-0.000115277533573547
0.000192276887682922
4.82164965424941e-05
0.000161357817689999
-9.19504469091684e-06
-0.000207932450469829
-6.5910835113354e-05
0.00266950936995069
-0.000483068341989302
0.109814502035715
-6.96858101103712e-05
2.84977325465206e-05
-0.000130282394820416
-4.95180165842947e-05
-9.21030337118428e-06
-0.000198334088934199
-0.000167068376782235
-0.00012830867408682
-4.5157688355482e-05
-0.000291622775225948
-0.000491018853028518
0.00294969426796633
0.00355145394951357
-0.000933164173507919
-0.000116848927749883
-0.00011431797540619
-8.2636678870217e-05
-6.00419221586952e-05
4.44988910431657e-05
-1.70726644195823e-05
-4.60191287215626e-05
-1.83402510523464e-05
7.2174466701872e-06
-1.79889981093532e-05
0.00379199357249754
-0.000898226090337781
-0.00012123202763092
-9.16421474410828e-05
-3.94059370026817e-05
3.25631633347826e-05
-3.28339166296839e-05
-1.08171982039986e-05
1.99971695147687e-05
-1.75028676829896e-05
5.04162464181156e-06
0.00392101663148672
-0.000855827646449109
-0.000117552510010548
-9.77486393049357e-05
-1.81545430972595e-05
8.0453162821628e-06
-7.08957540728825e-06
2.48929418873077e-05
6.93372472620882e-05
1.46521325251053e-05
0.00423866666482448
-0.000964354810358482
-0.000194131742499238
-5.36097440607117e-05
-1.56650278210317e-05
-4.74798333394522e-05
1.30474426941599e-05
3.02952791016274e-07
6.88832662197738e-06
0.00430341899230677
-0.000845327105039211
-7.99085919494398e-05
-6.0931555516223e-05
-2.648568923131e-05
-1.10257054121517e-05
2.29110909406214e-05
1.77340443901036e-06
0.00484009994425252
-0.00107222439710816
-0.000328190816745196
-7.42731376397505e-05
-1.26711523115391e-05
-2.14336433782026e-05
-5.46046571980475e-05
0.00548889074637971
-0.00138655699253478
-0.000256617214387163
-2.52569716508615e-05
-1.48304635986691e-05
2.82090420707748e-06
0.00497185085171372
-0.00109692614043038
-0.000108632338648527
-4.60977186819724e-07
4.28892988634896e-05
0.00466667595189616
-0.00099168672722085
-0.000116760153483396
-5.10280885851566e-05
0.00472568317181035
-0.00110375689219735
-7.85668265155777e-05
0.0049432196985962
-0.00110914104291639
0.00527839204230359
