0.0745574509401595
-0.0318722490276949
-0.000373617093610742
-0.000701601796017399
0.000468346611248908
0.000423970881647667
-0.000397117969252144
7.74740198895557e-05
4.88583674797698e-05
-0.000514630125863795
0.00034777647290522
-6.99415221259067e-06
0.00656503453133068
-0.00116643381469383
-0.000321946494425196
-0.000635117201132458
0.000188817614544686
-0.000114383602702567
-0.000171208542317735
-7.00882125496411e-05
2.8610581229308e-05
6.71083236151391e-05
-6.74977402712507e-06
-1.18241018753552e-05
0.0885220376831722
-0.0369267417639381
9.11545773609944e-05
-0.000237681386892743
-0.00043798325956844
0.000170373581983706
-0.000278351782101861
-0.000168220916273476
0.000557447802518767
-0.00070921376117701
6.60644868258672e-05
-0.000448051214595217
0.00636719067821691
-0.000981084795666977
-0.000282877486244482
-0.000243527921345839
2.67660361789232e-05
0.000139622743683004
-0.000253392313258613
-0.000188961807975626
2.56970530968223e-05
-6.43365736843714e-06
1.6059755680083e-05
0.0932086574483947
-0.0362563257410685
-0.00194407904938067
-0.000567445399894057
0.000203877044481182
-5.52294449169557e-05
0.000927499860036429
-0.00123002577993144
0.000807035164477142
0.000255947544693294
-0.00032648687369038
-6.90395582302045e-05
0.00602820280051475
-0.00104176525036126
-0.000286447500420261
-0.000445502008953589
-0.000320970064781154
-0.00023643205040676
-5.59626512564129e-05
-0.000113634541453542
-0.000170521156653641
-7.12339687271937e-05
0.0993344436110408
-0.03993419641233
-0.00158460381263716
0.000549936174545404
-8.81216496855011e-05
-0.000389729003905158
0.000502112082946393
0.000450170796184562
0.000126754890350692
-0.00053727310265136
-0.000426301672484528
-0.000240240099608776
0.00683217254334573
-0.000976098786027548
-0.000283159454243006
1.63066769177868e-05
0.000127163949497147
-4.24726119927704e-05
-5.38733914255465e-05
-0.000141912470839733
9.37230821595835e-05
0.100306650436505
-0.0316822597313358
-0.00194081911309208
0.000654238206716504
-0.00130629791043806
-1.71621522838105e-05
-0.000417939325653473
-0.00118578313901449
4.1443959490171e-05
0.00018451390954639
-0.000332205133829878
-0.000268478628472504
0.00636391239602412
-0.000639459176637412
-0.00032874879970224
-0.000124684498400514
-0.000138384031661238
-0.000108391351669462
5.40017390150722e-05
-0.000216415667078603
0.0856274546059458
-0.0263302031497672
-0.000725045554538239
0.000210089729548916
-0.000450517900866211
0.00010839668752981
-0.000723974460412719
-1.26152546325921e-05
-9.720452820112e-05
-0.000165900232188337
-0.000317689936864394
-2.28420498457981e-05
0.00674914360771505
-0.000697850099228981
-0.000467458376936825
-3.9841215979485e-05
1.95292857815979e-05
7.86192456671909e-05
-5.78267293362864e-05
0.07062137516767
-0.0282267111909338
-0.000185460931405452
0.000182175054614356
-0.000115626993056706
0.000829121832710564
-4.31078311222114e-05
-7.0746773193806e-05
2.960036930517e-05
1.00519126115393e-05
-0.000346588709007551
-0.000172639383820658
0.00611254971697323
-0.00118686822275862
-0.000555904750948512
-2.27363041187334e-05
-8.65594476284324e-05
-0.000159672283836365
0.069542422154848
-0.0258871690610199
-0.000556716316180797
0.00052404282591985
-0.00104594054355455
-8.87595077316306e-05
6.30005194913304e-05
-5.04645525090134e-05
-5.57051304343764e-05
-0.00011494251330252
-0.000572428594582821
-0.000159165659805469
0.0060148863670749
-0.00114000378341377
-0.000266198657323669
-5.10969877891745e-05
-6.85438997969076e-05
0.0696290604125179
-0.0284517917695312
0.000758440938149578
0.000631776147972158
-0.000209358729057659
-0.000157745923809328
1.71612356212669e-05
9.68789318239411e-06
-0.000231668819152802
-4.13223406892958e-05
-0.000449366044809954
-0.000306561320795897
0.00616715406579247
-0.000881725157373226
-0.000166803377287814
-2.98343069180983e-05
0.071839484175327
-0.0268138721464501
0.00129822501383029
0.000178486077167323
5.03362244028688e-05
-9.0805157121981e-05
-9.0217905330983e-05
1.12143648171306e-05
7.38492390790303e-05
9.6684676500699e-05
-0.000280333814747814
-0.000182915353360186
0.00599753275231275
-0.00105028005145646
-9.37243619489923e-05
0.0653616799675796
-0.0257406989917489
7.05344125814253e-05
0.000212353626455914
5.7057901114456e-05
2.87306618929485e-05
-8.41304970399164e-05
0.000112674347097089
0.00017247905627953
0.000154605339327152
-1.9586507875474e-05
4.98187220406281e-05
0.00627881893988202
-0.000914633158198488
0.0712622303623874
-7.57828958875658e-05
-0.000198052717164577
4.17323115104468e-05
-1.86489154884253e-05
-8.75801192878517e-05
-0.00025955139523244
-6.58533302252868e-05
-0.000184085800035168
-5.10393156736298e-05
-0.000291589356793233
-1.78004832487913e-05
0.00664315420644433
0.0089856342156732
-0.00156210040875833
-0.000471404264529892
-0.000528787738784664
9.36348583888759e-06
-0.000182928213375073
-0.000139637196667075
-0.00022291789407469
-9.24845719540087e-05
-1.30729375417749e-06
-3.64833218197496e-05
-5.82241922939039e-05
0.00919643762261226
-0.00090209449764219
-0.000429092650023203
-0.000149382348971096
-6.37974325964401e-05
-0.000147702929677507
-2.43593625021615e-05
-5.2369344252337e-05
-4.74065795656049e-06
2.82728438154155e-05
4.58417763793673e-05
0.00826732869763762
-0.000960320704374472
-0.000275898102540761
-0.000364892122418553
-0.000197622971944693
-4.89809937520206e-05
-9.77784588468747e-05
-5.68579476038796e-06
-3.30501045533663e-05
7.62509508056417e-05
0.00940470551138774
-0.00129517402251211
-0.00037724824771853
-0.000136276873629365
-4.23683318952343e-05
-0.000109795064344987
-9.19860852875489e-05
-1.53591812300454e-05
3.2874456737206e-06
0.00884108448831119
-0.000994886016375345
-0.000399698366858986
-0.000284587220765997
-0.000114415029789523
-0.000169712884645952
-2.71419697376129e-05
-7.03286252159568e-05
0.00950945045870048
-0.000985415580655315
-0.000626061193492144
-0.000103465753187055
0.000146101088553179
-4.99410297933246e-05
-0.000135226066645907
0.00922270076610831
-0.0012980478117214
-0.000460836943653832
7.34944249541785e-05
-1.6450681010028e-05
6.0452015345723e-06
0.00871180206962066
-0.00116680701548037
-0.000305647598152829
3.39987371381028e-05
-8.10188689006915e-05
0.00861056411173313
-0.00102297282459362
-0.000109018570565502
3.03286557824816e-05
0.00894895863543797
-0.00113305456371914
-0.000212853973963923
0.00899778328182461
-0.00105562419157617
0.00976195389546056
