0.129059561893773
-0.0645887010254222
0.00117534079941926
0.000758525604766746
3.06649214197425e-06
-0.000610962130318467
0.00136779148627377
-0.000660711835551959
0.000524080173753051
-0.000565763818000125
-0.000350514495281575
0.000973655636220761
0.00273574089684178
-0.000568383752038323
-0.000275886601118711
0.000199601251077672
-0.000487352849731283
5.90299441993125e-05
-0.000207075613862665
-0.000167040389769283
1.3008387745497e-05
-0.000104640153249363
-0.000110780290333462
0.000266082798729946
0.17839770507184
-0.0803804492266284
0.00134919963570715
-0.000129323400511599
0.000321860358817081
-0.00180145141656467
0.000150262146420422
-3.66694279366342e-05
0.000440886317737857
0.000828827154105356
0.000149702482541794
-0.000221916224092023
0.00310462185414521
-0.000265099351430913
1.4573750059823e-05
0.000335109808419198
0.000145256942362847
-3.58382288475137e-05
-0.000289130689189136
0.000218232120438609
-5.66133430590339e-05
0.000163006535064878
-0.000131302158150164
0.207876169485371
-0.0928267732234981
-0.00355562481666309
0.000192515447721598
0.00103266505389832
0.00222234449157709
0.000653384152512038
-0.000516530800041566
0.000188140133203357
0.000544498662421118
-0.000687987452573849
-0.00013232917570063
0.00328013531809749
-0.000278800901430227
-0.000162998964396415
-0.000229030440480544
-3.91430730916458e-05
6.72040877411698e-05
-0.000172201948592558
-6.83083505688306e-05
-1.20446019544165e-05
0.000126536643022658
0.247449546123344
-0.0994655107120476
-0.00843425041641895
0.00182619848902628
-0.000365815286113702
0.000374903804826477
5.02293917749316e-05
0.000843652502907092
0.000375806942404685
0.000249698746895516
-0.000175432748490486
-0.000441033937991227
0.00304275060785415
-0.000369739452920488
8.35135718571913e-05
-2.95293564701831e-05
5.82411079397795e-05
-0.000225803632543969
-7.22871114924918e-05
-3.05536153434515e-05
-0.00018364483910234
0.240190575213221
-0.0702417521600768
-0.00497231495297341
-0.0011345784051491
-0.00294758411037274
-0.000220689355163121
0.000632065283660588
-0.00118262446963857
-0.000229332055673258
-0.000229746820359051
-0.000209906963984454
-0.000906044090036629
0.00309941683155861
9.20836676508193e-05
0.000504997454396268
0.000229295812641612
0.00010627625897524
-4.69946311471137e-05
0.00018884328576977
0.000388076566411181
0.187095838443016
-0.0490309725303713
-0.000266586964567291
0.0009842788505088
-0.00118796972647716
-0.00064073114939889
0.000450900858064548
-0.000285363656313044
9.32588809131752e-05
-0.000370789038194077
-0.000328092318073752
-0.000296166343697972
0.00366483436689857
-0.000380648323415498
6.6728990377064e-05
-4.48263743398791e-06
0.000128846684243773
3.8917958806097e-05
3.32962093776282e-05
0.140473408961195
-0.0517284627925972
-0.0020434085977798
-0.00103998336967788
0.00124800577562209
-0.00083755871165218
0.00018099632598199
0.000151577858529632
-1.80248944978866e-06
-0.000362059000612253
-0.000279448296134929
-0.000415353496774999
0.00434717553653953
-0.000879600309949348
2.03344459711928e-05
0.000168697471057782
-0.000112852106044676
-0.000185972888303583
0.128118978042836
-0.0434314028979475
-0.00176755503780984
-0.000213799572450816
9.8651356072486e-06
-0.000332299919776021
2.84745336183489e-05
3.45916442029262e-05
-8.44068667969564e-05
-3.38324403508816e-05
-0.000577502591127158
-0.000505639811448985
0.00406923197847431
-0.000825491494550945
-0.000115063687391564
-0.000116761547317457
4.44781182354088e-05
0.120348120690874
-0.0468353984243575
0.000279948166067773
-0.000141208613264031
5.87948935031439e-05
6.32723430814572e-05
-0.000132272662263437
8.68571462314342e-05
-0.000162108175097203
-0.000191119822385406
-0.00034572448459561
-0.000567359639206836
0.00399094238453016
-0.000830384670975581
1.1762362265851e-05
-2.47038244922179e-05
0.119240029891549
-0.0476385898014401
0.001254615958115
7.33725683832633e-05
9.18745141026059e-05
0.000121633834363963
-0.000174253802211388
0.00011692105753642
-3.4166171498072e-05
-0.000243226015764219
-0.000197686799739435
-0.000507794695581104
0.00387460784635363
-0.000723351408431465
-0.000121188237940035
0.110940273965443
-0.044268630433246
2.90609423970767e-05
-5.78535641731909e-05
-3.29400491278817e-05
0.000150517355322222
7.37354501219452e-05
0.000145670309781607
0.000209961751991848
9.24068325287482e-05
-0.000123913773622626
-7.71485742769736e-05
0.00465608700909661
-0.000884297225602843
0.121059622930328
-0.000193345821677817
2.30190270152434e-06
0.000107172368809251
-0.000161759076216388
3.75298519510203e-06
-0.000233262543235137
-0.000140244500778214
-4.75595818374753e-05
-0.000111025757460419
-0.00042905751639808
-0.000732379894059826
0.00500515059229639
0.00539264294618772
-0.00114538978029249
-0.000197549422237225
-2.08159327533591e-05
-6.83377909487006e-05
-7.15895119019998e-05
6.57191595997181e-05
-0.000111798285091315
2.3495785169678e-05
-2.78993484890694e-05
-1.75724570735814e-05
5.26346580580077e-05
0.00590631151117358
-0.00113115122497903
-0.000252036818305901
-0.000166253044301975
-0.000100139281101402
3.2146754472955e-05
-6.28166507870251e-05
-4.49353452318848e-06
-1.72409250846115e-05
1.70077068689506e-07
-1.03254282544748e-05
0.00619524929261999
-0.00121647673227912
-0.000204140122639865
-0.000149994261877467
-7.103114469249e-05
-1.61348405791385e-05
3.884581595111e-05
-4.78356077276619e-06
2.44088354871553e-05
-6.42365425564669e-06
0.00674895150224365
-0.00142791473367355
-0.000237522757614729
-0.000164004114480192
-3.0435484789591e-05
-4.39112193140723e-05
-4.68989513297454e-06
2.38713880523071e-05
-5.80330369462501e-06
0.00701573549098418
-0.0012680888020136
-0.000276125344397232
-6.6418396033613e-05
-0.000170986736832123
-3.23114088358807e-05
-6.86322752386367e-06
-1.91706829078721e-05
0.00779645964442544
-0.00142740986812193
-0.000473711064720805
-9.94310681167832e-05
-5.1087812313957e-05
-3.04928203139482e-05
-4.32411980118735e-05
0.0085510396448038
-0.00175136590173133
-0.00027422880640357
-2.38033934289399e-05
-3.51528790387682e-05
-2.15891516573442e-05
0.00770894987985305
-0.00143779690173548
-0.000152760373325474
-9.20403296319694e-06
1.97132430639409e-05
0.00712884135498349
-0.00138829430553382
-0.000129341215348109
-0.00011772151596862
0.00736966742790966
-0.0014271238233026
-0.000117121945447805
0.00764058599728749
-0.00142912218956063
0.00815140682250053
