0.110213656723504
-0.0510870935183397
0.00136731524555657
-0.00035524289455079
0.000661247042771748
0.000592402136576238
0.000333123739115243
-0.00023093786199219
2.59707833878608e-05
-0.000198126457455516
0.000470647273222048
-0.000336052636422408
0.00377339324752458
-0.000728302784785606
4.9653449345769e-06
-9.48850322324612e-06
3.18560418082083e-05
4.89883724374653e-05
-8.88766149240217e-05
-5.06939184843854e-05
-9.86539937039614e-05
7.71521991503783e-05
0.00028560332013765
-3.83673776730217e-05
0.140278638572461
-0.0621443811227223
0.00123895289404908
0.000131893480564159
-0.000132098256606592
0.000377911257503494
0.000363674821397839
-0.00131231363153969
0.000930502436097988
-3.17275681726707e-05
0.000477864177836519
-0.000140736788552805
0.00371159503966195
-0.000608322034892566
-3.13352096425666e-05
9.42793440750917e-05
1.3186155922726e-05
0.000111576106761196
-0.000224651811030881
8.52559106259513e-05
6.21976150680689e-05
-0.000263953801961683
5.69093825781638e-05
0.156728836087947
-0.065863544069993
-0.00345172161013156
7.16608024210705e-05
-0.000133019054517306
0.000972684029180928
0.00132119339766612
-0.000911334792766568
0.000246765554440492
0.000202088599172983
-0.000323503901595466
-6.44106772406967e-05
0.00383872928930238
-0.000364972920894526
-0.000154940841043411
-0.000114979373526595
-8.93840033499472e-05
1.75190448748009e-05
-8.17193256862757e-05
-1.57069293219076e-05
8.7060663697866e-05
3.7173493581543e-05
0.175227130206558
-0.0705595937135074
-0.00419422722636778
0.000754108477213876
-5.26148984229297e-05
-0.000636407290775596
0.00118967936494121
0.000191394601462334
0.000176091830617018
-0.000125463753016829
-0.00013305970715696
-0.000320734681551197
0.00393483408318742
-0.000450253973226569
-0.000391505661098186
6.41526080328402e-05
-9.89272531943489e-05
-0.00011548997899439
-3.04540408297899e-05
-0.000103899546646437
5.72730051856173e-05
0.17723824875213
-0.0547909144668089
-0.00269897504894032
-0.00061263490901559
-0.00143411452814212
-0.000610734156849508
-0.00023512633831718
-0.000459349579474279
6.95968799809573e-05
9.41153139066759e-05
-0.000289073087436404
-0.000470155769946561
0.00353476899928819
-0.000242917641117205
-8.37737264664533e-05
6.36594969146181e-05
-0.000180419363861179
-2.05477523610822e-05
-3.96383166024514e-05
-1.01215157130568e-05
0.139182410439627
-0.0408565898011628
-0.00128852299091568
0.000499453258808866
-0.000952544973703065
-0.000380263201276088
-0.000104362052166602
7.93494850550459e-05
-2.05474991308682e-05
-0.000266966130901304
-0.000239904488909427
-0.000156611573243359
0.00430029025789982
-0.000484862065390397
-0.000314817490136615
0.000100451088460564
-0.000104141635149959
-0.000172793794103254
-0.000258051273141419
0.109901080305339
-0.0424663390455903
-0.00152949667407915
0.000719594367714061
0.000414799477011732
0.000462246024359511
9.53270289743411e-05
-1.47410936707285e-05
-0.000132665809541359
-0.00019164555867003
-0.000195280483074079
-0.000240611343149986
0.00416956395993717
-0.000990762217205047
-0.000339873881042378
6.37706851313037e-05
-4.04366403566043e-05
3.65199741139921e-06
0.104737181904814
-0.0391913609485846
-0.0012109148810881
0.000413241336143303
-0.000632435251179024
-0.000134105243929325
4.93302257565705e-05
0.000159950953367771
1.39644728157555e-05
-3.33756146225439e-05
-0.000371507081369485
-0.000470279816175658
0.004130332653846
-0.00082915514456955
-6.6854405707022e-05
-5.22671319061831e-05
8.37185189776469e-05
0.104030679011076
-0.04338630986991
0.000588333376360484
0.000536987009334384
-0.000216893516997981
-7.72162507993879e-05
-6.33090174003001e-05
-3.21474730780988e-05
-5.9736548776868e-05
-0.000348034140031551
-0.00040856111685347
-0.000410124875909385
0.00409094392956493
-0.000814834260426719
-0.000159414987176555
3.32495429947423e-06
0.105923531348301
-0.041052096981337
0.00138447858568604
8.50491539073637e-05
-9.40859537982052e-05
-2.55368390702636e-05
-6.74746917315278e-05
0.000160940004935957
2.58513262378096e-05
-2.36015076913042e-05
-0.00010400392563882
-0.000321495455070411
0.00410716744489295
-0.000876162944798912
3.61602994106426e-05
0.095459987131009
-0.0393165725451048
2.80741297358244e-05
0.000198805480509002
0.000265771929978464
3.35454062139018e-05
-2.71006896984781e-05
0.00015480919692629
0.000146754469962447
0.000120250655041572
-8.62968310856312e-05
-0.000136543962972492
0.00457518835492559
-0.000924177467887911
0.103798142573339
-0.00013668326584238
-4.18813614022906e-05
-0.000131903217493101
4.35288276242563e-05
-1.08256084052131e-06
-0.000180109963771836
-0.000118062674806996
-8.21775962914985e-05
-0.000126936018301618
-0.00030249854546483
-0.000526568398612926
0.00478266618999456
0.00641862266038756
-0.00123735583686097
-0.000206920488362147
-0.000185872002274462
-7.93592113031824e-05
-6.86430265053398e-05
-2.55169071473965e-05
-4.95184864855e-05
-9.45719935137144e-05
-5.43839523020166e-05
-8.21676881834032e-06
-0.000105805387958251
0.00682857958771118
-0.000987852945157314
-0.000242151522140965
-0.000142674525686865
-5.15894660325715e-05
-2.824611844349e-05
-7.19149063366016e-05
-7.75257573110674e-06
-2.2977121647563e-05
-2.95757851532578e-05
5.79069940692251e-05
0.00649128097455067
-0.000881126518187469
-0.000243026047362835
-0.000213687241916496
-0.00012646362611137
2.06481431766741e-05
-1.23243267802063e-05
3.49622341537654e-05
8.50782884593938e-05
-2.00404102579492e-06
0.00699669216922771
-0.00114643213846376
-0.000336501908672807
-7.92851512689883e-05
-6.08460972643807e-05
-6.77861999777834e-05
-1.92040584102615e-05
4.32714531273165e-05
1.3231858397326e-05
0.00690376389160646
-0.00100604570859891
-0.000245596186219054
-7.24010055033311e-05
-0.000106651747707772
-3.26380579031063e-05
-1.30246020394387e-05
2.35276231312229e-05
0.00759713391231151
-0.00113245988634973
-0.000480137653852591
-0.000101298286534614
3.99468915661986e-06
-4.25996940555119e-05
-8.64673717329332e-05
0.00784924413045434
-0.00160810477370973
-0.00039624891283979
4.40001277891764e-06
-3.64417976538961e-05
-3.07223082819007e-05
0.00734538252275639
-0.00122600536669395
-0.000170744093480176
2.85619700360994e-05
1.85798468941697e-05
0.00691276918798062
-0.00117511809020863
-0.000131041266026695
-7.1560665872172e-05
0.00720164295485576
-0.00129126581944907
-5.74891737852572e-05
0.00749148069277938
-0.00129009767657946
0.00797902134751839
