0.10926860011692
-0.0488053629361159
0.000454103191101352
-0.0013805384100311
0.00105592674276117
-0.000417769579696492
0.000156434313632393
0.000264796983246258
-0.000801540066209261
-0.000502490904075402
0.000809111606691249
-0.00215153473431991
0.00577390797751801
-0.000854154830429159
5.37169624773489e-05
-0.000269438396007051
6.07875442060559e-05
-3.45626542098735e-05
-0.000152595921349634
-1.64432254405541e-05
-0.000266533697609318
-0.000141008969964076
0.00013702735810153
-0.000156776565330795
0.131305525636391
-0.0525521953751566
0.000453258621670716
-0.00147643845873927
0.000301623065412401
-0.00038999777201937
0.000496027335560528
-0.00131826646809477
6.80641188183604e-05
-0.000299327226039707
0.000453302879628937
-0.000376026166149898
0.00611459197381421
-0.00124193132217616
-3.10235776219258e-05
-1.9486270652052e-05
-0.000131357743252395
9.82012377480796e-05
-0.000174918858509768
-4.8275365344632e-05
-0.000316652252133738
9.1978580931771e-05
-0.000271914795682354
0.139734923086441
-0.0544720038271121
-0.00370942076035699
-0.00158914752466337
0.00105786759598024
-0.000569403108147606
0.00179533019705716
0.000393124687951564
7.84936979524528e-05
-0.000367434208315256
-0.000191427331632808
-0.000235940718984429
0.00633794382183877
-0.000901708291345088
-0.000337850575738312
-0.000497676701827169
-0.00016768706361107
-0.000186209479650695
-0.000304700736307888
-3.22699648068246e-05
-0.000246533561977101
-0.000269473540335694
0.155630056571838
-0.0599755762793353
-0.0048816167975506
0.00163525496957442
-0.000724303894332737
0.000618581415450647
0.000499985296863981
-0.000209664438725874
0.00256961512699429
-0.000233466792506981
-4.66493118377472e-05
-0.000482078402019204
0.00622115401271363
-0.00109388980172576
-0.000547381644703551
-1.22339284186081e-06
-0.000157469417755626
0.000239218316599451
-0.000144562131443058
-0.000162348541714923
0.00014096414317941
0.157571134324182
-0.0472980929613246
-0.0027865391522841
0.00176624629434585
-0.00304133896784335
-0.000520316860548375
0.00030566291715252
-0.00286274843528856
0.000494696064805064
-0.000146137172372272
-0.000175149825866807
-0.000430118772164878
0.00661790396809741
-0.000569928705172181
-0.000108548301451812
2.84090183005234e-05
-0.000542473311878609
-6.13817082568219e-06
7.1399990634665e-05
-0.000680849252578636
0.133863798383846
-0.0376385204325655
-0.00190715334197622
0.00044326800315061
-0.0019316713191051
0.000468389271566119
-0.00124767870170097
-0.000356526195711204
-3.75659080132496e-05
-0.000546233455989715
-0.000399872802663021
-0.000393036178530539
0.00755674323719388
-0.000804798884392696
-0.000936737605281638
-4.67620045931283e-05
-0.000125582624897267
1.37750980372419e-05
-0.000516402312446594
0.103366799457975
-0.0389481131276989
-0.00103152255148796
0.00108504848390648
4.12520683634202e-05
0.00162174515720669
6.02811544344585e-05
2.15196665542498e-05
9.9742339080002e-05
-0.000145295373112074
-0.000526987847109614
-0.000349479026274347
0.00752108515315217
-0.00172551066258732
-0.000508512824860187
0.000110988547648326
-0.000203335464189211
0.000195425732606449
0.100835633536326
-0.035782428328342
-0.00161376374466124
0.000223552407964688
-0.00126089826355969
0.000182105874197811
0.000234186015762206
2.44321985634196e-05
-3.83139209958524e-05
9.30923297310882e-05
-0.000950366450614971
-0.00109426021509409
0.00765527349690082
-0.00163060734673837
-0.000425259804133407
-4.14380154671951e-05
-6.49415107050295e-05
0.101212272753057
-0.0400539912505967
0.00176985035812143
0.000659245669338564
-0.000297649733164307
1.48327036352778e-05
7.58901727471128e-05
-0.000173171676687905
-0.000283175990767825
-0.000516350807770298
-0.000492242390030138
-0.000717769633909035
0.00761992396184087
-0.00131762967114233
-0.000305110514226501
-0.000302069834140444
0.108371457071365
-0.0409770111441738
0.00287101988523465
0.000202820721314417
-0.000168529248728761
-1.24111488417498e-05
-7.60602669064931e-05
0.000170170151140693
5.6817065418177e-05
-0.00015813598467957
-0.000621124101319832
-0.000780237163451384
0.00737459120401636
-0.0014569807714885
3.10823931926385e-05
0.097382808386782
-0.0357778199040384
0.000229476634978644
2.57722625451163e-05
0.00012897109475663
0.000253788927952561
3.52000620873268e-05
0.000264137855384895
6.99615560376167e-05
0.000407810567060543
-0.000212634657489313
-0.000393626393787343
0.00785113256711812
-0.00121785829024897
0.105809630108297
-0.000286342599829687
-0.000108821000670105
-5.68178446502883e-05
4.75116447526821e-05
-0.000490495536156742
-0.000413055700393199
1.88469987764484e-05
-0.000445110374030508
0.000119844147916199
-0.000552197354758782
-0.000959066656761081
0.00828071247607582
0.00917434723839977
-0.00158253422046325
-0.000206231413382987
-0.000145768453810023
-5.135775177614e-05
3.97090022984416e-06
0.000127523111325709
-7.4618697032117e-05
-0.000128381219159293
-4.82610429071884e-05
4.49794769477832e-05
-8.38012885289263e-05
0.0101796510209989
-0.00131694471588028
-0.000352326936797556
-0.000177966719696182
-0.000125893854478976
-3.12355331524987e-05
-6.67371281973164e-05
-5.86901237177771e-05
-6.73689925612327e-05
-5.83021431689189e-05
-9.14252654455759e-06
0.00983557804926518
-0.00132504779782761
-0.00035335114452933
-0.000200774252227477
-7.12834704232189e-05
2.4695566952361e-05
-6.19115471740778e-05
7.9049519465218e-05
6.69471622452416e-05
2.79032415641502e-05
0.0104793629231751
-0.00158361036700491
-0.000540898010085457
-0.00015021459206008
-4.93254527943967e-05
-0.000174384722600651
-1.22130060799609e-05
8.14131870203094e-05
1.03530140048114e-06
0.0108027664553266
-0.00143367705139961
-0.0004966681807508
-0.000207173137576633
-0.000152105696782401
3.75417480771507e-06
-1.48816366687284e-05
-0.00012374864330323
0.0121398418397088
-0.0015762891349453
-0.000976351118986973
-0.000278969746851782
-6.26765915501152e-05
2.94189994575841e-05
-0.000247413208576306
0.0120553827957751
-0.00209203529132094
-0.000669445040716678
-7.80907949687951e-05
-0.000183157703521292
2.098682685869e-05
0.0117624474419905
-0.00177632833533469
-0.000463622995302835
2.90156877783175e-05
-9.93145131744959e-05
0.0114451683538294
-0.00166572891043798
-0.000264263364008188
-0.000131498440385121
0.0116580876214305
-0.00166924874063962
-0.000315633823635725
0.0117019569545489
-0.00155183453807574
0.0123775808927541
