0.109651887337723
-0.0520914354218379
0.000271900480836353
0.000386597666627342
0.000866579080865177
-0.000442240336838816
6.31759438282789e-05
-0.000407066213131101
0.000416340099990179
-0.000418226943178346
0.000632045934065563
-0.00187833314877494
0.00280166359313968
-0.000735089845530188
8.70290277264163e-05
-2.16366772045742e-05
-0.000129082588456196
-7.48577984564607e-05
8.89560443079515e-05
-4.67224713410806e-05
-5.54975863849189e-05
-6.00991128024362e-05
0.000141047096618316
-6.50016022186266e-05
0.136298414840891
-0.0600269841288547
0.000680228112002724
-0.000186594955810678
0.00071402028579724
0.000324775413214742
0.000964747035706847
-0.00120360823642772
0.000135512580373214
0.000239583961710895
0.000414312855472971
-0.000268320567518221
0.00272856632154974
-0.000620520661806195
4.17464512335997e-05
0.000273269206934959
1.2377489029575e-05
-1.59906462776173e-05
0.000160255521562612
-4.2811395729972e-05
-4.02971787049731e-05
0.000188048888487224
-4.29849261351398e-05
0.150242573677876
-0.0638178028895347
-0.00233890211803015
-0.000226599467668215
0.00020111108324735
0.00024941966199722
5.37784315103962e-05
0.000513296687084146
-0.000325542225968115
7.36017983654023e-05
-0.000249599414624515
-0.000314256796068886
0.00284386360969543
-0.000453380076084234
-7.85110184634608e-05
-0.000228924604780964
-0.000121079780896738
-0.000213004642027958
3.1286552441919e-06
0.000105648546224411
-0.000117146196877212
-0.000192140390831114
0.164083662514396
-0.0684414692482107
-0.00352539830165293
0.00136283856424246
0.000394320032947162
0.000114892086396986
0.000188776912803611
0.0010547239517402
0.00121253371799922
-9.87314038450391e-06
-0.000250703787715868
-5.73714339653189e-05
0.00284269459437027
-0.000611626050277866
-0.000335656409597583
0.000112242102137658
-0.000197072439730758
1.6858303224352e-05
-0.000118621758888421
0.000100232543792834
0.000188462850780486
0.169710182777799
-0.0556856426269203
-0.00202363723987308
0.000788566421194848
-0.00210646181776094
-0.000589720465517128
0.000559917781756403
-0.00248017943149327
1.33441991191776e-05
0.000101597244145371
-0.000154513136395236
-0.000249637432168687
0.00326000630163851
-0.000346017320576815
0.000112215245224437
1.74284035058288e-05
0.000160486236568657
-0.000115832153357099
0.000299036302271089
1.06672405547534e-06
0.137265499350065
-0.0433876905799517
-0.000898420455877062
0.000614741908384217
8.81864582681924e-06
-0.000577559165014431
-0.00095719546425122
-3.38709165626364e-05
0.000227769699916041
-0.000134215880993565
-0.000167876150963021
-0.000311755915658986
0.00344609531353792
-0.0004292709013754
-0.000191945565012999
0.000152981187772082
-8.20106260296426e-05
-6.28036335486561e-05
6.57838269920493e-05
0.110868612053676
-0.0442489274663442
-0.00103182014130255
0.00026308418475441
0.00015461283638
0.00106950646623255
0.000159678417857744
-5.00966246862786e-05
-1.70734028260653e-05
-0.000127047805527126
-0.00018918065947166
-0.00037690231984968
0.00341196298787761
-0.000922775031054364
-0.000171791260630835
-2.87850645424979e-05
-6.84167935449933e-05
8.09081575971656e-05
0.104757129459663
-0.0393037053850135
-0.000892601067693307
-0.000148116217604291
-0.000660024448756037
-9.50220287851179e-05
8.89224282186372e-05
7.3738313937106e-05
6.70702298771217e-05
-0.000135213309929627
-0.000332604368037568
-0.000618468024082259
0.00336258075205802
-0.000628939803275223
8.72666660322382e-05
-4.7209763861379e-05
0.000138353782084797
0.10242750000509
-0.0421046468372437
0.00104529941367232
0.00116961484925592
-0.000257617151406936
0.000106023753403008
-0.000203277019857502
7.96685684815562e-05
-2.30136256870229e-05
-0.000483641559478756
-0.000258604674369893
-0.000552555797760823
0.0032792695963824
-0.000814508189380924
-6.72556436980174e-05
-1.00086354299237e-05
0.1031912062362
-0.0408822301735572
0.00147656730804804
0.000209113449578009
0.00016961641199889
-6.4118984079906e-05
-3.74994767403382e-05
0.000130340350338103
2.0402692909591e-06
6.07836742992929e-05
-0.000131345350743486
-0.000281603149295996
0.00329102736836688
-0.000847466311442301
-0.00025977909066365
0.0953317861086321
-0.0377244790857068
-0.000174261988061556
1.69644392280041e-05
0.000293933393398651
0.000158502582791013
5.6018234620213e-05
0.000251605858541403
7.96057794575778e-05
6.63264141767051e-05
-0.000279131999364093
-0.000155467457471633
0.00362676634404523
-0.000627419140545152
0.105938984989202
7.62071058457641e-05
-5.49963955763499e-05
-0.000131040512663198
-0.000137114887004723
2.01391848593699e-05
-0.000275209644271589
-0.000175522018373257
-8.12753077950976e-05
0.000157454433367246
-0.000490309713565676
-0.00064104638712
0.00393391035213346
0.00520451875189167
-0.00111184505684883
-0.000242653501944138
-0.000146018048697683
-5.54837666131998e-05
-4.18561164886535e-05
5.67671837952891e-05
-5.56409198226936e-05
-6.45265633677454e-05
-1.95868483189289e-05
1.07512806151019e-05
-2.35085394113084e-06
0.0055167622502551
-0.000962438600385609
-0.000242184459821602
-0.000177472387913849
-9.67847929396804e-05
-5.03016506608552e-05
-1.90621038039154e-05
-3.90097512308006e-05
-2.73402565429858e-05
4.16552210380606e-05
3.67444217727617e-05
0.00557307452905248
-0.000891958574476567
-0.000205337428513111
-0.000181456136935766
-4.95425321776955e-05
-6.49660585974032e-05
-8.24034863116441e-06
-1.16743805545996e-05
8.83224815624344e-06
-2.39802292357527e-05
0.00604487621980497
-0.001130908966708
-0.000303996823544911
-0.00010649351507473
-2.12060609120659e-05
-1.88690433180203e-05
-3.27087666995357e-05
7.10953653117301e-06
5.8130794033178e-07
0.00606496215728728
-0.000960018597631289
-0.000254223294729858
-4.2667861851467e-05
-6.55537386887267e-05
-5.73135017899616e-05
1.77425803752363e-05
-3.69509229752191e-05
0.00671114175036852
-0.00115398543205917
-0.000390326723735017
-0.000197607019706672
-2.31507577565895e-05
-4.72031188235249e-05
-7.27406508182645e-05
0.00709685995493536
-0.00155323018165646
-0.00029798370109278
-5.49455907030707e-05
-8.8474098058258e-05
-3.4122900649122e-05
0.00657556941663852
-0.00120313436864757
-0.000181300069554122
1.44489157061849e-05
6.10763034529986e-05
0.00609925458429483
-0.00111774920231828
-0.000132900876101566
-4.44737510590878e-05
0.00610443977418783
-0.00118165124892876
-0.000188311191260869
0.006386028670033
-0.00118581983225427
0.00672316811886485
