0.11942191822122
-0.0538938036437427
0.000817610075885619
-0.00156579386073535
0.00222006283297191
0.000517992684535632
6.5996610123004e-06
-3.05045789416096e-05
-0.000615995956836912
-0.000648576210090029
0.00116117655262781
-0.00194004758128946
0.00224313773513162
-0.000531647298772583
0.00017349552402472
2.17402358799367e-05
0.000270633541054995
0.000194462865764939
0.000284016900814958
0.000102629525780892
-4.82547208087918e-05
3.46314274280883e-05
0.000132070099558627
-0.000107312888190799
0.148840496446843
-0.0657770553354129
0.00139469767956223
-0.000118315430655419
0.000258563881229597
-2.12309478965836e-05
0.000837184885129435
-0.000605299001706267
-0.000761215416888317
0.000222681316142126
-0.000458963372364482
7.7842286971758e-05
0.00245130354046274
-0.000648913591506977
0.000120149451584352
-0.000175407972055499
0.000134646107637765
8.55084762836259e-05
-3.78657330323936e-05
-0.000120799753700803
-7.83414121537731e-05
0.000155178476407918
9.80871642918578e-05
0.168002160014308
-0.0697240587866551
-0.00411753251231826
0.00038382459610821
0.000209554106158221
-6.78203145231777e-05
0.000861646386243844
0.000693756426188529
-2.94252731458574e-05
0.00125820403496375
-3.45070723135447e-05
-7.02500505652068e-05
0.00237393857894112
-0.000689104617539436
0.000121198861816553
-0.000232248875145075
7.73787739580215e-05
-3.62959972418084e-05
0.000160253399851799
-5.43343186007375e-05
0.000115920481523723
-4.54078205064663e-05
0.193591754081843
-0.077585095005174
-0.00689918445920621
0.00227939012544629
0.000882250620089393
-0.00076904272772306
0.00055563749337531
0.000923325108314018
0.00139101088262905
-0.000370939821415648
0.000118168610190304
0.00015690316111907
0.00259167403240413
-0.00108329895260579
-0.000395142444667428
0.000332193360451519
-0.00016094105660566
0.000111411279351917
0.00022915382191558
-5.95655580156836e-05
0.00051677998058368
0.19906185400924
-0.0616504257739474
-0.00375997364706314
0.00153454979151767
-0.00191888255041462
-0.000931664977538499
0.000144753841457134
-0.00389717557549815
0.000303599504550151
0.000126701152481325
-0.000106283207464436
0.000213579572647813
0.00297354126933939
-7.62191115355815e-05
0.000260700839073466
0.000302801960476353
5.25729216614862e-06
-7.73275491333253e-05
0.000145577220790191
-0.000412214709458283
0.169722463139871
-0.0548755651871078
-0.00210480237395078
0.000454171719455197
-0.000322812752675985
-0.000713696341619479
-0.00276522762876999
1.09725888694016e-06
7.65202156716178e-05
-0.000185719361142012
-0.000235251826954426
0.000520220803284424
0.00297407781853555
-0.000513100386699928
0.000292274839846798
1.29325581149175e-05
-0.000183886074129335
3.27417720695549e-05
-0.000391478006002936
0.140628432210635
-0.0554803873438297
3.16287598401346e-05
9.01732150937404e-05
0.00139285525865461
0.00207905659871707
0.000127912345715337
-0.000181399382046331
-5.28971589219885e-05
-7.1111282930516e-05
-0.00036905248647761
3.61341848774438e-05
0.00287426779519949
-0.00129805171910448
-5.09509730179982e-05
0.000280391704891388
-1.18212461874914e-05
0.000235457265608653
0.134191014736368
-0.0504588360776141
-0.000268046392064529
0.000961807549312356
-0.000930150123516445
7.88069617243134e-05
0.000246987040801391
0.000148533453823954
3.78924323576932e-05
4.67814601649937e-05
-6.67351503539511e-05
-0.000168337271427026
0.00295725562965739
-0.000918987944685465
-4.67369541320383e-05
0.000133055769412634
4.43437730662216e-05
0.132737352343876
-0.0498900603460534
-0.000263926194524845
0.00193951893344065
2.73965067460361e-05
-5.28009377761686e-05
-4.2757729723213e-06
-4.14954228961515e-05
-0.000191316584144158
-0.000482785860827295
-0.00013830173952833
-0.000394177464630646
0.00260943868376073
-0.000917511930968818
-0.000128684456257387
1.9647689375749e-05
0.136426851510125
-0.0525925382985199
0.00390157461062078
0.000159334943818245
-0.000181746395763492
0.000133098166348513
0.00010167588009737
4.8069302926446e-05
9.18786814537608e-05
0.000298573492574901
4.50844414838388e-05
0.000285931921372252
0.00274058755183388
-0.000995590774603206
-5.6446827517004e-05
0.131039101299426
-0.0519984340501011
0.000104767642161431
0.000202796213229611
0.000215783283879288
0.000154081389674558
3.25951886674461e-05
0.00010710778150775
0.000461073201548607
0.00015479892147865
-0.000170387102830171
0.000485756153612332
0.00320462009948137
-0.000573985124014925
0.157037018019047
0.000102554912950261
-0.000152762861229589
-0.000229506284380445
-0.000224623890625961
-0.000259364833566037
-0.000411374475245411
-4.32104080120887e-05
-0.000457887523191099
0.000230083874564395
-0.000396908696935837
-0.000453973094901965
0.00386846853872272
0.00660157958220338
-0.00136065696294334
-0.000155348154141902
-5.31326458624454e-05
-9.19639130404284e-05
-1.11229566987156e-05
1.63182125730831e-05
1.4329647703597e-05
-5.18698051924034e-05
-8.10651985677305e-05
2.09889363937143e-05
-2.30143156619373e-05
0.00717639569981047
-0.00105922650292061
-0.000149154452975486
-0.000145818284700969
-2.73611785466396e-05
9.16106918090686e-05
-3.8007396623022e-05
-2.40207132387741e-05
4.72264536017918e-05
4.15455787137869e-05
1.22451182855029e-05
0.00681511105273287
-0.00118938880465204
-0.000174148217593922
-0.000215090945836103
2.85024558375391e-05
1.54205332968148e-05
-2.63221472116561e-05
7.08116561608677e-05
7.62847167536202e-05
4.8726124820902e-05
0.00756000409934363
-0.00146290351568701
-0.000320356885014687
2.46154133293208e-05
-2.88378792533938e-05
-2.85980490954639e-05
-4.08364863295762e-06
2.37276539486469e-05
8.70652853273096e-05
0.00772104622221887
-0.00132595889238337
-0.000183546299527209
-1.64261451621807e-05
-0.000106927883371532
-3.98193183332362e-05
-1.14047918055292e-06
-9.20925388566857e-05
0.00837814289553466
-0.0017032535102267
-0.00026607459482036
-4.20429926372301e-05
-3.24540485405527e-05
-5.25035282786758e-05
-0.000118009189899837
0.00986167259219081
-0.00186736749410995
-0.000272377947985176
0.000153470872201434
7.63946796605628e-05
0.000135409297622252
0.00845520499039631
-0.00171398315792275
-8.10630611611599e-05
-1.48315385594381e-07
4.26532113596024e-05
0.00796680253167559
-0.00157203496499933
-7.40708553948437e-05
5.51151629073647e-06
0.00820660957379594
-0.00163744140819815
-8.96104454187912e-06
0.00837047899069289
-0.00153821595986729
0.00903237839789762
