0.156939771986734
-0.073981338173244
0.000978195690968339
-2.36107205601899e-05
-0.000692610586869882
-0.000161526843938676
0.00059013259584302
-0.000119315997527208
-0.000139663088341031
0.000803169391455242
-0.000319150172468541
-0.000864174597016586
0.00226542943165526
-0.000396254583440445
-0.000344047375388802
-0.000113910421402569
-0.000236200011906708
0.000383265889983279
0.000319960002151861
-0.000201575439092407
-0.000308176260615514
0.000270582717751616
0.000556579873323059
0.000426669040451979
0.222019426543304
-0.0969025937752344
-0.000880591293004779
0.000678898421321986
0.0015659354347114
0.000289637046423351
0.000899082761744781
-0.000567308288398356
-0.000740517271709833
0.000474757085427934
0.000593223355314708
3.69688056223019e-05
0.00277874119226532
-0.00102676986997646
0.000176563103894353
-8.44431006878527e-05
9.73256066483374e-05
-0.000652086555770344
1.63781479580529e-05
6.02622715280949e-05
-0.000415822049343633
-0.000395107669046765
-0.000284615784069774
0.277130280740599
-0.118794254346845
-0.0111505320624585
0.00340055409478007
-0.000601457525166416
0.00344545039397535
0.00125253236343527
0.000665312283992649
0.00020496975589927
0.00205963085875165
-0.000698706107660052
-0.00032519385059483
0.00290396668406023
-0.000136187513269645
0.000409657141313631
0.000275530882288549
-0.00017958825209092
-3.82205429851767e-05
-0.000189677011622235
-0.000154433480129975
0.00016180744241123
9.44622752046732e-05
0.345361640117771
-0.132248080518941
-0.012595093181529
0.000201360229981386
-0.000174196858143156
-0.00106255647696408
-0.000572228930942234
0.00326525822735372
-0.000789790667703505
0.000215539315151773
-0.000304659244217034
0.000530358716841444
0.00297098185364025
-0.000409873969729557
-0.00020282921518453
0.000281718327067401
-0.000325620866086675
-0.0003711198027452
0.000994533189210602
-0.000577992858047537
0.000106313019817543
0.351900968665293
-0.0840982541022831
-0.00861838010026152
-0.00148303261767928
-0.00230789968133601
-0.00144089306840877
0.000969126696488662
-0.00268942095571193
-7.71372436107492e-05
-0.000228163669988437
-0.000802963184415611
-0.000556455878936815
0.00312868987240695
-0.000264588347165448
0.00157118993533114
0.000336493107961647
0.000276733378851058
-0.000396916894671804
0.000174462940437003
-0.00018209360536833
0.256948439346343
-0.0561460180814073
-0.00162836873830161
-0.000399061593457365
-0.000766914600704128
-0.00165260215072611
0.000115800213622445
0.000136771339945461
0.000406619782102258
-0.000198591590633017
-0.000315460639892963
-0.000478249615982212
0.00342551132002296
-3.19445955094758e-05
0.000190041269575315
0.000301625679014051
-6.91304669321637e-05
1.27828905904189e-05
-0.000477376334547936
0.173086380023226
-0.0576998498392189
-0.00353534049137277
0.000424664240128809
0.00133858798871572
-0.000335097222203261
0.000105941578152069
0.000155995943912584
0.000284766878184724
0.000206400547587753
1.89517390386543e-05
-0.000261920472982705
0.00496731291264861
-0.00123783130666959
0.000203472283657108
0.000444080560902224
2.66310553340313e-05
0.000339219791799297
0.159436974978439
-0.0526179854625849
-0.00261398648225421
0.00133498695360761
-0.00160610306241754
-0.000289204629450149
-1.0295264398162e-05
-9.59156439669031e-05
-0.00022968035797141
-0.000346098090094807
-0.000307209649485706
-0.000184121721690521
0.00412135238138705
-0.0012968228366705
2.87750610376743e-05
-4.0307256092783e-05
-8.85651263807934e-05
0.1449851290362
-0.0514133540384314
-0.000704659125993637
0.000384146846389299
-3.37739247222684e-05
-0.000412863823028127
0.000393483238070237
-0.000288812633885079
-7.12571254743155e-05
-0.000303393134281101
-0.000558590401952547
-0.000151387535777118
0.0041847560424425
-0.000847919509216034
-0.000203622265230287
0.000145989135728134
0.141243891438112
-0.0541797979314035
0.00197121832254546
-0.000134548617365145
-0.000108208595923649
0.000147593326668534
-0.000338509850507911
-8.9231644847887e-05
0.00011180596467492
-0.000736366917509346
-9.13003618766409e-05
-6.94518688426248e-05
0.00440313750140993
-0.00040923143718783
-0.000136139573386158
0.131505452773982
-0.0525158436387797
0.000425431690350773
-4.30446871685013e-05
0.000495154649236752
-0.000321013484328322
-0.000368104298089021
0.000473192891322543
0.000452782849681803
0.000136622275442036
-0.000291605076330568
0.000353836664747341
0.00505870098677589
-0.000955326664236359
0.151281289560214
-0.00028995263351101
0.000214626926946752
-0.00019887032345143
0.000246772127611654
0.000202123251271963
-0.00074458341879342
-0.000492954827684892
-0.000210284685515912
-0.000312643767147202
-0.000220552448973391
-0.000398019945924442
0.00563954104841731
0.00714417976211262
-0.0016238674189724
-0.000155403270119355
-1.73924889119349e-05
-9.36474475505861e-05
-3.11230138534027e-05
3.37743614482255e-05
-1.38583444824648e-05
-4.95587410262895e-05
-4.854952592172e-05
0.000357056418044488
2.3525633062722e-05
0.0074407763901174
-0.00163750712639831
-0.000199380956777696
-0.00033633909471794
-0.000108820239397028
8.34481711040017e-05
-0.000151251527317105
3.11041462471436e-05
-2.17659057718547e-05
9.17356371288467e-06
8.97088184072533e-05
0.00794817161748364
-0.00147245000772037
-0.000430560388788125
-0.000402296553520626
-8.13762171585685e-05
7.83616327059587e-05
-1.19538315929825e-05
9.46256249157961e-05
-3.41520975672917e-05
3.65328571460179e-07
0.00925834435762772
-0.00208195650027102
-0.00059769381189957
9.68352261132166e-05
-0.000184757752730703
-9.73260527887436e-05
-6.32683494227993e-06
4.45252731374197e-06
0.000141542747662139
0.0100698146473237
-0.00219242700942612
-0.000349593552580292
2.48236069844414e-05
-0.000221103270962309
-8.64447484167112e-06
-6.19007781684333e-05
1.23408490442648e-06
0.0110748557337072
-0.00238558524189772
-0.000305864448406622
-0.000142234191992464
-9.11234120688654e-05
-4.12811918975573e-05
-0.000213172117112373
0.0132418109090137
-0.00262468631652215
-0.000251563551910125
3.14954337289561e-05
4.86280679329291e-05
0.000229700639598654
0.0110724504236275
-0.00208349113764109
-0.00015927608774203
-3.32705059613375e-05
6.50127135400118e-05
0.00994119494762261
-0.00186269672163365
-0.000111874446345063
-0.000172323816472787
0.0101979004061294
-0.00201328605300802
4.66890355373433e-06
0.010599891327547
-0.00190932057188778
0.0112490490981771
