0.130197544106038
-0.0583202782978787
0.000457682552646999
-0.00156453527432159
0.00380371696490232
0.000422013714824848
-0.000375541261274008
7.24351926594004e-05
-0.000559772695850206
-0.001968516460613
0.00148725253109178
-0.00190580393205746
0.00252921178758444
-0.000627072752905311
0.000130987761233226
-1.81887889959131e-05
0.000221480532726208
0.000239374951999846
0.000126475582526473
0.000133467102974639
4.33979406674317e-05
-9.45554838313e-05
0.00020593526466408
-9.14738665990301e-05
0.162477363031005
-0.0710867745330332
0.00169096825377867
-0.000711311768446377
0.000100917194478257
0.000461393874030952
0.000242598907738419
-0.00128671803435383
-5.02733392874851e-05
-0.000354098952179398
-0.000229539826441062
9.56789021339865e-05
0.00267317472041208
-0.000777309404862772
-4.75113891171098e-06
-8.97541962821363e-05
0.000167084912434399
7.65266237080171e-05
-0.000100899395676452
-0.000109158323268275
3.1470084348522e-06
9.13880296939809e-05
-0.0001087096002615
0.185115047026582
-0.0745609204342215
-0.00616615281965241
-0.000298652414838865
0.00058334310032984
0.000266388482542443
0.00142923612839782
0.000934773946611631
0.000261605167971527
0.00188234299804229
-5.41551018114408e-05
1.98898411616973e-05
0.00257046385863743
-0.000843423476712267
-4.49573365595855e-05
-0.000146147772686874
0.00012897719987209
-0.000332745680035015
0.000163178388578162
-7.64280815188686e-05
4.46782997106468e-08
-9.29698512061293e-05
0.209860755642134
-0.0819060837791827
-0.00797936603081759
0.00266527346048817
0.00105642268736642
-0.000592498946639349
-0.000159450623936078
0.00168940487404317
0.000896793206008513
-0.000203328457423777
4.56998567195493e-05
0.000301198502600453
0.00290041658765327
-0.00130111268564475
-0.000453320252505888
0.000215750291104952
1.50813203327873e-05
-3.32071807915556e-05
0.000351938143019435
-0.000236063752857289
0.000362474024126541
0.212902900323835
-0.0618971064921363
-0.00426035293735661
0.00217093926994358
-0.00275367066088001
-0.0015429806725868
0.000597867296990352
-0.00465932658489851
0.000309597169775005
0.000167643132463119
-0.000235485871780925
0.000268950543822395
0.0034827709464375
-3.37204878988745e-05
0.000187017486980506
0.000239113658083583
4.10358722417154e-05
-0.000221089950093112
0.000333442591597952
-0.000584406081352279
0.175930514920143
-0.0565176571269039
-0.00219614033709899
0.000802473966775321
-0.000600865092652759
-0.00107695152350378
-0.00312525325143048
-0.00013021464541149
0.00012812595144164
-0.000253876454886623
-0.000276946924395454
0.000615393462603527
0.00342022242030712
-0.000507883781315224
7.1349395178702e-05
1.1375328313083e-05
-0.000210682833187925
1.16923009015713e-05
-0.000406160810405433
0.145082809009426
-0.055628869683523
0.000104396259382775
0.000151331608887916
0.00153100492159812
0.00298832227259811
0.000184722218878521
-0.000277698955451823
-9.11476731149015e-05
-0.000146170180622257
-0.000463403512038306
9.13717093461839e-05
0.00333352584581872
-0.00143762207897245
5.94749856584654e-07
0.000307084658720648
-1.94288632031732e-05
0.000391196992140033
0.138264653492935
-0.0512969691154092
-9.51093856806946e-05
0.0015689699832007
-0.00132800922378414
-1.07388643791058e-05
0.00021909316208608
0.00016769480990491
1.1940031221445e-05
-9.42635622828318e-05
-5.40264496091475e-05
-7.98682855087865e-05
0.00337973918274664
-0.00119920120566151
0.000102265019224888
4.98083887470866e-05
-2.03372873059967e-05
0.137629300738672
-0.0500832075908675
-2.97221900947409e-05
0.0023625407893843
5.67657601033541e-05
-0.000204805158307303
8.45712243007415e-05
-2.73161757686981e-05
-0.000147433681417882
-0.000558418356596756
-7.93327204035848e-05
-0.000503525760420365
0.00306263179277357
-0.000985410810475241
-0.000120436210466664
8.07741825440777e-05
0.144205231342042
-0.055182321083661
0.00498939176891265
2.80382170218147e-05
-3.41047580889088e-05
8.51677548560775e-05
9.82605517194158e-05
-5.90709249887419e-05
1.24847679860537e-05
0.000248734229036897
-6.18619340193154e-05
0.000493320123303996
0.00298776843163693
-0.00117142455803353
6.901622498271e-05
0.139035040645255
-0.0549573268058808
0.000193042481296685
0.000207356041957588
0.000296174278863028
0.000169550400672182
0.000145094558396567
9.76008267940243e-05
0.000358702625546713
0.00020454967235598
-0.000280780884911301
0.000541254379349918
0.00359979446603798
-0.000762152826398083
0.169822576206199
0.000106776458903935
-6.11035709692867e-05
-0.000321240900735485
-0.00014755958896201
-0.000168527446512254
-0.00060527330352338
5.89106124023108e-05
-0.000526019010201126
0.000182412939198318
-0.00051890073201142
-0.000655108265840118
0.00463282452323244
0.00704813581911363
-0.0014973650191216
-0.000112963364550902
-5.82716112495271e-05
-6.51445389419044e-05
-2.04345038722694e-05
2.57028936389471e-05
4.17653905116995e-05
-4.6242679324262e-05
-7.02632313886783e-05
2.86483949112898e-06
-2.62720228171881e-05
0.00776731011206401
-0.00109593249200989
-0.000211884372540614
-0.000144645760844296
-3.99064492127595e-05
0.000117959345627761
-2.30481860801339e-05
-2.79447608076706e-05
2.50421771710948e-05
3.78440792118574e-05
7.94752594816623e-06
0.00728170634284255
-0.00126385118616269
-0.000200428315397689
-0.000205917540342865
1.0497641103355e-05
1.74990522640525e-05
-6.18209350554113e-05
8.12774560172592e-05
5.51090155508038e-05
2.01137965412692e-05
0.00807178349882085
-0.00165253399254764
-0.000322276280163597
6.77210082863565e-05
-3.20691197407686e-05
3.3852906477355e-06
-7.91965319015312e-06
7.1303331908663e-05
4.86548665213986e-05
0.00832930413385593
-0.00148204918710664
-0.000210690140846302
-4.19678471027388e-05
-0.000144745132935366
-6.22049085211303e-05
3.90804677366965e-05
-0.000100586363211838
0.00880813789842461
-0.00180126514285245
-0.000282574280035725
-0.000110618025770213
-3.02143789319923e-05
-4.4945404793735e-05
-0.000119253604039222
0.010376827034384
-0.00195561059045816
-0.000244863083154732
0.000117772166901587
9.83500349483269e-05
5.29177528316305e-05
0.00875317112329934
-0.00179310188626875
-8.13773908439062e-05
-3.29196282627076e-05
4.78706768290827e-05
0.00831627213014908
-0.00161341582713824
-8.04382277648216e-05
5.22992145256089e-05
0.00848069494002506
-0.00179656452053119
6.386251089163e-05
0.00876071785499917
-0.00173424042672366
0.00962580823542754
