0.116850970114326
-0.0526602458628187
0.00119717845415309
-0.000962877063838352
0.00130689761675362
-0.000434009299698841
-0.000619032533926778
-0.000449716202021655
3.48876915805915e-05
0.000206608266259688
0.000657203421141673
-0.000776293305529372
0.00392909394349881
-0.000706774931582914
-2.41504065173759e-06
-0.00010353578508712
0.000234929918690186
3.84990428675965e-05
-0.000110319413282155
-0.000107082813147863
-0.00028956033484464
-0.000167956905129
9.78040130580964e-05
-0.000318815551819146
0.140566999343789
-0.0584961374470191
0.000996919576217733
-0.000528217139034968
-0.000524607314742163
0.00115226677080448
-0.000197478918359402
-0.00132693597131046
0.000826891735747464
-0.000150652240640162
3.24386750788339e-05
-0.000401829890407829
0.00385554492073047
-0.00087580282267819
0.000168551364928727
-1.47895533939214e-05
-0.000124877959746675
3.60385015704025e-05
-8.22840502334005e-05
6.95279614606191e-05
6.29194028889826e-05
-8.78415188325992e-05
-0.000179738409387726
0.152548839154554
-0.0609414779522454
-0.00325502738235547
-0.00119740609658845
0.000186641850281507
0.000639988930777049
0.000573101358081227
0.000582919779853014
-0.000332613822105277
0.00118294388914528
-0.000236385281937329
-0.000160851127681821
0.00447688765353775
-0.000560230518239221
-1.83600648972406e-05
-0.000276370254867617
-0.000239101916750631
1.70984016963648e-05
1.53550573293977e-05
-2.47592938623302e-05
-0.000212007955061995
8.43857923997192e-05
0.169360972281784
-0.0667840950071006
-0.0045595410535529
0.000696903520523857
0.000295404481260919
-0.000422333019805682
-5.96473437030089e-05
0.000467065741659036
0.00143096902547562
-0.000185670830624321
-0.00024684772953641
-0.000338578895318188
0.00423336520961502
-0.000866383962279279
-0.00051840027506423
-6.27509969373343e-05
-0.000113696011201554
6.89592523534842e-05
-0.000280296871913505
-0.000261700598373715
-1.7530776242332e-05
0.169908966728854
-0.0504629190564688
-0.00273828568200524
0.000523237468431792
-0.0014496091185516
-0.000992163559458427
0.000586442187775621
-0.00258185885774961
0.000296506808202803
0.000247952634098502
-0.000410383097118253
-0.000355582216587763
0.0042862127093022
-0.000314087722420407
-9.96756155199732e-05
-2.14875259747431e-05
-0.000231386597460715
0.000188511746005902
0.000257883683053742
-0.000169894156087098
0.137516787583355
-0.0413697886870754
-0.00101686205045114
0.000646008077667707
-0.000828309054658841
-0.000636038674762765
-0.000300042812872808
-5.25992349996082e-05
9.30317953108541e-05
-9.41772221522815e-05
-0.000521500951318362
-0.000253068155283342
0.0043485589189261
-0.000722369064571757
-0.000273333923954795
-0.000192477774998957
-0.000288994444444643
-0.000110743270927325
-0.000135362856864645
0.109944115053221
-0.0416941464400877
-0.00123229645407286
0.000942279388561167
0.000336656384758756
0.000729044004056669
8.43219104498226e-05
0.000187723959569158
-1.51961674796894e-05
-3.76599712359241e-05
-0.000531829002192706
-0.000347961248265516
0.00486065545876956
-0.00117091566752719
-0.000198478904823057
0.000152852100952171
-0.000194724204911321
-0.000113199630094134
0.105105051661923
-0.0370201685578887
-0.000712254507093063
0.000864358989639436
-0.000910976723218807
7.956849989e-05
0.000247650142261762
0.000177003606019221
-1.88220006392542e-05
0.000171099525279119
-0.000383365285628256
-0.000763520656549181
0.00496900916782491
-0.000854860121786694
-0.000231278592446194
-1.866846783586e-05
0.000100218529931697
0.102947647688913
-0.0398648974165568
0.00131322846979353
0.000666438290885452
-0.00020575453323996
-0.000183517378081631
-2.50265298004333e-05
8.80185124590464e-05
-0.000188233565502979
-0.000207350098781169
-0.000493835230197723
-0.000802483875088629
0.00465944957802474
-0.00105363477794298
-0.000203917208525782
-2.27330930601763e-05
0.10527497777132
-0.040529205322925
0.0017453138612406
0.000301315219335549
5.03358419358385e-05
-6.91239660492085e-05
0.000144959468826354
8.89392390707466e-05
-0.000139274398195428
0.000322518533108385
-0.000224724160194761
-0.000487022741505142
0.00479261638363232
-0.00115067419625924
-0.00014806904450092
0.0984922429324041
-0.0371979890095213
2.591049642442e-05
0.000213414074012006
0.000228105671715222
4.45116636171236e-05
0.000249284697356935
0.000207814476575183
6.78194072038601e-05
2.14354449129993e-05
-0.00016749436303629
-0.000408753789147435
0.00537773527454429
-0.00103128070161783
0.108398921800012
6.59171447544588e-06
-2.09733880252912e-05
-0.000158662182007719
0.000124889097195315
-0.000277645351904535
-0.000110990329861661
-1.67007662951014e-05
-3.9851958846624e-05
5.54183034598288e-05
-0.000388320291042152
-0.00067519009612334
0.00546068443709202
0.00686897137973697
-0.00132017789470978
-0.000256818904154809
-0.000129928719270004
-4.4973885244235e-05
3.7039936675393e-05
5.16791838596048e-05
-6.14149049357881e-05
-0.000119988499188657
-4.9917005348008e-05
2.88791297442882e-05
-6.33884274319151e-05
0.00750423255741358
-0.00101200792004446
-0.000196363737675561
-0.000123510348388992
-8.13962934743353e-05
7.28276048550684e-06
-0.00010719314795701
-3.17043272291761e-05
-5.87739341387329e-05
-0.00010134823250552
1.92065733659805e-05
0.00745574470680402
-0.0010761387401149
-0.000358443917331317
-0.00018568703354614
-0.000149693589851231
-7.55791645408629e-06
-0.000120780313256096
1.7013492183474e-05
8.60873970211967e-05
-4.32482185319185e-06
0.00811390379213291
-0.00133870685260528
-0.000366169602620826
-0.000165929990155897
-6.26972879557663e-05
-0.000124426890367389
7.80160522420372e-06
-3.55753016383387e-05
-6.25783131249048e-05
0.00831772013933736
-0.00123278299046639
-0.000281751680040688
-0.000192453543090475
-0.000176597861119342
-1.45671558642167e-05
-8.7126997301988e-06
-4.15194302561371e-05
0.00877281928732817
-0.00124023434105706
-0.000549789426087244
-0.000169361351213016
1.00141036488537e-05
-5.70330825148577e-05
-0.000169692692187932
0.00886919012409011
-0.00167229617923565
-0.000358625947816525
1.21860974445171e-05
-8.42561056902536e-05
-6.13778783169358e-05
0.00854814877845232
-0.00141444299167603
-0.000248944020286616
1.00547956899631e-05
9.38339266258809e-06
0.00796543242047609
-0.00133494173369957
-7.48417562915872e-05
-4.18077139442529e-05
0.00816225276468086
-0.00134531847368342
-0.000188412147153444
0.00842071340714654
-0.0014743095757232
0.00861211070982844
