0.0716272831436853
-0.0311726142659702
-0.000544831817126233
-0.000887809429317261
0.00042549050728635
-0.000591148996435681
0.000252130477423183
-0.000276944958103804
5.34301302274785e-05
-0.000389541914926468
0.000187455848090753
-3.71789831051418e-05
0.00957780753035576
-0.00128559512802224
-0.000760745380471522
-0.000883122498066845
-5.81199085729703e-05
-0.000258112229336475
-0.000137319773671769
-0.000105452654008924
-0.000123037737369125
-6.83722738477837e-05
0.000107050417386826
-4.37102103813562e-05
0.0819059661626684
-0.0304857336182323
-0.000499858948915932
-0.000915866465897401
0.000121068739253206
-0.000485640317888701
0.000288332699189697
-0.000226579529154604
0.000359874344810493
5.48552687275636e-05
9.03196796534278e-05
-0.000888598827977507
0.00950800035642057
-0.00092401546920381
-0.000807857702129345
-0.00014657285257804
2.90904701197733e-05
-0.000230915804000116
-8.61022728018131e-05
-0.000143658265125041
-7.17921233909936e-06
-1.1891834825612e-05
-2.67727950282108e-07
0.0869428842084547
-0.0349683578169471
-0.00133376831800074
-0.00116605173988609
5.17861332381688e-05
-0.000139539771912187
0.000222124696770325
-0.00017195957353653
7.95857869079368e-05
-0.000127711871770577
-0.000843220014425338
-0.000423595626560341
0.00869971043463901
-0.000844317623363859
-0.000566500435041614
-0.000662986191284116
-0.000440293240156789
-0.000231516381732103
-0.000263472770778635
-9.76388827768352e-05
2.98145898948055e-05
6.16133796748553e-06
0.100334206566456
-0.0400454408038522
-0.00140677455497288
-0.000386191849876791
-0.000282885044846954
-0.000245915297968601
0.0006449362484819
-0.000299414013703495
0.00110731954297835
-0.000791035884686034
-0.000758604734065462
-0.000639523380065408
0.0101087377934772
-0.00130580481196757
-0.00060115245267241
-3.28133503856389e-05
-0.000107836296957652
-6.26638013600833e-05
-1.67432309366942e-05
-0.000136401069931613
-6.28360555375072e-05
0.103020017581327
-0.0340159655449154
-0.000885028036700673
-0.000733074585047037
-0.000642084446437286
-0.000626116317187883
0.000503913133401597
-0.000346318321248691
-2.91898907645356e-05
-8.2718239151468e-05
-0.000524606353222253
-0.00114676353373249
0.00916639061003097
-0.000714643297602733
-0.000503850339383175
-0.000237555966136158
-0.000270797029783398
-8.31850302420684e-05
-9.36850413410645e-05
-0.000132133138707544
0.0876345462687202
-0.0251133317796094
-0.00123665072405843
-2.62920904496231e-05
-0.000403037730417685
-0.000146545690466577
-7.80153289361758e-05
-0.000330706246529494
7.51427529842401e-05
-0.000544247105486042
-0.000417617644290543
-0.00085746649619316
0.00982811739233206
-0.000558567954067619
-0.000735339986541433
5.56707028492986e-05
0.000161068804219766
0.000106167885031593
-0.000194659918955459
0.0716615278918034
-0.0273388593851842
-0.000733336467629485
0.000115005562888709
-0.000209539731119037
-0.000263425680836706
6.25346562292837e-05
-0.000122405273918901
-0.000117024805755173
-0.000169153343069026
-0.000655696158201574
-0.00032000253543412
0.00904629349096707
-0.00122850803141852
-0.000557511875714092
-0.000115596948417925
-0.000141735795699227
-9.08167114976526e-05
0.0712491087220384
-0.0262828205655262
-0.000831106057836639
0.00028026985759565
-0.000444043478799025
-0.000103121649673884
9.07169783207439e-05
-0.000120520244638832
-5.74176550593232e-05
-0.000138857173351244
-0.000948639857911458
-0.000924091995260096
0.00855923418333429
-0.00103755286919001
-0.000466301417478587
-2.05099482822752e-05
-9.61521524730157e-05
0.0712535858130637
-0.0299092364470037
0.00172947063566486
-0.000197227791765276
-0.000385928393930747
0.000129573848492031
-6.02499974552791e-05
-0.00010679535194143
-0.000364292371655565
-0.000138624938120857
-0.000651976871942076
-0.000568233360770044
0.00835274950950878
-0.000859267286290856
-0.000284700194016136
-0.000119894805846193
0.0757368465674114
-0.0296527035819924
-5.69928386429471e-05
8.6299587787541e-05
-1.77151440742674e-05
7.44291671645887e-05
7.14409203139075e-05
0.000148051070999998
-2.14621175265869e-05
-6.41603540798431e-05
-0.000437882465445741
-0.000490035728958058
0.00817720409721408
-0.000994057012155324
-0.000505203721800434
0.0675464375370176
-0.0247407507041503
-4.84479578601773e-05
8.74777633742235e-05
-5.18606116278578e-05
-4.63456969968411e-05
2.7929839441288e-05
0.000169532170608514
2.73865463289372e-05
-1.75402107767679e-05
-0.000306852055058991
-0.000457515788623544
0.00812600575349663
-0.000787651570574256
0.070331858261201
-0.000275090964939118
9.65462879157393e-05
0.000190668199014479
0.00017403696450949
-0.00022979391771074
-0.000257339818248282
-7.73641577908017e-05
1.48224290824916e-05
5.99776864220488e-05
-0.00068643258949144
-0.000411619190192888
0.00883312013314418
0.0115756975368822
-0.0017122169401513
-0.000819910261709974
-0.000875363034379209
2.45956847347375e-05
-0.000255236172856146
-0.000169290955655202
-0.000245060298139437
-0.000224046040897472
-9.60169944721823e-05
-6.31844550711531e-05
-0.000104190397293022
0.0115957753253011
-0.00102472712852941
-0.000663748922901359
-0.000221964877645001
-2.49132417837616e-05
-0.000155965230331683
-8.15343973723031e-05
-1.57325659511763e-05
4.03864460951072e-05
2.16798591181203e-05
3.78989453074553e-05
0.0103767631412195
-0.00101346248007833
-0.000547609132347785
-0.000474400901557485
-0.000227636962669235
-0.000127639140068046
-0.000143164674515717
-6.12599301441335e-05
-2.25733586969666e-05
5.97469399002788e-05
0.0120058624416615
-0.0016147872223975
-0.000475691216701126
-0.000161330876187078
-0.000138073243048039
-0.000102459740190001
-4.08635410478031e-05
3.83577444240262e-05
-5.98633703433985e-06
0.0114036414717628
-0.00123767500538735
-0.000670531391987141
-0.000383239208607354
-0.000206214041780589
-0.000106172243254785
-5.96234982509533e-05
-3.66838836692892e-05
0.0118692114458877
-0.00100115965478867
-0.00080178864728879
-0.000189448578348927
0.000159028459843742
1.12842562286276e-05
-0.00019677998417334
0.0113863862702874
-0.00144644382617447
-0.000545507153130598
-7.85423050841235e-05
-4.88750663641062e-05
3.20518639746709e-05
0.010728019274493
-0.00121384332062943
-0.000401040535038295
3.17083954607251e-08
-7.45220532281537e-05
0.0103549895614435
-0.00103189832249926
-0.000276090292001647
-2.70817058997507e-05
0.0104315864015501
-0.00112084203032316
-0.000466737278180371
0.010155995633413
-0.00102132526542941
0.0111100040649298
