0.114909627607751
-0.0520798212524352
0.000492356167211121
-0.000456475436649751
0.00105588664168053
-0.000780691839170385
1.71709574121277e-05
6.43049552037301e-05
-0.000976251456146441
-0.00117636662361956
0.00143256767136221
-0.00218529933988812
0.00531249444981438
-0.000689365870931716
7.3532278179003e-05
0.000135711358445029
-0.000114966766030902
0.000304880600171799
-0.000210380580693681
-0.000115088299539996
-0.000226656798965241
-0.000110430120213204
0.000204702099308437
-0.000409556765141259
0.137901377458084
-0.0555308308802153
0.000471899639473216
-0.00166200252797432
0.000594164044784104
-0.000257197745340525
-0.000237105317561555
-0.000186968830713374
0.00110299667107052
-0.00110421691570192
0.000189328337140655
8.65245334417047e-05
0.00515123887797823
-0.000999661053916319
1.22605771684757e-05
3.67351810066975e-05
0.000179926134725899
6.15206732096393e-05
-0.000108415249817226
-0.000119164462348467
-3.63136691427677e-05
-0.000165537831812169
-0.000237699718060386
0.146343355114097
-0.0572499644752836
-0.00394582579553092
-0.000666874709619103
0.00117551490736256
-0.00038831785339087
0.00129552924378356
-0.000457760151491011
-0.000109516595774383
0.00069534058721359
-0.0002148720065139
0.000147412864184141
0.0054187282533493
-0.000733167377196282
-0.000260804365442573
-0.000119271590598818
-0.000196758786903915
-0.000204318405496458
-0.000263944712954774
-0.000784618265686442
-0.000119621293513437
-0.000112471334406425
0.160138793871426
-0.0619269548765282
-0.00479388822663892
0.00121012793808624
-0.000292443889101526
6.20454856282234e-05
0.00104474959523805
-0.000572707857701875
0.00172962724247173
-0.000171205461859468
-9.62052479130577e-05
-0.000420318453561409
0.00573002639125988
-0.00110705570644468
-0.000818642671720398
0.000157925249066878
-4.07023456011064e-05
-0.000154254900976599
4.6173975264744e-05
-0.000158555649184434
-2.96393934612007e-05
0.160274404811895
-0.0487894884248699
-0.0033172381812068
0.00154590755898
-0.00283165917368582
-0.000987126977142319
0.00132795964373939
-0.00173102937887751
0.000333563268949254
-8.24984554059035e-05
-0.000343941456649869
-0.000740230045513777
0.0060177355962099
-0.000499985264245539
-0.000201601425413957
-7.43826625628866e-05
-0.000208744615147503
-0.000286626054817598
5.35867744792283e-05
-0.000298465734450954
0.134454775181669
-0.0388418668003558
-0.00103332017319802
0.000763468897739387
-0.00227499517186932
0.000876177662264697
-0.000726502360290399
-0.000114587618881302
-0.000122536237672987
-9.40152992156245e-05
-0.000163645395074567
-0.000714193859209331
0.00623611684988003
-0.000701526337367016
-0.000337081849028482
-0.000160806890332764
1.38969056650511e-05
8.72485983272279e-05
-0.000380191339000693
0.105643882121438
-0.0396578973715921
-7.51660634884217e-06
0.000846247214155385
-0.000198455644173651
0.000823723208389159
0.0001383338940171
0.00010438358591479
-0.000168790030155697
-0.000413432892160582
-0.000163701325694188
-0.000311698979005998
0.00642687889180724
-0.00155727466384314
-0.000426297882977615
-8.81856066378216e-05
-4.28424751981609e-05
0.000139880878674493
0.100798955488385
-0.0371657298522988
-0.00121121890863061
-0.000201543302209812
-0.000880107581290146
-9.26764740261115e-05
0.000371734612846293
0.000102296504497618
0.00012198523178372
-0.000135373436650209
-0.000346154858847072
-0.000881406736993262
0.00622896606301132
-0.00148804766929789
-0.000187821738848533
-2.19699538990677e-05
-2.135075647193e-05
0.103016345926612
-0.0398911917323798
0.00187012139092213
0.00173073313967536
-0.000254397780091435
0.000134840993491461
5.05078957699815e-06
-2.82015795242287e-05
-0.000269567544327479
-0.000739029083006024
-0.000563777059732622
-0.000653714569123942
0.00627520984797931
-0.00122424164217889
-0.000311233923810963
-4.1736353566068e-05
0.107783698081221
-0.0415260789727696
0.00233714440555804
0.00023635097830363
-0.000244464214098349
0.000268358970966208
-3.21812791287388e-05
1.47201009825712e-05
-7.58111463018822e-07
-4.36671843602478e-05
-0.000453065470828744
-0.000476459295078562
0.00630793561468285
-0.00127210168230633
-0.000354636439395147
0.0976607411024071
-0.036955477287437
0.000198217500111575
-2.65708078866435e-05
-0.000148667126217272
0.000478290395326685
5.62116115003896e-05
0.000288343625634443
0.00038670250889756
0.000150508087874947
5.82876254534649e-05
-0.000169835856068125
0.00693833813705425
-0.00131022469991272
0.1033380615196
-0.000306036793706706
3.95444675201486e-05
-6.12339439787858e-05
-0.000217172869764592
-0.000190053941182999
-0.000486516107520499
2.52429645125724e-05
-0.000244868317547217
6.45777706827614e-05
-0.000487138286125176
-0.000978507811336157
0.00729911614950914
0.00854332902202835
-0.00149106090337786
-0.000231501965703933
-2.36938053869704e-05
-3.49883561226252e-05
0.000148025328415259
0.000161451876890129
-0.000130585011651677
-0.000150779227165036
-4.14700512730837e-05
0.000103023477113449
-0.000126748342158255
0.0092818305394643
-0.0010708337295726
-0.000304716849650628
-0.000209781184483349
-2.92214425705484e-05
-4.86359057767801e-05
-6.72917211307279e-05
-6.60611311665487e-05
-0.000149418396406664
-0.000122658879080928
-3.53735367461119e-05
0.00885478908582616
-0.00118056272714263
-0.000295311944683042
-0.000198368166366438
-3.6756908152087e-05
-6.40892006002369e-05
-7.36914065319782e-05
1.62247545534166e-05
-2.90775855684509e-05
3.24290632457386e-05
0.00962482534445848
-0.00153561972083226
-0.000489159605256348
-0.000123524494267901
-8.24401348030161e-05
-0.000129436568157922
-5.85299313780743e-05
0.000111078060476869
-5.0856602414331e-05
0.00983401285116869
-0.00144163767460822
-0.000443350712047757
-0.000160679904931869
-0.000216619933727342
-1.26711088424269e-05
-7.55094403511295e-05
-5.83492886830702e-05
0.0105558860995978
-0.00140621980813456
-0.00059575694036018
-0.000243968530597411
-4.37975022489698e-05
3.75840952198114e-05
-0.000163321300763886
0.0106253509577618
-0.00193014228601493
-0.000534724415425397
-8.35595189391981e-06
2.24601149042094e-05
-9.3377173393119e-05
0.0102384439016364
-0.00166689548888
-0.000320941907348222
4.25814050729803e-05
-8.63900006936542e-05
0.00993045494875639
-0.00150776012661576
-0.00018149636716435
-0.000128952876724313
0.0102322919447134
-0.00157737718825507
-0.000248807816356664
0.0104019301967541
-0.00159598875403444
0.011060935501828
