0.113720408941147
-0.0555932221403254
0.00171920233354083
0.000144577343435622
0.000435365327851551
-8.53770248058815e-05
7.87922804003583e-05
0.000600391676103705
-0.000343494523401426
0.000128392090060838
5.51959492437005e-05
-0.00102814302201283
0.00146042735245983
-0.000495513897432304
4.34979464399267e-05
0.000134849288328787
6.32156684108775e-05
8.85180069967376e-05
-1.44455769383938e-05
7.08465906758806e-05
-9.79222518439558e-06
0.000144363093670001
3.62413813411285e-05
-7.48060939585841e-05
0.147913734882416
-0.0685948121365615
0.000405912912615938
0.000704306930432639
0.000877326332155417
0.00024966947315658
-0.000699172992674008
-0.000398507766998165
-7.56197500896048e-05
-0.000262707527712682
-6.07522761396919e-06
-5.59850754946005e-05
0.00162987408494365
-0.000527671121112774
-0.000174839887549215
0.000214447131342417
0.000122334105089394
-0.000248814296234682
-6.59783937918263e-05
1.49945286585548e-06
-0.000117956369020266
-4.62184209020101e-05
2.50941087638997e-05
0.170936396435821
-0.0771518365578447
-0.00392568565650699
0.000624611060760427
-0.000960737534002857
0.00155799376143272
0.00147295491567123
-0.000651935777058444
0.000828651985011648
-0.000782270504599167
-0.000156017851292915
-9.70247623339733e-05
0.00176802429190462
-0.000113169555001395
3.35801527256549e-05
-0.000177233722142838
-0.000288706043580947
0.000160192056821297
8.96433876297354e-05
-0.000123225662729966
0.000177155367838785
4.51087235569823e-05
0.195481095124256
-0.080324249382272
-0.00633242540376931
0.00155985045008802
-0.000370755366690457
-0.000444940966299634
0.000320349848820139
0.000583245654951899
0.00107208317793867
3.82915705955403e-06
-1.61476763375735e-05
0.000120282486372999
0.00161839008830294
-0.000775843358610068
-0.000105062964524409
0.00026482857063378
-0.000141485545658202
-3.26356007740749e-05
0.000185078165503828
-0.000306138340292633
0.000164824244104295
0.191714163218137
-0.0605212773314812
-0.00352452632845318
6.28116769591939e-05
-0.00139375221631409
0.000578837557840664
-0.000103864618741567
-0.00223771599498149
-5.27418080885994e-05
0.000110347257295287
-0.00049253935108084
-0.000228569246278234
0.00186404387034083
-0.000230136561636839
0.000318980854241858
2.54789351743985e-05
6.42505590813693e-05
-0.000268709524318212
0.000197192262259041
-0.000250193710333433
0.1488856358373
-0.0470295088600789
-0.00195481074513816
0.000695191514433856
-0.000555974981400964
-0.000888795127100011
-0.00014025382041795
-3.78175356658186e-05
-6.89204499770702e-05
-0.000233591278743874
-8.20797951172539e-05
0.000146295106897141
0.00236369613460354
-0.000490809750837008
-0.000178391092280236
0.000217733266523776
-0.000118573181916436
-0.000237173213717633
-5.97552351823132e-05
0.119681543480062
-0.0482447769961898
-0.00109155620842933
0.000267804935818545
0.000640054051313987
0.000779338069042131
0.000232014904397164
-9.15353239119966e-05
0.000101927515341597
-0.000250044912394351
-0.000217454929301013
-0.000252330107809817
0.00264005852901024
-0.0007430981535706
-6.7770851830067e-05
3.90078419071629e-05
-5.24084795632708e-05
2.59498094793643e-05
0.114485130357756
-0.0456070169817742
-0.000511619754317241
0.000902864232100783
-0.000293124603175913
-9.60395755042249e-05
-4.88931574988736e-05
2.52488458137958e-05
-8.67458347813351e-05
-0.000158285948881002
-0.000112976804376835
-0.000359478448543439
0.00258654178478721
-0.000786663283919149
6.27485854941829e-05
6.65584635947048e-05
-1.64850898005984e-05
0.112249495393758
-0.0471428419285496
-0.000461274820994063
0.000263011708084306
-0.000161049591961053
4.06961979410737e-05
1.40507127148867e-05
-0.000215103980067395
-6.60953605558322e-05
-0.000221867426909874
-0.000252661365514664
-0.000517911893882146
0.00230324429988353
-0.00069100678672783
-0.000219663612161996
-2.40618729990117e-06
0.110012205041436
-0.0452727732300383
0.00186714766813519
0.00010835450116566
-5.47108938287843e-05
0.000138736028714694
0.000172181618457164
6.15043338929732e-05
2.68662954502167e-05
-0.000176479141217999
0.000226543156913228
-0.000124290406941325
0.00266505471591241
-0.000544548734081892
0.000152148257366437
0.103235828770594
-0.04470052550816
2.49217205464585e-05
9.92690843812571e-05
0.000132686084526476
-4.17535718222961e-05
2.90360773571349e-05
0.000116688936875129
0.000491257820318726
-9.32284854398938e-05
-0.00013464463080158
-0.000152281246898292
0.00299706596704464
-0.00073091845741435
0.116636128797033
-1.31178257504785e-05
3.99412944134119e-05
-2.07690228914808e-05
-1.89017966703186e-05
2.58123381998232e-05
-0.000319500474322049
-3.63561641846073e-05
-0.000223226246549264
-0.000116486743637179
-4.63705125426674e-05
-0.000567904659018675
0.00313465565754541
0.00340191298862828
-0.000827502451685135
-0.000108844153210563
-4.42505407059037e-05
-4.85298896935634e-05
-2.53976106649577e-05
1.51239755141001e-05
-1.98052865012288e-05
-2.30551767569577e-05
3.4077370239799e-05
-3.69152570198374e-06
2.84977404346918e-05
0.00371011136465185
-0.000914711677314213
-8.89174504512905e-05
-7.77426151907924e-05
-5.82572101653658e-05
2.85090753084957e-05
-3.48437184571828e-05
1.90255868635839e-06
1.05145077908973e-05
-8.83530420815433e-06
3.75183144209522e-05
0.0038177867577837
-0.000867131278267977
-9.18616429635748e-05
-0.000111658636497458
9.61494110528726e-06
-4.81430481452202e-07
2.8748792809225e-06
1.69263557710318e-05
2.26866150206081e-05
2.16338390717808e-05
0.0043058631024788
-0.00111985771555921
-0.000154384147318638
-1.41087289704329e-05
-3.4125756820811e-05
-1.11835219429183e-05
1.78208658961295e-05
4.80727243947499e-05
1.82102789275949e-05
0.0045948270167487
-0.00098615136958883
-5.20145710721456e-05
-5.16412651253356e-05
-6.4224583162565e-05
1.79997949966836e-05
-2.52610299416384e-05
5.38716769711884e-05
0.00495798410675061
-0.00129352340127005
-0.000209167478375539
-6.13034363216032e-05
1.14417461339217e-05
-2.64503408854136e-05
-5.35044929708191e-05
0.00580785173527954
-0.00143239597218729
-0.000238900862092658
2.10255504282041e-05
-6.1200100584123e-07
3.73148853581308e-05
0.00517365736514352
-0.00120405251868711
-5.63987010278676e-05
5.3084827135254e-05
-6.4567186754489e-06
0.00484335949343797
-0.00113416414602542
-5.35258610174277e-05
-8.54381088785347e-06
0.00500290376733052
-0.00118648443013318
-5.19969361578639e-05
0.00529291606181791
-0.00121437947942598
0.0055903949477376
