0.115719071810157
-0.0530920036437134
0.000649076300252883
-0.000220787895591355
0.000449465979006233
0.000427948106081913
0.000155224133072646
-2.95529098124354e-05
-0.000254826990480322
-2.13626649543041e-05
0.000515675988834049
-0.00079132257030737
0.00338105485454378
-0.000617702725721945
6.30212447453338e-05
-0.000107804734304728
0.000138003295016954
-3.41715214753564e-05
-0.000118122927600501
4.66667105272904e-05
-0.000144236632428376
0.000119871366097615
0.000156654690859333
2.87868963154909e-05
0.146473328087138
-0.0671762188878349
0.00131268152002198
0.000421079936736159
1.21067899220234e-05
0.000196460359116119
0.000411108386869351
-0.00106333207929492
0.000649981272249749
0.000129673830455017
0.000636064845686869
-0.000160266619332802
0.00322952174719766
-0.000704240173050429
0.000106409876290628
0.000152419130443085
8.77491798245744e-05
0.000268555014866537
-8.99199890198383e-05
0.000210872673609882
-0.000113614122369788
6.23970201822302e-05
-3.96785282119879e-05
0.165753835803993
-0.0702543828502189
-0.00366464479664056
0.000484130686997731
0.00034116209454931
0.000623444028614879
0.00146742629270273
-0.000810046149416742
0.000538297521862594
0.000338665767599431
-0.00028982653447734
-3.31656039734584e-05
0.0033999387025634
-0.00054502338998913
-0.000103617223323124
-8.65790064193638e-05
-3.74389941669776e-05
8.60513479787831e-05
-8.58435982211335e-05
7.29813350352116e-05
-4.54919308523695e-05
0.000163746735839572
0.18090945754116
-0.0723182769379585
-0.00524394547362664
0.00128612113912949
0.000451955511934364
-0.000612873891152183
0.00090606952154976
-0.000368128899302982
0.00110679955634174
-0.000111948518829645
-3.13954532579217e-05
-0.000312255221604878
0.00336669429041985
-0.000743912554776583
-0.000135232705077588
0.000260240520334717
-5.18983515880732e-06
4.44614900992988e-05
-3.45747611850468e-05
-0.000158631353032048
0.000151074959404576
0.181389182698383
-0.0580765213070144
-0.00345508903932616
0.000570493702464061
-0.00169917549296753
-0.000277097168350442
-7.70860781741947e-05
-0.00214080403471257
8.28392484581985e-06
0.00016954624882499
-0.000214439745199052
-0.000455999088749634
0.00322447482109489
-0.00035038426082121
8.24489172147765e-06
8.63160372887473e-05
4.15615211958708e-05
5.73718361174724e-06
0.000165985134427959
-1.32144319089517e-05
0.146973511109823
-0.0452788716242437
-0.00213427584625074
0.000632427006533968
-0.000396522778368365
-0.000942258913030039
-0.000189989337628843
-9.33887576406411e-05
-6.85091514428815e-05
-0.000171009602213742
-0.000143570357630873
-8.81588336017127e-05
0.00367761773337103
-0.00063764513796293
-6.96759388032903e-05
-4.96102386584305e-05
-0.000198550006372713
-1.75640755576949e-05
6.03474813485997e-05
0.119381358841827
-0.0473932700322247
-0.000733383265490841
0.000317704492199714
0.00103498448780848
0.000856762560550648
0.000118191578277385
4.50513092397556e-06
3.53068530876673e-05
-0.000168299939870819
-5.15543423999253e-05
-0.000192278081567569
0.00394151179642377
-0.00107012018878865
-0.000175965222414727
1.53822844362783e-07
-1.44765134861286e-05
0.000159134467760359
0.114101261571221
-0.0428539615628365
-0.000807660570424805
0.000535001155592403
-0.000963993344809706
-0.000114146981842358
0.000239363812796526
0.000169317465398193
-6.36877227316089e-05
-7.76225687656256e-05
-0.000332922765698308
-0.000506279119821719
0.00376045644913711
-0.000932192311971251
7.93309427088334e-05
0.000113827525774733
2.01986683407085e-05
0.112257474613717
-0.0462740943424029
-0.000635314669296466
0.000912766075532986
-0.000124681827557722
-4.45258180052764e-05
-0.000167769548281887
7.22458610507984e-05
1.47580256150227e-05
-0.000350942523660868
-0.000252590879881757
-0.000592937424991153
0.00362551417455494
-0.000967099248258277
-9.73257190849642e-05
4.53494308349162e-05
0.114416023124802
-0.0439570341527964
0.00232159848864535
8.77755790216375e-05
-6.51081359969592e-05
9.01348368096036e-05
-1.90377968515926e-05
7.61892911430309e-05
0.000161632296295894
0.000146670164062518
3.20940551799922e-06
-9.42146751123122e-05
0.00372951098084006
-0.00118634907091381
0.000107942185534139
0.104067784515857
-0.0425086481413028
6.52562167061822e-05
0.00013497673575567
0.00015483359615119
3.23827082698795e-05
1.90982468228853e-07
6.3616562230475e-05
0.000279143404440078
0.000218118025854943
-0.000116210489583624
7.37308245634241e-05
0.00415353417526277
-0.000861058533597209
0.115838906329118
0.000135872228285377
3.04154293450146e-06
2.88458748931249e-05
-7.02829935583751e-05
-6.77211561944591e-05
-6.48964595609359e-05
-0.000221372160253103
-0.000129181592009223
-4.29334387543437e-05
-0.000305711302478075
-0.000391514863630988
0.00430238651586529
0.00634781891608128
-0.00127285965935012
-0.000208284625700008
-0.00017122369734321
-4.09484598584882e-05
-3.60251153503941e-05
4.04404625721439e-05
-5.66447335532748e-05
-8.83764507565251e-05
-2.49065862836804e-05
3.51140658315946e-05
-2.80985202691358e-05
0.00686140790255891
-0.00105223261337795
-0.000193194799933779
-0.000110771355353593
-5.57038644465258e-05
9.82214074352618e-06
-1.11898764602615e-05
-2.60326207542099e-05
2.22795080604218e-05
7.14567342937989e-06
4.61005635332915e-05
0.00634799077475904
-0.00104447099366673
-0.000192623123021626
-0.000155280002813049
-1.71211883698763e-05
2.27155808811733e-05
-8.30963584719094e-06
3.11705831234167e-05
7.07053799794654e-05
8.60060926294017e-05
0.00690114737514654
-0.00130444637169193
-0.00029686062844727
-6.15619091165678e-05
-4.59736705013235e-05
-7.56154198468726e-05
-6.47486329588868e-06
9.69377445490446e-06
1.38569626273169e-06
0.0068988230770436
-0.0011953491762092
-0.000186100031545031
-8.0043416142631e-05
-7.3312625413707e-05
-5.9407352208961e-05
-3.33141690326268e-05
-8.36690961215254e-06
0.00760302638156532
-0.00124835264685063
-0.000436075299842019
-0.000105212501278224
-3.09718431130483e-05
-5.40922171398083e-05
-9.49006664687585e-05
0.00818678435457529
-0.00166111657895891
-0.000327980353536095
5.36103914027296e-05
-4.12352737502562e-05
4.76124449582758e-05
0.00748116179033776
-0.00144093928839935
-0.000129613572393612
6.7269923547099e-05
4.18800568976027e-06
0.00710567397814835
-0.0013468314671572
-0.000132994634907124
-5.19818374667945e-05
0.00755736400334202
-0.00145516480933588
-5.59646239566211e-05
0.00769233063200344
-0.00137466190236593
0.00805839550352761
