0.122092808792279
-0.0548741402494038
0.000859373002219383
-0.000744685386039055
0.000485365861565043
-0.000831893832185223
0.000471562412876975
-0.000484920264848616
-0.000537858880761635
-0.000419998710891613
0.000662167341425878
-0.00112422284566162
0.00374043758783746
-0.000845808960736062
9.64467004370402e-05
-0.000133735421510813
8.89160078208109e-05
0.000103113309507873
0.000127508318674655
-0.000260228506547795
-0.000136055220393315
-7.43863012178556e-05
0.000178336412227414
-0.000258955989778672
0.149782109420559
-0.06156098600119
0.00155576911436574
0.000431517135312189
-0.00061093344427145
-2.38930839435195e-05
0.000514689806654419
0.000290127942345531
0.000471181536156866
0.000287510204390175
0.00070002850753209
-0.000234224476444381
0.0038269312347637
-0.00073886730595503
7.13990326427982e-05
7.87070201106463e-05
0.000202452852252737
-5.13129282110737e-06
-0.000124275746279652
0.000111620457277273
-0.000389036015834486
0.000143674969786171
0.000145815533063306
0.161635576025567
-0.0634655688346062
-0.00265451419207501
-0.000256962453589404
-0.000283647487412161
0.000852025121208076
0.000230271291884843
0.000577990642057512
-0.00121316564324313
0.000581987557223078
-0.000368112112887154
-6.79037717820709e-05
0.00392477360463798
-0.000621815695458266
-4.4272924576935e-05
-0.000188433596229486
-0.000262628318026691
-6.05224381085765e-05
-0.000190953792662611
7.37678210802798e-05
-0.000320119710404331
-0.000286404524587755
0.178473167010825
-0.0699030806920872
-0.00498587245258875
0.00114240918227517
-3.74676882994281e-05
-0.000180296801601065
0.000145530331374879
0.000805945079979229
0.00273098757583566
7.08878932721001e-06
-0.000250291203029366
-0.000268775814631704
0.00416277979698454
-0.00102334790296946
-0.000462400759755422
-1.41470984646551e-05
-0.000211160655343761
1.64942746059503e-05
-0.000413517120448619
-0.000192357235748837
0.000229969278280036
0.18610729038707
-0.0556667682532121
-0.00261917367323291
-6.61139528861547e-05
-0.00188991866161327
-0.00102576746379376
-0.000115804515366887
-0.00218066918306027
-0.000102078277828276
6.43386672419197e-05
-0.000344576166040169
-0.000346471338567994
0.00413857457036854
-0.000415364113208023
2.60428366665515e-05
-0.00015983080923826
0.000125867513563486
-0.000198209981185005
0.000217062909773507
-0.00031849544191753
0.150176640139108
-0.0434105520546635
-0.00170499743528857
0.00105634975109452
-0.000987960706928924
-0.000563952406055814
-0.000860686360881781
4.48648110839392e-05
0.000114565469829817
-0.000341503341789163
-0.000409080671456732
-0.000176844647410752
0.00448687102221718
-0.000367927254956253
-0.000377485199609404
-0.000198259540725225
1.26201158376516e-05
-0.000322875073330502
-0.000107435277370299
0.118058331391307
-0.0432266013239202
-0.00136633957498332
0.000376290038355038
-0.000111215773638931
-3.6478052138616e-06
0.000232277849652505
0.000129747934968784
2.05961145219454e-05
-0.000114091444121338
-0.000384878579133996
-0.000235215562334115
0.00439788759964333
-0.00126395805506852
-0.000359360803567059
0.000129244489455856
-0.000169047462385867
-4.89287649291462e-05
0.110753690219507
-0.0383957400082133
-0.00094960149373652
0.000188609748951564
-0.000784429237538414
9.97524456459591e-05
0.00018616852753905
0.000120566524297524
0.000113356648773924
-7.8491931035835e-05
-0.000305096312055262
-0.000494735831335816
0.00453744174139025
-0.000955767107204135
-5.6363570103552e-05
-8.71471823923891e-06
-0.000127865127403399
0.108806581243083
-0.0414635577345558
0.00115879838027717
0.000922455101699984
-0.000175264128119851
4.10739812373185e-05
1.24184152595951e-05
0.000190732180113461
-0.000287166953549172
-0.000415019402522453
-0.000446671345757929
-0.000681477908845371
0.00430171160482437
-0.00104874546772118
-0.000212660550513814
8.7997049013705e-05
0.11064648568293
-0.0425407663429111
0.00218465540950324
0.000165034682626522
0.000213680947753282
0.000137597425963884
7.5677970067472e-05
0.000358154638947258
-0.000122387181895861
0.000178075850955351
-0.000225728751812775
-0.000283998412552633
0.00435344506313042
-0.00117400201572626
-0.000207213721539904
0.104459810801834
-0.0383025881223931
0.000165246467670242
4.676214915071e-05
9.33650908043368e-06
2.50763367725457e-05
8.31215165076949e-05
0.000397288428284824
5.78002773037301e-05
0.000244155568406087
-0.000128826909583288
-0.000123366211814017
0.00514110422461905
-0.00105368859846575
0.115225233712346
1.18395473136206e-05
0.000267468994996978
0.000145000893369651
-0.00014363581804777
6.35056387197277e-06
-0.000351066526989292
-0.00021457781273518
-8.44734362523736e-05
0.000103083935315966
-0.000551312169406027
-0.000790227593660435
0.00515674435771339
0.0069045437572953
-0.00137158176399448
-0.000304569641829729
-0.000178895478457521
-0.00011769335005448
5.93588012876538e-07
0.000145522936239263
-8.60797752718417e-05
-8.69686411960824e-05
-8.10193012608577e-05
3.6717937996115e-05
-3.22170395703019e-05
0.00775326623707201
-0.00112036409819633
-0.000266690926172039
-0.000180526960500949
-0.000145729641569201
3.67883649213291e-06
-5.56720972374493e-05
-6.10063007229573e-05
-3.11464384750666e-05
-4.85870068301473e-05
3.50986552132986e-05
0.00757523939627065
-0.000991117899566629
-0.000313303317652454
-0.000265221865221392
-9.80976018304335e-05
-2.38297685592568e-06
-3.04632306062424e-05
3.13713786394571e-05
9.1850414556822e-05
-5.49894630060162e-06
0.00820402907665954
-0.00142539817731003
-0.00040894526459934
-0.000116546372594899
-6.03317952137503e-05
-0.000119787772333904
-1.21427769863695e-05
-3.40945244422264e-05
-3.65738837209948e-05
0.00832744566459142
-0.00124649400085673
-0.000365548156171757
-0.000132099877666062
-0.000152309584073135
-8.24381115710356e-05
2.70801475475158e-06
-3.10344987761983e-05
0.00889828184366444
-0.00121868923664584
-0.000471415934217506
-0.000185289517110242
3.86285987756477e-05
-6.88910910474961e-05
-0.000180043831852634
0.00908578435135815
-0.00167182161897077
-0.000332627543360743
3.81508630633662e-05
-4.44057559452935e-05
-6.79550375557707e-05
0.00843802641226328
-0.00154523606818365
-0.000209377867258808
3.42904963037367e-05
5.45670968144085e-05
0.00795928821224079
-0.00142458138434359
-9.91756061792726e-05
-6.61391232117175e-05
0.00814988000996225
-0.00141868350952591
-0.000228019112564091
0.00821367913826984
-0.00145832750309065
0.00847832776341922
