0.118167047530136
-0.0528100647365033
0.000419800782290949
-8.21071095601523e-05
0.000973239487009358
-6.95092026438627e-05
-0.000855246293181887
0.000674610919611833
-1.94532977670145e-05
-0.000983824711175603
0.000703090530552601
-0.00147494325003247
0.0047687220265044
-0.000787769676377984
-9.48139491692062e-05
4.13082278363655e-05
3.78884436641092e-05
0.000117258631278598
-0.000495582747669539
3.13183560360315e-05
-0.000310690285319634
0.000146901682066189
9.95373773798095e-05
-0.000269959790941063
0.142961949010047
-0.0570521948080393
0.00146251650832956
-0.000877267394047149
0.000233100583195037
0.00031228425457581
-0.000292291690967718
-0.00098991218185005
0.000727956070384115
-0.00081685083225594
0.000250156993591231
-7.25639076175408e-05
0.00488602161208887
-0.000926858016191985
-6.35324318905422e-05
-8.30548813202785e-05
0.000190888349137026
0.000172552173289452
-0.000129780199111807
-0.000145427709941388
0.000182816310337079
-0.000137109810783738
-0.000621161369914176
0.153602053338259
-0.0587416835899638
-0.00366706021349912
-0.00112618377293868
0.000710348454709062
-0.00080871873455135
0.000901142813516727
-0.00109982106712876
0.000502769037076292
0.000890747181648829
-0.000132186225604077
-0.000122583517008918
0.00508462274011461
-0.000860900190248117
-0.000151009477047096
-0.000368370228340622
-0.000418416057157919
-0.000314762253995054
-0.000166317426118153
-0.000809729783750532
-6.50695694787738e-05
0.0002787179482434
0.168279018223443
-0.0620269090807275
-0.00394819765498461
0.000587139458920863
4.32377486537334e-05
-0.000481065590977693
0.000931129426257666
0.000780044210624924
0.000546956984682867
-9.82159308540063e-05
-0.000260033753248499
-0.000519389602536861
0.00526665005497203
-0.00104971729737302
-0.000626649116759865
4.21883881711453e-05
-8.511302311854e-05
-0.000294201202953294
5.65573099524383e-06
-0.00031609680021252
3.32452297226642e-05
0.170258885524567
-0.0499398536494891
-0.00297339422452294
0.00106296416901039
-0.00171324733631224
-0.00156456553387253
0.000651269549597689
-0.00203002722478474
0.000422354665882555
-6.64402142296084e-05
-0.000300957768403887
-0.000588424353510474
0.00513721490549235
-0.000597266575392187
3.24478366966906e-06
-9.13036812969486e-05
-2.51792563925808e-05
-6.38205334631619e-05
7.48409403714191e-05
-0.000350558995319241
0.139929190089922
-0.0396892153104608
-0.000866662793932381
0.00017311738531545
-0.000333592042807382
-0.000761575660074364
-0.000761904805983332
0.000295876210519873
6.87316799436169e-05
0.000125193504822685
-0.000214235258361291
-0.000517108806439747
0.00556790799774954
-0.00106270784746741
-0.000214161166812688
-0.000124516624405324
-0.00025771784306752
8.19948573034626e-05
-0.000331081188018675
0.11110957414703
-0.0406813775335626
-0.00032265400749127
0.000484281620145336
0.00076854412577636
0.000685728306138457
-2.48972444193957e-05
0.000179532791461524
-0.000234773815998343
-0.000568045012122868
-0.000296539381547452
-0.000588205862622169
0.00584840071197711
-0.00146927374259638
-0.000288151297878501
1.4934515966479e-05
-1.00491107871988e-05
9.78695097494606e-05
0.1042078785188
-0.0367954086869859
-0.00111824573917396
0.000426821315613177
-0.000693435759780822
0.000195294301725998
0.000310847010832912
0.000180018883487561
5.23081418407382e-05
4.05358724068213e-05
-0.000286879549208612
-0.00101931478231181
0.00582615178131637
-0.00125747638936213
-0.000189610285828775
-0.000142783133049992
-9.94529412293717e-05
0.10570668473877
-0.0398403710345648
0.000873310695762743
0.00177236091709025
-0.000376564516842454
-0.000173986070546739
-0.000174364918455288
0.000199267109086249
-0.000202723515463263
-0.000512610652409112
-0.000627720121448717
-0.000692133043361675
0.00581580071563912
-0.00131900985101049
-0.000229280378624371
0.000104767513942297
0.109434470834017
-0.0411479389796135
0.00194672428163518
0.00026318566302817
-8.06843564535406e-05
5.83235743707997e-05
-5.38546204061732e-05
6.1031702161761e-05
9.49255000789785e-05
0.000304951868080832
-0.000318462326200724
-0.000644578354606822
0.00590493310995368
-0.0014809412573862
-0.000391091040586904
0.100974538083159
-0.0368539036706764
0.000160295577481142
0.000301523218197908
0.000105425377606852
0.000364113272364886
0.000170043285753083
4.66690189920382e-05
0.000318119698735735
1.77315374315406e-06
-0.000109773869963408
-0.000264540056591414
0.00644959606728049
-0.00137910583752174
0.109077529301549
1.53137607909251e-05
5.43343802851615e-05
-0.000131284572971331
-4.18576927523593e-05
-0.00019465964182145
-0.000243939936404513
-0.00017570671081652
3.57078259781996e-05
4.8069734570758e-05
-0.000509845475843971
-0.000807369646405979
0.00671438665034252
0.00803449242018707
-0.00145029073708298
-0.000257091143877305
1.91984797730795e-06
-4.09853288223079e-05
0.000176559515911214
6.54809944113207e-05
-1.90261887512285e-05
-0.000173436703027662
-1.22624643089863e-05
0.000116312621106749
-4.08815942141717e-05
0.00865755511759679
-0.00108001684793191
-0.000320822106559346
-0.000215950733566766
2.08611936763819e-05
-3.90136275665214e-05
-7.70163711689109e-05
-9.92746990667818e-05
-0.000123399888473911
-7.58398710118107e-05
-9.71837882099159e-05
0.00844130006419464
-0.00127531267885172
-0.000316488646325204
-0.000242608375838462
-0.000103025307035243
-5.42100940329744e-05
-0.000134801883792511
-0.00011517817704635
7.16721272014287e-05
2.48976400864003e-05
0.0091703240371992
-0.00151599730359976
-0.000366905490573232
-0.00022750438016515
-9.95874465118553e-05
-0.000122642860729739
-8.14363394209901e-05
-4.52479597441895e-05
-9.07727302488332e-05
0.00931911431669875
-0.00146250517983816
-0.000279545693284313
-0.000154913745301474
-0.000198010368538707
4.48472864989161e-06
-5.34964424494496e-05
-5.20433803807344e-05
0.00982743442224052
-0.00144273736699273
-0.000644190734464862
-0.000124123757599626
-0.0001009780448293
-3.14165447573334e-05
-0.000186675746897919
0.0100529184756538
-0.00198318718185237
-0.000479322870093272
1.57275290826979e-05
1.51058958774144e-05
-6.29946309792597e-05
0.00989593912423309
-0.00172851728022326
-0.000270070083870195
6.0319900383238e-06
-8.33541739813865e-06
0.00955937806147501
-0.00159048361500997
-0.000153451536011585
-0.000120891166533656
0.00982994887983794
-0.0016639866234322
-0.000225632545655302
0.0100671233841965
-0.00171079404889054
0.0103429639065124
