0.0965222750863488
-0.0425336620925193
-0.000794462642232357
-0.00168357438241989
0.00315618291050979
0.00185381392765792
-0.000584181266034192
-0.000347331544618388
-0.00106529267599624
-0.00138251465304672
0.00088578515259848
-0.0030926965307584
0.003438012852178
-0.000770741953387414
2.20755104852907e-05
0.000128855100142458
0.000480826820704583
0.000585644765029894
0.000250518739873126
1.51243768681588e-05
-5.12254571732965e-05
-7.93375888635867e-05
0.000308202359452436
-0.000624425976729898
0.110955552042591
-0.0478493938823908
0.000885638933780928
-0.000776347786582895
1.50458021756275e-05
-0.000633949099282242
0.00085842059930883
-2.00663561333318e-05
0.000733851681072372
-0.000303247197409798
0.0002723567012135
3.489675350089e-05
0.00339409682710197
-0.000861882294519755
-0.000180886220071549
-0.000183425312542687
6.97205735759297e-05
0.000165700119468546
0.000157057419125795
-0.000289373083346913
-0.000127661854961941
0.000106208022384762
7.2125237228934e-06
0.124281983190846
-0.0520971862819741
-0.00270799530573656
-6.28579749280743e-05
0.00155119259329152
-0.000787283886545208
0.000658337208919357
0.00148579434059591
-0.000852225754103911
0.00213043440198266
-0.000215264269346153
-6.86036944065706e-05
0.00332948896817382
-0.000936463708075732
-0.000119360717185375
-0.000142150937973123
0.000349448837038199
-0.000402397520640518
0.000240719399239827
-1.66815388785145e-06
-0.000279976563537093
0.00010918206633188
0.144959356895347
-0.0580746492321317
-0.00782899491262511
0.00361220762999466
0.0011207848895293
-0.000178089796680052
0.00061811484166604
0.00106444480530639
0.00254561233727214
-0.000264589221939892
-2.80150039474002e-05
0.000196962336670621
0.00362252281598734
-0.0013292030762328
-0.000824579323290957
6.4809750211446e-05
4.83813470217852e-05
0.000213446413210901
0.000290922278097248
-0.000102235110466918
0.000719568961078094
0.151229270532583
-0.0499232406823731
-0.00403034948382315
0.0036238158347459
-0.00304563027373464
-0.00336123879070294
-0.00030372854157655
-0.00585464860080577
0.000478084199373363
0.000150910943173344
-0.00022417130381103
0.000586470273353049
0.00409984993861877
-9.70225505416135e-05
-0.000186822403248098
0.000327600022244608
-0.000498784401730521
-7.87029243195787e-06
0.000355387242622417
-0.000924319409907493
0.140130684501581
-0.0486585605261354
-0.00278888592875839
0.000634396282019799
-0.00254843900150794
0.000625015442325363
-0.00528468561536717
0.000143631578683877
0.000128673390151679
-0.000100365933062489
-0.000256689461224949
0.00076640746805821
0.00403754839093972
-0.000559966598372435
8.15093726745944e-05
1.55394682671438e-05
-0.000179855437999598
0.000337175736188568
-0.000992554746713018
0.118236157373148
-0.0474373996818293
0.00147885258628389
0.00132593860149576
0.00108456125032103
0.00294355697225053
-3.15430850118784e-05
-0.00033659019783657
-4.50545132297595e-05
-1.99783208449193e-05
-0.000608022355614036
2.52063963864283e-05
0.00351577966778414
-0.00151943029699951
4.3650325379455e-05
0.000217730959568813
-0.000230437987487917
0.000933935896107996
0.11959757847918
-0.046730498274033
-0.000138632406906363
0.00123460261660868
-0.0024943672868874
7.37028413385926e-05
0.000234747467093121
0.000261542092191192
-3.86817109717822e-05
0.00039742491154614
-0.000189084074630779
-0.000388436249615048
0.0038563160107058
-0.00118989471521635
0.000142368957910959
0.000155028707533853
-0.000205468499942434
0.122031156703621
-0.0416777600882604
-0.000336738916315682
0.00411733005891067
-9.29316406425909e-05
-0.000148977368222464
-0.000194458842482346
0.000121041708802735
-0.000177805858125309
-0.000488297954738617
0.000224267903481221
-0.000678466105268212
0.00356895982750757
-0.000984264297876293
6.25987084185422e-05
0.000316850782571243
0.137536711694718
-0.0487047799527103
0.00943805676064741
-0.000104422292652546
-6.66294515356965e-05
5.55618496940722e-05
1.41062697880286e-05
-0.000313891271819944
3.29269039925831e-05
0.000429768404072714
-9.28822968469776e-05
0.000266079047898934
0.00349520512321581
-0.00157760596214582
0.000405192375946862
0.128774969917581
-0.0482392501976365
0.00019474790219486
0.000500152163784091
0.000240712277785027
3.44323898720511e-05
0.000254492558466908
0.000299067934484184
0.000155554767091084
0.000273041765000777
-0.000151859929652488
0.000454627585371769
0.0038789288220081
-0.000732718334231461
0.16114194756374
-0.000187048986904403
-0.000123895065071988
-0.00013842587169526
-0.000110487974335136
-0.000644149336726162
-0.000617713779784044
9.95801407912138e-05
-0.000480157947086991
0.000523856262499422
-0.00012084312049939
-0.00082934156373953
0.0053461437474695
0.00740115840881788
-0.00140467166403953
-0.000224280822796131
-9.55197873347488e-05
-7.4312171841053e-05
7.24885163956414e-05
-1.22301073853935e-05
5.93714674017755e-05
-0.000104479401919289
-0.000143880765238176
7.18108358481768e-05
-0.000117674030752175
0.00793761660632135
-0.00087446894125627
-0.000279047772350257
-0.000146295377552031
-3.60382246833379e-05
-2.23855219012714e-06
-3.4471243123574e-05
-7.82199700837472e-05
9.60766830134666e-05
3.57807442348731e-05
4.40821838649029e-05
0.00740504676657364
-0.00105121434944192
-0.000237736139346989
-0.000210300532581237
-3.94081381484044e-05
-1.4516791192307e-06
-6.43790467333915e-05
1.22889623247763e-05
8.76508228688816e-05
3.62552794851644e-05
0.00816082268284412
-0.00120923119333232
-0.000311985250293182
-4.82846892023356e-05
-6.20254452689126e-05
-6.25199615387705e-05
-6.00826795985531e-05
3.12789085894382e-06
6.55828777156858e-06
0.0082085441197507
-0.00110078296725735
-0.000297665380152699
-2.3929290237587e-06
-0.000177196567826506
-3.86212416645232e-05
-1.15087616559878e-05
-0.000160410481018553
0.00902776383749637
-0.00126307874055644
-0.000377753206940661
-0.000142085653741038
-9.1767400830426e-06
-4.64637613527103e-05
-0.000145919246578689
0.00985396261971817
-0.00169228624469888
-0.000249047769018183
0.000124463502909512
2.8354448982224e-05
4.4428569991596e-05
0.00881084226391653
-0.00164122283088066
-0.000141117332432113
-1.04260932200837e-05
-3.43170675548815e-05
0.00856902257621079
-0.00141134946604441
-0.000126778766175809
1.40061350676108e-05
0.00891632116730432
-0.0014400491934932
4.76370403474138e-06
0.00899409764357399
-0.00153432079137788
0.00984875574075532
