0.117041313978398
-0.0547319228494384
0.00125155920120656
7.10522773032445e-05
0.000870567434543997
0.000483590473558843
0.000247512068709929
0.000177381870174975
-0.000700994516807079
1.5045930513893e-05
0.000120889960582351
-0.000189097251435936
0.00206980409858942
-0.000706203381268792
9.57034593628449e-05
2.47325082013889e-05
0.000140137661154527
0.000246231703291197
-0.000293822685992142
4.78274901670144e-05
0.000113026645129638
4.78658983771288e-05
0.000204731847200911
0.000111645121696308
0.152888302431713
-0.0713674791995523
-0.000434058428101138
0.00191610080482989
-0.000408817136224365
0.00046114725347048
0.000848358543819034
7.45670055523809e-05
-0.000284643673553042
0.000700234696916678
0.000386156752225765
-1.49103787446627e-05
0.00203072637549626
-0.000723326890124953
0.000331809417407968
-8.33478597279232e-05
-6.10797107271739e-05
2.69548244553371e-05
0.000115962585833887
0.000207340678750156
-7.60059110608889e-05
-0.00014175588621717
-1.88549226070741e-05
0.180462206869535
-0.0791321863650206
-0.00581221399639937
0.00110515317231104
-0.000499874787807079
0.00126242987321724
0.000202232172218689
-0.000487966784324196
0.000615390464050826
-0.000407154695587138
-0.000193647560024895
-0.000367399237385425
0.00230390944328622
-0.00063087525907658
0.000238931943567481
-0.000136576521024026
0.000211756042728436
-0.000379685254897313
-0.000132553222174934
0.000230119548763982
-0.000144955851395259
0.000161673416213626
0.20884368865492
-0.0852094077660004
-0.00547578611694467
0.000460311174017511
0.00115092480154237
-0.000883839077001473
0.00131861280695408
0.000442311298689599
0.000709989511936288
-0.000278557610676375
0.000217593898584072
-9.19040022953554e-06
0.00236599181240378
-0.00108518072924435
0.000123549986162148
4.41829563460837e-05
-5.56874639739861e-05
-1.63320849616976e-05
0.000375521382036679
-2.94832435545567e-05
2.14007727667311e-05
0.208760830151046
-0.0641669435358168
-0.0019764144849914
-0.0013235570676896
-0.00146216421857876
-0.000726569367806356
-0.000648561396893685
-0.00127469696757451
0.000187360950170717
-0.000251290342526163
-0.000288806555418343
-0.000480814446134653
0.00244452333034738
-0.000280343936797933
0.000273488873986725
7.16773222376806e-05
0.000131920422557406
-0.000369393828123548
3.58947015973146e-05
-0.000192612958807076
0.164751959541414
-0.0485440598234694
-0.00166737226172404
0.00100942794267243
0.00040093876891341
-0.00149784464688506
-0.000277822274906508
0.000175791312107247
-0.000122465425257064
-0.000210584809977147
5.49891506945751e-05
9.95022334124593e-06
0.00234898684671238
-0.000465669326675785
0.000217711289676243
-9.72869265805144e-05
-0.000118192010043267
-0.000251751811785118
0.000100935618739248
0.126901211662749
-0.0501062530508711
-0.00170156641506164
-0.000112878752194888
0.00227259626709152
0.00100102666660977
-4.72254334270294e-06
2.2507200792774e-05
4.337152744284e-05
-0.00020519032011183
-0.000205979975572907
-0.000139905244093395
0.0031402708595916
-0.00110688870365999
-1.88565308039559e-05
0.000202041876803464
0.000230112529776473
-5.26821504510755e-05
0.121547069924593
-0.0462220390776867
-0.000142481256878191
0.000552838722396294
-0.00122388484358951
-0.00011926768776672
0.000135003295241339
9.90569028863013e-05
-8.87384826329366e-06
-0.000273589160615011
-0.000237041537562007
-0.000103950319232403
0.00279512248024249
-0.000754061074986457
9.26527410670172e-07
0.000183177361677566
4.64825114165467e-05
0.11785999414501
-0.0476192069170594
0.000150323950810105
0.000208506447280105
2.80792564098597e-05
-5.90623671647951e-05
-1.08097904056404e-05
-3.08148172413463e-05
-0.00024443717923073
-0.000362791428486539
-0.000169190460446141
-0.000256751681071838
0.00295149409958601
-0.000828598296294324
-0.000262481232422514
1.69944908375469e-05
0.11652059568598
-0.0477759633422416
0.00201625193703031
-1.38494977014162e-05
-0.000155382123319983
0.000116538760799336
0.000191614274390924
0.000292399677453813
-0.000167180651490607
-9.71431965381103e-05
4.690568792826e-05
-1.20409717951454e-06
0.00303648576534488
-0.000769229974899183
9.38218022596559e-05
0.111195452933652
-0.0479991583675866
0.000140169924836976
0.000101668820957705
0.000233759021254126
-5.44318793068621e-05
-0.000133501977515304
0.00023635086363633
0.000190025811433851
-0.000144397201905491
-3.50623137781481e-05
9.72633104005052e-05
0.00329961116961594
-0.000749500891768144
0.126737046294405
-0.000155882396293498
1.68684024850035e-05
-0.000187713786257184
-7.73783247483102e-05
-0.000118949249332708
-0.00025545825600151
0.000145791551662766
4.64461929133649e-05
-0.000330427269473165
-0.000206551475453086
-0.000321329214945139
0.00399452731445075
0.00461004572205844
-0.00121716446709666
-9.68585591479856e-05
-4.8238703349133e-05
-8.37914868225324e-05
-1.61250558537529e-05
-9.81230533028463e-06
1.48385045226964e-05
-3.26891234527747e-05
4.12099857869943e-05
1.67757582398239e-05
2.37945739361612e-05
0.00493499177114084
-0.00117054234990737
-0.000129008587610055
-0.000133720436454382
-7.80457974735271e-05
6.18633203849856e-05
-4.71365154811675e-05
6.32830954101779e-05
-3.23703692960206e-05
3.76466180075948e-05
5.30363165450662e-05
0.00515383076101003
-0.00116810681532423
-0.000174453864093903
-0.000121557818423438
-1.32537003118895e-05
-2.73992152550427e-05
-3.56511361471229e-05
4.15369542895643e-05
8.08658636318486e-06
4.25217822949898e-05
0.00578699947740434
-0.00153973635172446
-0.000273651082391877
-4.15972475683827e-06
1.81931568068461e-05
7.05534634238453e-06
4.92642848284301e-05
6.49304506113207e-05
0.000103058372493044
0.00620750801322928
-0.00141303341947588
-0.000166698657565263
-5.19063929142466e-05
-1.06018873364772e-05
-7.21717174825493e-05
1.1129527713095e-05
2.09913400779145e-05
0.00634950919134836
-0.0017031512633627
-0.000139725286214711
-4.32900363929884e-05
-2.5892782060597e-05
-4.54266933568222e-05
-1.87312564377021e-05
0.00794661215522414
-0.00206617622404348
-0.000335420460921342
-2.3271799850673e-06
5.69390631245953e-05
5.6522478738001e-05
0.00673971435716757
-0.00147839438601087
-7.30010146521361e-05
-5.68519361190737e-05
2.87872915184503e-06
0.00630569370043882
-0.00147065793293558
-5.4867298319815e-05
4.56954640449078e-05
0.00646509671750737
-0.00154896799274161
3.2120204736044e-05
0.00654611729797836
-0.00144511790356354
0.00720995805597546
