0.141934037006403
-0.0725427276577703
-0.00138677585656279
0.00116646365975709
0.000749671134584383
-0.0010237494802169
0.000325720191247691
-0.000351472751435512
0.000848024645695863
-0.000827700711590655
0.000185090993162763
0.00022007518235313
0.00639982501330582
-0.000994073968324727
-0.00077152790467701
-0.000398706196555466
-0.000546123675205197
-8.51423795790461e-05
-2.98800051674695e-05
-0.000129447448293822
-4.8790347232575e-05
-7.86358700424377e-05
9.13078066255055e-05
-0.000143485817523332
0.1762111241798
-0.0606798336712734
-0.00183820487290677
-0.00112788967382344
-0.000374855290400767
0.000357086131214569
0.00111086690757258
-0.00100914149102805
0.000440971473409364
-3.1190704989085e-05
-0.001075038760986
-0.000590428427967277
0.00708231375382129
-0.000532386466231257
-0.000227209943114968
0.000225920779320266
-0.000361992569463522
3.88476373441086e-05
-0.000240794834372772
3.09260988321102e-05
-0.000248345316169111
0.000123664780124058
-2.44036212973591e-05
0.174296556240158
-0.0730716836357674
-0.0039428386666642
-0.000674935612934264
0.000407909360829691
0.000811075093489604
1.67772465167755e-05
-0.000195927814030596
0.000126024639912998
-0.000459133953722586
-0.000884905751849508
-0.00068582316723433
0.00671176112295874
-0.000620586338231701
-2.07219849984774e-05
-0.000401137076987301
-0.000368266019830555
-1.57910590211133e-05
-0.00027233443631969
2.66799303730495e-05
-0.000302840799145098
0.000282931173060555
0.212152713677777
-0.0860158268287967
-0.00292177197122723
-0.00078096928303736
-0.00117700520310133
0.00121216600866593
0.000746321303575527
0.000330739025352369
0.000991004817356789
-0.000179807821637322
-0.000513985765524966
-0.000720562860797865
0.00712702213399482
-0.000590442830619939
-0.000490476655563193
-0.000208303569944487
-0.000363361972107121
-4.29651038952775e-05
-4.43110781439364e-05
-1.36704777475361e-05
-0.000316998911859188
0.221151628084278
-0.0645778061805006
-0.00227548415545432
-0.000598515464472681
-0.00237867178083775
-0.0009191548635187
0.000522599004056443
-0.000151808852324231
-0.000145370693452348
-0.000342118718623193
-0.000621749669209227
-0.00100320616049939
0.00640664487569373
-0.000189318698424095
0.000114715633549155
-0.000118402989945605
-6.62970483653909e-05
0.000169524759249587
0.000136113228840059
0.000224231455420889
0.170319041891583
-0.0438028495711494
-0.000459172820317352
0.00061389117957293
-0.00214641833884745
0.000652888189611731
0.00150998469099489
-0.000122516718458305
-2.91545760444708e-05
-0.000510794092121066
-0.000816517054544852
-0.00123126501911829
0.00681841562821178
-0.000460816823412527
-0.000493829878762559
-0.00014094669160863
-6.98661565335971e-05
-0.000112474769946227
-0.000217138394440649
0.122230922145166
-0.0455093309527812
-0.00268229835309691
0.00238486917991805
-0.00136956848945718
0.000679619301367565
-0.000120634215326418
8.07798676453668e-05
6.07197427810089e-05
-0.000100638941488564
-0.000315292477559278
-0.000825987633539016
0.00716899280949607
-0.00107478042494865
-0.000258481251129914
7.09829034166012e-05
-8.51275020222258e-05
-0.000137732589083607
0.116335000535718
-0.0409877643782243
-0.00278196915122245
0.00137997592704969
-0.00178668012079678
0.000321515679137056
7.60259724818519e-05
9.72823360578606e-05
-2.42755579466068e-05
-0.000232964732647831
-0.000588614648209174
-0.00104595294425315
0.00697693722769865
-0.00100036079804363
-0.00021028009228722
-6.7814586054514e-05
3.89495295177303e-05
0.116053940051656
-0.0474527927854209
0.00426711761238872
-0.000269202311505296
-0.000277315774421841
-0.000156330486915884
-3.44055056323042e-05
-0.000142545622293771
-0.000168397520937477
-0.00051953374742487
-0.00075803160971091
-0.000691346199877063
0.00642838766150049
-0.000774369884718624
-0.000219027059170992
-0.00010678590254165
0.122156680954836
-0.0505485570243568
0.0013840351296878
-0.000113265825784723
2.54316757257497e-05
-9.45455629750538e-05
5.63263418963959e-05
-2.69402329596064e-05
-0.000327335645088898
-0.000261801461267746
-0.000484746355108871
-0.000841345016412183
0.00649973575959975
-0.000907289388118733
-0.000298994494681853
0.108024267367151
-0.0383481976095833
0.000175016327971837
-6.06856866262178e-05
0.000235459488289599
-6.10391893918012e-05
0.000117585811566838
0.000470886762873049
0.000249936049382212
0.000158309340340942
-0.00014810285463679
-0.000361433825970308
0.00727502267210107
-0.000999096539547959
0.109752236356684
-0.000433530542386092
-8.17761736161302e-05
-0.00013991737334575
0.000172616850181358
-0.000120478898621088
-0.000253885722665129
-0.000205481576349553
1.70996340089748e-05
-0.000230182367837765
-0.000606522966411861
-0.000957454990857177
0.00793836758160222
0.00927661278022313
-0.00169317216693426
-0.000610114624683365
-0.000460118890986098
-0.000159667600405284
-0.000222062454322264
-1.58497040382868e-05
-0.00013774888832313
-7.27184642097297e-05
-9.06280248078038e-05
7.5303412420169e-05
-9.77422442683299e-05
0.00971511495321096
-0.0012552717349224
-0.000483597934241187
-0.000188584085334535
-0.000140894738445796
-8.42077495338989e-05
-6.36355275500528e-05
-5.08677785786849e-05
-3.30698477261208e-05
-1.14586621007251e-05
0.000104532731357244
0.00941104488234756
-0.00122010733106498
-0.000419059120527061
-0.000370694833263863
-0.00014454260576558
-9.26154302420893e-05
-5.96732559421394e-05
-7.48195014573921e-06
2.24204726990504e-05
-2.2387952296643e-05
0.0104376558202838
-0.00158711081881099
-0.000506662654821078
-0.000247352914833924
-5.7058688683289e-05
-0.000125299067163453
2.64250594007214e-06
2.94078092871466e-05
2.23485599126314e-05
0.0102617175048514
-0.00136982666462126
-0.00048854188493473
-0.000237148014558495
-0.000157530259134979
1.6766174709991e-05
1.07395796024704e-05
-3.15261878051918e-05
0.0107306681744374
-0.00136733595560423
-0.000728084717288766
-0.000215713929815316
-2.74652677338871e-05
-7.33531850982362e-05
-9.43096231755501e-05
0.0107980262544099
-0.00176286896131035
-0.000553672405423192
-8.30338777474438e-05
-3.2690820838323e-05
-7.35678041155361e-05
0.0103316511310932
-0.00142767045322796
-0.00030604030726712
-8.92365059716107e-05
9.1410832245174e-06
0.00964019372641788
-0.00128733821607985
-0.00023483022027233
-0.000150703452017255
0.00998646050203888
-0.00136529514145395
-0.000352558703585042
0.0102006566465313
-0.00136178638321186
0.0109156164592743
