0.0936897903165917
-0.0388987114309866
-0.00163083153178422
-0.00135855296282981
0.00167168501279006
-0.000108899633897741
-0.000338517351971577
-0.000999152339737449
3.36350402330386e-05
-0.000659972635717224
0.00049607580839622
-0.000912928919173763
0.0133748856489944
-0.00143849679502551
-0.000936847169790633
-0.00108115449918541
0.000315038126646157
-0.000134615375734941
-0.00025076789277948
4.24677082840899e-06
-6.59784109366771e-05
-0.000333146514563515
9.11220553633451e-05
-0.000359561000330863
0.103602408136844
-0.0320194561400333
-0.00101670180360862
-0.00220688212289258
-0.000279908733523982
0.000156111748637699
0.000427425179732893
-3.92583490678019e-05
0.000315315281472184
-0.000362566998027307
-0.000222609346253718
-0.000781971478690482
0.0125820883913968
-0.000900415728563049
-0.0011591353498957
-0.000193104903807882
-0.000109850512935921
-0.000176057950196692
-0.000203988874996745
-0.000324816309551045
4.51901042216048e-05
5.49972749124383e-05
0.000258278975497608
0.0990885322709932
-0.0358996847705744
-0.00193450041947013
-0.00161541502123953
2.96120404169137e-05
-0.000156369301828194
-0.000460136536391386
0.000174421678653067
0.000196811220113679
-0.0005871631269467
-0.00122784396199795
-0.000476663308956153
0.0111371802589159
-0.0013755145148418
-0.000593561685496554
-0.00066986816176763
-0.000493342692245261
-0.000444411929818587
-0.000175831179739462
-0.000153134885340061
-0.000281111665948235
0.000110738542303818
0.117735091115387
-0.0433933373937934
-0.00195764983701908
0.00122608485707472
-0.000182540226238431
-0.000291957221205138
0.000455374648146954
-0.000678632218245574
0.00114613361993255
-0.00133954208401328
-0.000848261277384883
-0.000816527346788033
0.0142824211214185
-0.0017965148159999
-0.000463863890292323
-0.000149312209372604
-2.75137714094527e-05
-0.000167086649578858
-0.000142911814360609
-3.80376189724859e-05
5.00951416671869e-05
0.120786337907221
-0.0339851504403646
-0.00131057494929671
0.00100254028632628
-0.0017105945188375
-0.00143720417407671
0.00145682577977453
-0.00212960742181935
0.000382393174078094
-4.58211669746104e-05
-0.00102554568834662
-0.00118501821880951
0.0123381641393133
-0.000617095801640832
-0.000671255947849298
-0.000178976413460348
-0.000483937565453976
-5.52698655838972e-05
-0.00016748677244949
-0.00056291099486094
0.104878813136198
-0.0295436445930006
0.000150707017685216
0.00106587344495128
-0.00156243489066567
0.000996568254374218
0.000372490211326728
-0.000549444725994268
-0.000149909089028558
-0.000690962460182924
-0.000482072803808086
-0.000907845008406447
0.0126823745804933
-0.000507530352116752
-0.000646194920625119
0.000241147551695894
0.00029880851146999
0.000190069294394365
-0.000399353421768533
0.0873719552593822
-0.0303304563545641
-0.000652937776317595
0.00207752103455441
-0.00145120413486937
0.00132309021385261
-0.000229471454288212
-0.000376908019770955
-0.000415787043438063
-0.000258251812573365
-0.000916889559300524
3.40101440681459e-05
0.0120363874700945
-0.00119500626624024
-0.000755597170923138
9.24443202926905e-05
-0.000325147719580103
0.000265118702799254
0.0871982209808011
-0.0284886234960959
-0.00256834219440139
0.00202269347176668
-0.00203831158490098
-6.70405278327033e-06
0.000135422573580117
-7.4204854562026e-05
-0.000249478218333483
-0.00033360097589187
-0.000793017110303317
-0.000882435466367835
0.0114687603248105
-0.00118258432436898
-0.000571466970642426
-0.000163819210378282
-0.000376870935738707
0.0882512137960351
-0.0323701237489191
0.00505398006733866
-0.000275300721119832
-0.000413584869217948
-0.000175693991267329
-0.000397721885832406
-0.00034568544056883
-0.000191465465853331
-0.00027416915445369
-0.00065463101623164
-0.00065585207707763
0.0116891976096785
-0.000581463579189635
-7.46995930760315e-05
1.13324376830283e-06
0.0992353275176124
-0.0372690720187497
0.00178870148159045
-0.000228739250027441
-3.65347164811716e-05
-0.000185197558807897
-1.69796936725137e-05
-0.000433148464233851
-3.4756762260902e-05
0.000183627789280833
-0.000720216841547433
3.90396034575232e-05
0.0122849605793065
-0.000824665806555183
-0.000561425705922273
0.0860836639139812
-0.0243387762118609
0.000246270206270786
0.000201589009217144
-2.28146194993345e-05
-0.000468467181824593
-0.00011604278704646
0.00038025176581517
0.000333616851161167
3.69959868183747e-05
-0.000341452471164231
0.000195609145708128
0.0115003308574526
-0.000755847779329652
0.0918917300928385
-0.000783801238027323
-3.45510511431642e-05
-4.54871369321142e-05
0.00024358038615072
-0.000557793816185238
-0.000234910060320298
-0.000155207590718675
1.91855075034027e-05
-7.02497559889785e-05
-0.000863163896762344
0.000355709108785725
0.0136973218259553
0.0171827665675598
-0.00208276950523689
-0.00126256208479421
-0.00155756719232665
0.000128138198917691
-0.000401362013911629
-0.000316059880807293
-0.000325288370378358
-0.000144990261826525
-0.000212423561761264
-0.000117229516745576
-0.000276440597754337
0.0167573000103749
-0.000837774514760477
-0.000951644760524306
-0.000256306231207977
-0.000171204010617672
-0.000390968436291392
-7.2877892001253e-05
-8.10170604625779e-05
7.75715979272422e-05
3.90202590082972e-05
0.000120315424424179
0.0139505890154759
-0.00117297411715749
-0.000688190431983546
-0.000665783530320851
-0.000518689885396668
-0.000197964995298862
-0.000293561245005823
-0.000236954297596426
-0.000227760921921224
0.000119891928532726
0.0174730273224859
-0.00211081841947751
-0.000649209963963269
-0.000345800894755169
-0.000216233153683571
-0.000274120103580923
-0.00026114898035023
-2.77522618051058e-05
-0.000152621929017842
0.0159436553282698
-0.00144598408368725
-0.000969093984563897
-0.000582179850390873
-0.000260352406957252
-0.000294246882594585
-0.000147098368808674
-0.000190143400633407
0.015986553116337
-0.000652019016883143
-0.000917381002199148
-0.000298176917698985
0.000376315792445133
-5.7920897895665e-05
-0.000207896786423083
0.0156385134755794
-0.00134250144738973
-0.00069898760111573
2.9650747750233e-05
-2.25439620804334e-06
-1.37576945045438e-05
0.0149515361637679
-0.00141100817800507
-0.000549710626290915
-7.82271126203569e-05
-0.000166265273875911
0.015283566505606
-0.00093192816393493
-0.000385136738325698
-9.29937110036058e-05
0.0169835321549652
-0.00105960540595678
-0.000792189101983767
0.0155763488250728
-0.000776529138828982
0.0175767010840604
