0.117024479506115
-0.0555087717807442
0.00154147511913061
-0.000729029178870131
0.00120171891640201
-0.000846805222925421
0.000472959907417503
0.000523399631142669
-0.000126316232794637
-0.000408729750506735
0.00071640984314837
-0.000133817166800735
0.00266118820997128
-0.000738729515022492
-7.23713794511266e-05
-0.000103573218593835
4.20140646975283e-06
-0.000110431631616523
7.58903892121859e-06
7.65350911601144e-05
-0.000228212724123779
-0.000161157862803808
0.000111384676825421
-0.000248762718754318
0.150920312693693
-0.0699675284463215
0.000642599711191853
0.000120858271500627
0.00107702886540685
0.00118375649586434
0.000589298335490661
-0.00111803961213365
0.000268966821178015
-0.000147027556577994
-7.14595512982834e-05
-0.000126374295867662
0.0025914036105494
-0.000618248486841278
-0.000129269153079319
0.00011533235396931
1.83217572907439e-05
9.11393814867897e-06
-6.10485410171509e-06
0.00028291916632574
0.000165345739437253
-0.000151381067413384
6.02528344167031e-05
0.170358127099067
-0.0736629687595688
-0.00354752320883831
-0.000333272959097733
0.0003922801323357
-0.000421594185633916
0.00304887615041124
-0.000753116076451013
0.000285756412917146
3.16322898047679e-05
-0.000515557053399771
-0.000319662727982465
0.00282170628517207
-0.000271957373931595
-0.000182219725555887
-0.000117060191374902
-6.76952848443079e-05
-4.59350474112296e-05
-8.52771877333453e-05
5.60894276837472e-05
0.000189024569563207
3.71423626619158e-05
0.189951258547348
-0.0791916652845795
-0.00371558018492081
0.000245226861802734
0.000556114918643663
-0.00133883274103919
0.00110940533959798
3.07953895776489e-05
0.00124885413791147
4.30442487667252e-05
3.81029419514356e-05
-0.000217715763138383
0.00260317456631564
-0.000538742314239191
-0.000116908516265942
0.000113700606270159
0.000123050782266853
-9.48833230474329e-05
0.000224457121282519
3.61439800833153e-05
3.82946165801151e-06
0.195735455919109
-0.0614023287455343
-0.00296140169524795
-0.000272270086872275
-0.00201045807235253
0.00171900107760321
0.000754199850859118
-0.00225355095444386
3.68509900899116e-05
-6.13563426508571e-05
-0.000243725585676314
-0.00072794623542386
0.00266626141074527
-0.000136224281028195
0.000490379040469939
-0.00021760947633708
7.41195379276053e-05
7.91280571718642e-05
0.00012606442062098
9.43437718668801e-05
0.154319725669083
-0.0446722238443715
-0.00295538118469002
0.000679505078132891
-0.00037481625969372
-0.000919300655135815
0.000964041033893323
-4.46376832557948e-05
0.000118162300342087
-0.000193178510514737
-0.000201766094267998
-0.000254820111515734
0.00335347861773733
-0.000447068449958459
-0.00018719551439305
5.21309206315738e-05
-0.000105291325983129
-0.000247857963875281
0.000200165746964113
0.121749139848794
-0.0480292093636474
-0.00172286743570399
-4.24177684089466e-05
0.00103777611761769
0.000220387054852221
4.23755642045416e-05
-4.23316981040582e-05
0.000122274393355013
-0.000151271882883497
-0.000172755059010489
-0.000336214183327465
0.00358029005267372
-0.000757721791491026
-2.3015310776431e-06
0.000186150305636278
0.000127113724394859
-0.000150931775526446
0.117081000022673
-0.0424694668299263
-0.000667648077111059
7.25157764186751e-05
-0.000578283968740622
-0.000111594465497017
0.00018109371391454
0.000114632142529578
-5.7879482284132e-06
-0.000226983691845153
-0.000267629635279196
-0.000495464617498838
0.00359975076261102
-0.000885107304148718
1.28825622982694e-05
-0.000130434141856542
0.000131667702157982
0.114230816729012
-0.0481454175063645
0.000629219727584825
0.000100782099721322
-7.41271794603413e-05
-4.48756393392157e-05
-6.12954079195284e-05
3.39143438676269e-05
-8.45800578337595e-05
-0.000572625288872789
-0.000468113636077203
-0.000382821439940478
0.00328391546097586
-0.000864274175074171
-6.30490511265186e-06
-4.26337482794574e-06
0.111591677674424
-0.0427751508490453
0.000475052926947322
4.22660192286613e-06
3.87273802633928e-05
0.000114808523761644
5.13474358610646e-05
6.99976171752323e-05
3.37934065183263e-05
0.000238175830846168
-3.86633969510979e-06
-0.000243773831646021
0.00377323823539483
-0.000793138664000442
-0.000112021214890815
0.102577768671448
-0.0416146503844382
-3.52195935915775e-05
4.6287037973511e-05
0.000100932372089773
0.000111785041025012
-1.41275631335014e-05
0.000156441507944382
0.000251843414421841
-0.00019348482911539
-8.85107470684455e-05
-0.00017881691236426
0.00403438519673136
-0.000701015797467766
0.111115584176457
-0.000105901168743445
3.19868467418746e-05
9.22318962256315e-05
2.04727708361202e-05
-3.95028771627665e-05
-0.000236066581870634
-5.2188453713339e-05
1.39757241111673e-05
-0.000105110287610809
-0.000388503157554248
-0.000388577005396629
0.00440467302351952
0.00471047317301457
-0.00105134380644408
-0.000187493528158906
-5.03321144385171e-05
-5.01164734010165e-05
-8.97192325019347e-05
2.62702116345564e-05
-2.15979384699435e-05
-3.40308478706461e-05
1.19738545513119e-07
-4.53096776798935e-05
2.9844609073362e-05
0.00501176268058233
-0.00101969547618026
-0.000184271450620006
-0.000125315323346846
-3.51629929451489e-05
7.47625291624612e-05
-5.15093593289417e-05
2.96881659626685e-05
-1.61865715974752e-05
1.84413960114316e-06
1.8871042533816e-05
0.0052809628766048
-0.00100105413123636
-0.000170135652654223
-0.000152002350236323
2.44241769042256e-05
-2.1063542272695e-05
-1.00166014454812e-05
2.23295596609349e-05
1.57873388089736e-05
1.78968618006721e-05
0.00569594704692883
-0.0012849110037319
-0.000241766734186095
-8.83854853636546e-05
-4.50779835437799e-06
-3.79147108598279e-05
1.95603780745066e-05
5.15059869262085e-05
-2.83560596809139e-06
0.00591308107506286
-0.00113211167136264
-7.02146554272406e-05
-0.000113563450451929
-0.000126992797005008
2.13633880331569e-06
-8.84986876584066e-06
-2.14882634732857e-06
0.00674908015546359
-0.00136292800087744
-0.000401924842219031
-0.0001259828204472
-2.83118129868869e-05
-8.0985142005019e-05
-2.37940563886915e-05
0.00733885239571187
-0.00163289450523699
-0.000332767892643198
5.2633079795091e-07
8.56508818922071e-06
-2.0087705808156e-05
0.00688170180634532
-0.00132283443232218
-0.00019272903366632
-1.0259619086873e-05
4.47748354866768e-05
0.00642054220032824
-0.00127264755636578
-0.000119048928545729
-5.77547843461102e-05
0.00666876342596037
-0.00143540132616419
-0.000143664499684483
0.00698620106675561
-0.00134290703373308
0.00748976907753936
