0.12802854361364
-0.0557363519512613
0.00119650031672399
-0.00197159271268652
0.000909408330858491
-0.000882782401041785
0.00198842765746938
-0.000751895005120659
-0.000317889551648765
-0.00154237836946537
0.00235405709944916
-0.00050525950074007
0.00327834573911146
-0.0005956407707309
-0.000252426329174044
-0.000164911830939843
-0.000106889764807857
-0.00010347855177233
0.00044036684657515
-0.000101148774915523
-9.87762705081157e-05
8.35269687412424e-05
0.000165854572596248
0.000275906283898635
0.169921866654543
-0.0731791058193478
-0.000557243713461734
-2.87056536619979e-05
0.00110161183460107
-0.000887319323432966
-0.00117877180944267
0.000472301024565197
-0.0028023002946695
0.00158643536790412
-0.00116349759767786
-0.000155802253275566
0.00327471731843707
-0.000580331289663423
0.000559880047209954
0.000425641726110725
-0.000131653965438158
0.000103288086825262
-0.000252529148896477
-0.000223845215932324
-0.000141378529257978
0.000177755004803626
-0.000441700792279892
0.201114805309483
-0.0813981638360279
-0.00751978415894958
-0.00142287423647391
-0.000747749825716693
0.00293644887727802
0.00168677354269783
-0.00094665238662898
0.000356039651531065
0.000242282364524412
-0.000254800916447631
0.00026152519682988
0.00313490983294091
-0.00100444347363189
0.000228858210679378
0.000321178575138692
-5.78949708939386e-05
5.35964235948342e-05
7.89030219989074e-05
-0.000661658325615963
0.000194169724957251
0.000813986678777763
0.246211236816794
-0.0930358268675018
-0.00893664664557879
0.00220809854654934
0.00142803692948515
-0.00237348050479897
0.00154723275255382
0.00109635007385995
0.00158414978565744
-5.85761711369372e-05
-0.000272838577074659
0.000645133676760692
0.00352648482568979
-0.00186919769253234
-0.00110186426167442
0.000693283779792725
-0.000438406113584297
-0.00042400963766207
0.000755674905943487
-0.000500181242734608
-0.000481045492356278
0.245421456396085
-0.0627236698448203
-0.00465980537413874
-0.00121122071640549
0.000388165537445341
-0.00221739761797407
0.000380467438953056
-0.00128178350618857
-0.000492079855773262
-0.000193949215377653
-0.000236730055034468
0.000181136371065495
0.00503602748116125
-0.000366497315520366
-0.000662009983515887
0.000194400591190237
0.000172017428915529
-5.22882022842669e-05
-8.46680249316228e-05
2.30717807010538e-05
0.190317598272655
-0.0536945984181648
-0.00150034473196309
0.000302769319694732
0.00100078800310535
-0.00347036492073795
-0.00120403498488653
-0.000220815991965786
0.000477745852069029
-0.000563880327160856
-0.000692932136739665
0.000214410404693124
0.0049178384885325
-0.000633298002328711
0.00032476671695493
-0.000240850667543125
-0.00027695778191876
1.89117629742022e-05
-0.000443338681558631
0.147405939044633
-0.0536388158253752
-0.00172476214424707
-0.000276560575128488
0.00134336015542996
0.00174992659399815
5.2739152887314e-05
-0.000591706090292792
-0.000426716759444511
8.83075601699469e-05
-0.00023285414807517
-0.000252613350895684
0.00576473889265613
-0.0013688126902178
0.00019661211869294
0.000171409328164066
0.000254236785216313
0.000315085185479529
0.14176788191476
-0.0493237620986305
-0.00019802624964948
0.0019879200850221
-0.00387421247866902
-0.000202563275259148
0.000135880021981896
0.000411096991672976
-0.000183012478214889
-0.000444844335819847
-0.000400467354527846
-0.000100809470663129
0.00481696447225063
-0.00163778149082396
0.000216325238329616
-5.08611629023689e-05
0.00014973875438522
0.13313081918355
-0.0475422065101675
-0.000858772238917936
0.00218951748469211
0.000401500202471327
-0.000217578756117613
-0.000131239093585116
-4.22477367779864e-05
0.000389455107085075
-0.000637530937166696
-0.000122979084439026
-0.000236223822570073
0.00480124786994288
-0.00108318176480953
-0.000169216851396306
3.55777033736698e-05
0.13751829677781
-0.0554900129186035
0.00220478328092414
-0.000246302758407251
-0.000306517232159907
0.000269916900915908
-0.000557452883278252
-0.000177437379116719
0.00023350693643605
-6.23655579558474e-05
-3.23703109868741e-05
0.000207932194823863
0.00487547693423807
-0.000804161869222861
-4.34572122113744e-05
0.134668495647048
-0.0547831337421972
0.000627753971333795
0.000172408961547124
1.14971590464153e-05
-0.000194719460362315
0.000171311475279292
-6.67690622855347e-05
0.000451329046779763
0.000354512600545351
-0.000565042427864781
0.000676264679469965
0.00545696014845005
-0.000907849138812238
0.164590278890546
-9.21842410696669e-05
0.000113770301935663
0.000128958718068407
0.000157401186037448
-0.000205495065113311
-0.00102639544671076
0.000304959895193902
-0.000310811206228974
1.37413844811871e-05
-0.000121503347990327
0.000113076997961859
0.00634854832561236
0.00982111195509324
-0.00239682711427834
-8.28050770813526e-05
0.000190349109115296
-0.000205008245228881
-0.000167417721217118
-8.06913870860056e-05
1.87361286820295e-05
7.98148566716058e-05
-0.000141344393536961
0.000256960173776964
8.23386907121615e-05
0.0100519513888249
-0.00197258448876118
-0.00034932160433848
-0.000117039605648823
-0.000198750331798695
0.000119307599196871
-0.000189178021048201
-0.000176540365234337
0.000132177244002182
4.78303502938637e-05
-6.56129996437816e-05
0.00983790500803005
-0.00205271375929938
-0.000224298074019914
-0.000564525638691521
0.000261117850789986
-5.71952152427345e-05
-3.67284718734879e-05
0.000252960935787254
-5.78567373306327e-05
-1.14373957835516e-06
0.0119046260832738
-0.00252486593650498
-0.000558864529425544
0.000203517421790498
-0.000116453201070208
-3.0926891814433e-05
7.70206074539369e-05
0.000158746614331637
0.00030192088023474
0.0122582943722574
-0.00246137951867142
-0.000274617295574729
-2.17706355515311e-05
-0.000166676931415642
7.15941860702103e-05
2.82706888422765e-05
-4.36587806223525e-05
0.0128433999279567
-0.00328764706407401
-4.76791020140386e-05
-1.16338644805655e-05
-6.53091345762753e-05
3.5092952030536e-05
-0.000201893442969572
0.0161451028799056
-0.00303748955262968
-0.000542858696292317
0.00022492506333514
0.00010437558183389
0.000271703214590489
0.0133100693607454
-0.00237977946759191
-3.49508758372923e-05
-2.93242831336903e-05
8.11735504487291e-05
0.0124023949552703
-0.00246390419233652
-8.31998985141093e-05
0.000222848186473392
0.0124990271962596
-0.00256108837411175
0.000263798151228062
0.0131881721446602
-0.00211864143246157
0.0144942343567465
