0.079421294687015
-0.0336810937127355
-0.000545536434743363
-0.000699481182514631
0.000548154739321637
-0.00105224439077383
-7.07237087446347e-05
-0.000149273503986785
-0.000122504121741475
-0.000450334296925324
0.00117405794742577
-0.000744446663119105
0.00927955765331995
-0.00131131538473777
-0.000604654923712568
-0.00049851664675646
-3.05301713409228e-05
-0.000168620059076568
-0.000128666770473713
-8.54643799634875e-05
-0.000267698542517556
-0.000187240463730215
0.000291180664478295
-0.000232433978376797
0.0922358717469529
-0.0372884742060081
-0.00104357627336218
0.000141130976818448
-0.0002520510398067
0.000484932421922744
0.000102630727659731
-0.000162416781501376
0.000237357276333325
-0.000303044785924179
3.70470437422662e-05
-0.00074353730960646
0.0089333168562111
-0.000937920128833884
-0.000899165732478157
-7.96900393179108e-05
-6.06616432628715e-05
-0.000203589592237993
-9.70105036877193e-05
1.50166027612419e-05
-0.000184026378117059
5.8421901724273e-05
-8.6185676271539e-05
0.0987674860696904
-0.0381370062616492
-0.00288746636596293
-0.000882933935372535
0.000257647759808739
-0.000242039004868852
-6.08020188770034e-05
-0.000111490037606968
0.000151147460773299
0.000305955403023671
-0.000685441269091712
-0.000522440896413393
0.00799784875077458
-0.000899669362025589
-0.000530315199807582
-0.000554248100678915
-0.000255089665617225
-0.000274534888918144
-0.000348931081431716
-0.000206443527444307
-0.000153773908087581
-7.5630446267387e-05
0.107494843210734
-0.0428553614988346
-0.00231454657422895
-0.000252145111911419
0.000681708341169664
2.5770216966401e-05
-4.31063922031553e-05
0.000503989949031093
0.000853131518031946
-0.000843012429810836
-0.000618239982697463
-0.000665292583272146
0.00948587825014657
-0.00113281405801435
-0.000550423448437488
0.000127850057683629
-1.78253311540544e-05
-5.28820365138518e-05
3.60276922547758e-05
8.70018284053329e-06
0.000123115461655522
0.110527784275178
-0.0350949582710481
-0.00167399488174891
-0.000260340669798338
-0.00127189554014473
-0.000163242264022541
5.56019898067729e-05
-0.00141624553196187
0.000114560663269449
-0.000119646819994743
-0.000364905416145528
-0.00100073491617643
0.0085554746530878
-0.000674305928258017
-0.000650795010758679
-0.000252401723356005
-0.000332696334053654
7.68496259355864e-06
2.14272520261869e-06
-0.000291678895525
0.0946454257861695
-0.0272269599456293
-0.00133923956583031
0.000364604002623839
-0.000444938595984002
-0.000414917018659171
-0.000164711528637554
-0.000568242259723718
0.000237361780505821
-0.000556701086371125
-9.98113823773992e-05
-0.000586480978824213
0.00941418901010268
-0.000691348237959595
-0.000583794424038796
4.59474572796709e-05
1.11565124775268e-05
2.76828069592745e-06
-0.000123798444935466
0.0751271939695811
-0.0283405642033144
-0.000326452318728609
-9.8653412156087e-05
-0.000183458292739673
0.000664653279026911
-2.03998037195652e-05
8.25086281325269e-06
-0.000144145112733147
-0.000265224123726845
-0.00059949823860615
-0.000323464995990386
0.0087112492293772
-0.00127784278780055
-0.000419839893086586
-4.13878773530841e-05
-4.70322377589105e-05
1.25653191109681e-05
0.0727567176413647
-0.0271752594530977
-4.88499633004237e-05
0.000311438608465132
-0.000550569159663436
-0.000117336064120712
-5.58911603571688e-05
0.000118336197928286
6.32824791575179e-05
-0.0001941355523542
-0.000643291534811854
-0.000693048460454
0.0083944776635889
-0.00103683333965311
-0.000289715451137781
-7.14719761801447e-05
3.3596973026282e-05
0.0735999600607558
-0.0293809368045795
0.000722716901467429
0.000246301472911526
-0.000231424352266567
0.000213803551717955
-0.000296708477454923
-0.000175815592043881
-0.000296218458275178
-0.000170639145679169
-0.000517986473540118
-0.000497416129767463
0.00839992332366811
-0.000912655744228559
-0.00030484089149454
3.80200780182858e-06
0.074010348582773
-0.0276562316825122
9.91439297934881e-05
-0.0001107385284576
-0.000289555688574707
0.000164967597669746
1.54006595289779e-05
7.50331269368706e-05
-1.74620076737481e-06
1.63418396455189e-05
-0.000412303594213206
-0.000568151110915749
0.00859165765089814
-0.00096681999734944
-0.000790250509815199
0.06658667254908
-0.025126471176142
0.000142596232232896
0.000187941673615509
1.33254235770479e-05
1.77851210016617e-05
4.9817168450295e-05
0.000122677689352402
4.52010885818512e-05
2.26458227692431e-05
-0.00022599621216256
-0.000377736253162686
0.00823534568048486
-0.000897242871609166
0.0714715798200534
-0.00038713699200364
-1.58454215790001e-05
6.57787191641082e-05
0.000170783804872586
-0.000100671473204071
-0.000278884183350073
2.32800115215825e-06
4.92046945760459e-06
-5.25949448579231e-05
-0.000959670432399125
-0.000376387611629334
0.00946938454793208
0.0113976504730249
-0.00176328880530122
-0.000741261148428159
-0.000811110333243737
-6.64507924187856e-05
-0.000275175863648775
-0.000169583772208948
-0.000212707232361811
-0.000223440433996561
-0.000118062538197621
4.73273179917105e-05
-0.000160052262995522
0.0114665740855127
-0.00109490432598667
-0.000677724036747745
-0.000237039836380145
-1.36791819225119e-05
-9.44280309476583e-05
-0.000110822663379441
6.54258437537359e-05
-1.47787158935072e-05
6.86103481739684e-05
-2.74312531470195e-06
0.0101197896362628
-0.00110422678221833
-0.000512079316807921
-0.000380319675071133
-0.000182730208441326
-0.000108702983733576
-0.000202449108937936
-4.66479141810066e-05
-9.25730799075548e-05
5.83525090436803e-05
0.0117489413883411
-0.001672723373218
-0.000358909637525278
-0.00012791779631613
-0.000123610408480175
-7.45455485322856e-05
-5.71456999498964e-05
3.9903598970494e-05
-3.44784674351071e-05
0.0110952331764487
-0.00127431365425263
-0.000562052989675592
-0.000322507356906044
-0.000219790005923879
-7.02770086408069e-05
-3.31559023922929e-05
-2.40377447452865e-05
0.0117467364335028
-0.00109130205666353
-0.000719873096637746
-0.000204779944988635
0.000123778424210294
5.67001765170945e-05
-0.000213674893123767
0.0113290363060222
-0.0014670532267719
-0.000478140239976222
-3.7649568497797e-05
-5.68344442014103e-05
6.83257043155948e-05
0.0107175469107657
-0.0012018436161065
-0.00035518994217005
-3.619350608734e-05
-5.3987185811924e-05
0.0103678261699317
-0.00110539869236028
-0.000279866192898327
-5.05686094902114e-05
0.0109135711113132
-0.00123427774158024
-0.000639342831475114
0.0104307520722482
-0.00100618198557114
0.0116527336942045
