0.110441826041059
-0.0537145314525189
0.00158914122349904
-0.000189158789363667
0.000412791633705222
-0.000397343689795944
0.000420974436682751
-0.000100023679600396
-0.000172889400100722
-0.000602838051241137
0.000248967213931061
-0.000726979547008177
0.00219732563368817
-0.000478705053046245
-8.70136450418525e-05
-0.000166657061263718
-0.000125492535588072
-9.58197580529466e-05
9.56091459149468e-05
3.13190297602343e-05
-8.68229315034041e-05
-5.06867841949259e-05
9.25163451958169e-05
-5.32529502061266e-05
0.139719536596648
-0.0647713436671601
0.000479893798633612
0.0015124572035217
0.000489733709537628
-0.000692467910009096
0.00124977874121554
-0.00101089578718597
0.00113298828419928
-0.000697093815289229
0.0002237183932497
-0.000189193515040862
0.00220345182366755
-0.000403988354819252
0.000158615409902981
-7.94537268413642e-05
0.000103773789006673
-9.38072867768299e-06
-0.000199164847513273
0.000283780969975659
-0.000101087810885475
6.82864540924433e-06
-0.000115510631334849
0.154779049964454
-0.0680013411690219
-0.00436469280013115
0.000276728878407959
0.00132677875070887
-0.000365561675869838
0.00139042102536258
-0.00105406529054162
0.000317915416777111
0.000243243128424123
-0.000230002513217784
-0.000206091876271132
0.00229874546480467
-0.000520076705019784
4.34060887523754e-05
6.62022808223839e-05
-2.51222282136645e-05
4.98434408264465e-05
-5.78444519607959e-05
-6.36823363804035e-05
9.65598512489174e-05
-0.000174757446229756
0.171078882195373
-0.0725140751338276
-0.00298671602889409
0.000229939591827722
0.000851483403828479
0.000166831718756054
0.000573209902764084
0.000807600542815956
0.000623035073745067
-4.85336403301442e-05
-9.02989994391545e-05
-0.000444999203616882
0.00238206812413588
-0.000511763684469047
-0.0004193263340768
2.40337616626779e-05
-4.54963665163225e-05
4.34962066833091e-05
7.21744359973842e-05
-4.17472652481029e-05
2.88217822370526e-05
0.172667746131392
-0.0590912511053472
-0.00229877359949519
0.000327567369105927
-0.00167384530428737
-0.000592616354296087
0.000495416132039573
-0.00151426617265348
0.000101462224712059
9.23439837287236e-05
-0.000157605506398613
-0.000357837503039912
0.0021902141168741
0.000277512254631281
0.000227129655283975
9.40290628917314e-05
0.000167186123889613
8.54177960621331e-06
9.32784479110775e-05
0.00014303267799008
0.140159500188243
-0.0442437933919292
-0.00148761564170962
-0.000123283932800209
1.22509271771463e-05
-0.000293510098332287
-0.000280239499584088
-0.000120489544985098
-2.45194380789671e-05
-0.000180687152605827
-0.000420900166789375
4.84610235107819e-05
0.00265673939038169
-0.000510631255178957
8.34495226631697e-06
-8.2198391642397e-05
2.6859276132863e-06
5.33002876270864e-05
-3.93638256159415e-05
0.113086627297394
-0.0465666218453173
-0.00101598722268043
0.000161394759765156
0.000413332864905463
0.000655015579196448
7.9752574048962e-05
3.96951456525714e-05
6.48044176633694e-06
-0.00016988297452396
-0.00022316929215891
-0.000430584529087382
0.0030885996981827
-0.000967410168885302
-0.000144537876799791
-4.12302934914721e-05
-7.45416952108207e-05
-1.31211058708811e-05
0.107312940348076
-0.0411393631803643
-0.00106589236301205
1.50227316539208e-05
-0.000485445189566345
9.26694858683814e-05
2.86391312161964e-05
0.00012182433465311
4.64565092530083e-05
-0.000192790013212108
-0.000224040206672982
-0.000471715868545185
0.0029910413958821
-0.000575965421210383
4.07431640172527e-05
9.1674497024069e-06
6.94038587314894e-05
0.105263053112099
-0.0451998445092906
0.000642419469684622
0.000431175748954626
-0.000174087166835713
-3.9754493267909e-05
0.000173748037308494
9.49316805452161e-05
2.83106306600586e-05
-0.000266774185139517
-0.000319075237242973
-0.000540564635360595
0.00251626605978141
-0.000644960117540408
-4.25366472122473e-05
7.61837823169726e-05
0.105057055325588
-0.0417336150490346
0.000717087747979705
7.89287778687755e-05
2.83691100664121e-05
2.49282834379961e-05
2.08726233322198e-05
0.000107077266555427
-1.27930624972199e-05
3.84291934643152e-06
-1.10633963914161e-05
-0.000229986428875687
0.00268946334200897
-0.000741693422688044
-9.39474060434513e-05
0.0971818267302481
-0.0411563443397811
-0.0001034908435802
9.62531950072599e-05
-8.07847392473026e-06
0.000125977851759795
8.46067542582583e-05
5.57897011821947e-06
0.00015606342949007
8.16260328455003e-05
-0.000102453112500508
-0.000169052818127222
0.00301814433821063
-0.000608892912119396
0.108130847625934
-2.91701570175463e-05
-0.000102775532036456
2.48686538320561e-06
-7.88308688655745e-05
-6.76143091610606e-05
-0.000164586086632605
-5.63919755327845e-05
-0.000246150765912711
-9.1919603181887e-05
-0.000303457408827916
-0.00055104899199791
0.00334454258498673
0.00420960605687053
-0.000933310839664795
-0.000207756602893522
-0.000121687641366609
-0.000113070422138042
-5.04051140133395e-05
3.47054628907569e-05
-2.56968297732228e-05
-2.80585471823291e-05
-3.90748149659199e-05
-6.69775273729724e-06
-4.02606830963872e-05
0.00443222467976761
-0.000862854326682716
-0.000173535336297928
-0.00012164774008672
-5.6002080676684e-05
-2.33176431891561e-05
-7.06347376445031e-06
1.09929233277155e-07
1.17808559846389e-05
1.09795882375935e-06
2.30119369093552e-05
0.00454434263805034
-0.00087186550891259
-0.000188843827445374
-0.000150662211132628
-2.25574023387925e-06
-1.41869708210413e-05
1.95284652866374e-05
-7.36623829754284e-06
6.72382705230394e-05
-3.1472991540758e-06
0.00486696512781879
-0.001036323116523
-0.000207853212329909
-6.37291641004213e-05
1.8132778332471e-05
-6.90088289213405e-05
1.51974264865681e-06
-1.19138823607503e-05
6.76506198094078e-05
0.00493727156735689
-0.000890461021923669
-0.000168843829140831
-6.20119134563054e-05
-2.19415967350976e-05
-1.60299969029981e-05
3.90235107844348e-05
1.88025203035503e-06
0.00547154319995771
-0.00113880669051921
-0.000352444288688012
-6.63252275042976e-05
-3.27923218591304e-06
-6.05318033136527e-05
-7.97778827324213e-05
0.00603485728738791
-0.00144621608054273
-0.000249629217526903
-1.89347383790012e-05
-1.38156158399845e-05
-2.07261681525308e-05
0.00545269405081088
-0.00113988199744936
-0.000133808937312615
2.37109738902793e-05
2.59107132185961e-05
0.005017877332224
-0.00103545638008428
-0.000126263359412231
-4.95166204806249e-05
0.00511901055788527
-0.00114795630384966
-6.64151868862301e-05
0.00537604863392585
-0.00117444098864873
0.00578444857289935
