0.0610547843204082
-0.0251552727789283
-6.56798347533684e-05
-0.00127703969065722
0.000727388959746225
0.000147656389007857
-0.000474961324267553
-0.000172690780272257
-9.15012450527389e-05
-0.000500020749488935
-0.000125211282315357
0.000242805694282687
0.00766490922244637
-0.00131929071993165
-0.000352621467111855
-0.000794100375396165
0.000187312924739887
-0.000132977984291498
-0.00020089627881063
-0.0002253237589647
2.64354125614327e-05
3.85773098583737e-05
2.17577491102107e-05
-2.90317479814779e-05
0.0675956101080434
-0.0260847289385797
-0.000234765649753036
-0.000390514758469037
-0.000273983731439573
0.000110578376951483
-1.51546602195611e-06
-0.000648976323054593
0.000442544054465968
0.000502857135395756
-0.000246508595393487
-0.000416057041110584
0.00717973120153139
-0.000948200032491066
-0.000163629415750909
-0.0002970100631056
-1.19014333359367e-05
-6.8697656673698e-05
-0.000103944724324982
-0.000186982038249798
-2.67391163102224e-05
0.000121575813516146
-2.75117954609644e-05
0.0699958396698677
-0.0272956092180541
-0.00092937254919872
-0.000584848578550893
-3.50500746187065e-05
0.000342612585532966
-0.000213504074020935
-0.000616094019188601
0.000312302182399035
-0.00051357117003974
-0.000371390025299048
0.000110100846764174
0.00671906858649277
-0.00121235482456082
-0.000271941693046318
-0.00030400450484881
-0.000326037407306882
-0.000104589515119626
-0.000301094069259654
-6.2823961335156e-05
-0.000133549207880653
-8.38088712664086e-05
0.0766367254825752
-0.0293223897736785
-0.000989469746457366
0.000272421888545964
-0.000244778008109203
1.16931869729525e-05
-6.87680838452232e-05
0.000467376607728808
6.53736202379405e-05
-0.000719011441619654
-0.000330551165532737
-0.000359780738025339
0.00788177302411777
-0.0010892104314513
-0.00032525128706745
5.78008146372929e-05
-5.85016314886666e-05
9.53567214235618e-05
-0.000103351070466916
-7.78256460595744e-05
0.000121593206741015
0.0770269861443973
-0.0251989414204791
-0.00100375135192041
0.000602200621350793
-0.0013597091774073
2.91291256715091e-05
-0.000393793024851308
-1.91226915529314e-05
0.000211312992269493
0.000133025823194917
-0.000233451891566163
-0.000129390935257374
0.00699552960756817
-0.00073934616467029
-0.000409197640446275
-0.000250062141143091
-0.00029608933336669
-0.000141220858512422
4.89163162006393e-05
-0.000151191456768044
0.0700257096622294
-0.0226599856503555
-0.000500926150871714
0.000476972883475395
-0.000222739093847588
-0.000437885720830254
-0.000548072757447908
-0.000238752222085588
-0.00015780132396928
-0.00021272663829951
-0.000192980521659652
3.15266107341688e-05
0.00742420726850232
-0.000634516800326157
-0.000503718301004874
5.72941620592716e-05
0.000106722232040411
-1.21668324318802e-05
-0.000291263566207371
0.0614221908649496
-0.0230898686407825
-8.38945599184144e-05
-0.000531167584288797
0.000856549596482546
-5.19390501542951e-05
-0.000121474914865759
7.57206232794831e-05
-6.25015999448641e-06
-0.000193502808540283
-0.00038861438346535
0.000160186734268651
0.00680826325827021
-0.00116036155045408
-0.000549844491712461
-3.99966117186807e-07
-7.92706853258037e-05
2.55487021763334e-05
0.0602359988050392
-0.0211813138861979
-0.000161707741002251
0.000147929124720696
-0.000413426167819734
-0.000135137267989061
-3.39216483436178e-06
4.00987801228857e-06
5.71512747169638e-05
-0.000134104003399632
-0.000525018437560978
-0.000115247411131429
0.00660034176863966
-0.00101958080579465
-0.00030422478571466
-8.2282010557275e-05
-0.000104480133972015
0.0593128443907959
-0.0234878225983799
0.000530557326200836
0.00046745000669017
-0.000261195253903243
-7.08375728973399e-05
1.57859721868008e-05
-9.82310090051513e-05
-0.000149818559687834
-4.69724337999184e-05
-0.000350408695848213
-0.000108291359455919
0.00683816334025471
-0.000880096047744149
-5.43191850484022e-05
0.000119627048731187
0.0628716395273857
-0.022849245252711
0.000127664800086205
0.000177673062587971
-6.27605721455779e-05
4.39125324195208e-05
-0.000112530444141362
0.000102365417972856
-6.02949259841151e-06
8.29785738361611e-05
-0.00025185640714808
-6.11179215206997e-05
0.00698499519244881
-0.000980246365881156
-0.000493730706058637
0.0590117054598795
-0.0220847091164645
7.09169899057881e-06
0.00020940747817778
3.7918523021213e-06
0.000160309409280557
-2.31364083679867e-05
0.000171651161799095
5.20271428058994e-05
8.02075505264399e-05
-2.55538625512866e-05
0.000232498800712296
0.00703641911661983
-0.000881258080359508
0.0656423168045556
-0.000253583434115343
-0.000187715640799233
5.98513683961807e-05
-4.15183757557403e-05
-0.000104998943529098
-0.000247202904689209
-5.32286795159012e-05
-4.88228866634508e-05
0.000109554805486913
-0.000481217436327476
2.44875425320046e-05
0.00822100496405041
0.0100183203219744
-0.0015396806659837
-0.000560088571857358
-0.000657650173374611
2.41305991799864e-05
-0.000219511202598783
-0.000203099238972039
-0.000211737386506009
-9.03212692455261e-05
-3.27917482610182e-05
-3.56018566254398e-05
-1.74233845652172e-05
0.0100602250297209
-0.000852707200598641
-0.000436586019426512
-0.000184499846296091
-9.18212729563418e-05
-0.000150811969620007
-7.69037309889366e-05
-4.68079149298162e-05
-1.83999502708228e-05
2.38473433710996e-05
-1.03350294113276e-05
0.00892359536580865
-0.000955804397947471
-0.000334251923103173
-0.000353366334689037
-0.000257283452499462
-4.48431745797263e-05
-0.0001442441108141
3.14395780367482e-05
-0.00012759882465796
4.01948614293195e-05
0.010392128680317
-0.00128524487798497
-0.000389646922091937
-0.000140892164222858
-6.19648456040993e-05
-0.000123503451888606
-8.21369205300205e-05
9.44745885638895e-06
3.65633542107887e-05
0.00956193142291222
-0.000903356761010418
-0.000426838327957494
-0.00031350834343634
-0.00016337792680187
-0.000148126057824475
-3.38001035110237e-06
-8.21422302472354e-05
0.0101040377651037
-0.000826080451397834
-0.000628480007998901
-0.000144540375163949
0.00017598784835266
8.23508808157584e-06
-0.000170701975779901
0.00983406973809459
-0.00116935483030438
-0.000434769786485456
9.81753238596214e-05
3.12880101684896e-05
7.4181930421838e-06
0.00936633043381974
-0.00108337865050107
-0.000340628778383018
3.17056654199123e-05
-7.59602673921174e-06
0.00942107314574951
-0.000943992753253134
-0.000139918210565717
7.17219519774715e-05
0.0100391080185256
-0.00101143509000005
-0.000443244018303103
0.00982067330487775
-0.000914101898505839
0.0112972490295798
