0.0841761423484182
-0.0376499403356632
-0.00118049918099552
0.000136069793826661
0.00052503404880673
-0.000152052980477946
9.65815729836525e-05
-0.000722287662951143
0.000147163023675285
-0.0008646018141791
0.00066589892613352
-0.00117353837195765
0.00826278055013225
-0.000921161037855867
-0.000601241853200297
-0.000335644185346279
-1.63303956809688e-06
-0.000171182127425082
-0.000147239096067349
-0.000100879189400916
0.000205114760227567
1.39468279080857e-05
0.000228709896816776
-0.000122857928678787
0.0957240965564912
-0.0365660664480202
-0.000253873420109559
-0.00187070437845355
0.000255917274032483
-0.00015702839325388
0.000940323294221453
-0.00111373969260109
0.000303692478032876
-7.45484917399579e-05
-0.00010992738388867
-0.000644016085449843
0.00870334791052607
-0.00109577244303481
-0.00060949516767852
-0.000364668714759646
-9.29805964318463e-05
0.000118042098167109
-0.00017333302263431
-0.00017163478599912
-2.83707767214374e-05
-8.77919048596922e-05
-9.25268075685737e-05
0.0956399173460184
-0.0389437281978946
-0.00224738814762071
-0.00136229135438069
-0.000414637099260231
-8.6455178058508e-05
3.15350199734856e-06
0.000145313307730132
0.00025989913573689
-0.000132329293207457
-0.000549957502187204
-0.000556472709833744
0.00796098865551441
-0.000874632256355769
-0.000309972436397331
-0.000694112442753844
-0.000207395995425069
-0.000255889402781123
-0.000252149835462198
-1.88174213047288e-05
1.66102818551343e-05
4.89345347641914e-05
0.108017576174226
-0.0443957007990024
-0.00212706159684874
0.000723472813200309
-0.000869528439860506
0.000443464430901848
0.000694956781761333
0.000193746250826565
0.00177752928028841
-0.0003205360985405
-0.00033868974244093
-0.000475708134330397
0.00867862209541257
-0.000618472480230196
-0.000535167581529824
-0.000135951731452788
1.32402505478834e-06
-0.000138455465729632
-9.60425203064914e-06
-1.47633023013515e-05
0.000173435573834215
0.110319553444417
-0.038051504333301
-0.00102233763951962
2.46947937417477e-05
-0.00145982414914734
-0.00114661787004528
8.033662551172e-05
-0.0015578051743264
1.26570199542493e-05
-0.000107605240397934
-0.000476566102828549
-0.000615857796791932
0.0083035165268013
-0.000517889559997703
-0.000514965247778727
-9.08370497451593e-05
-0.000249423191956846
0.000180422839290447
-6.71491566120784e-05
-0.000126620992132338
0.0977271865718279
-0.0316069049269851
-0.00111788604727101
0.000591627084904486
-0.000751215256717591
-0.00020578355683214
-0.000365876752341814
-0.000390128155513811
9.23747000236149e-05
-0.000429939945399042
-0.000622763970890796
-0.000418396030964782
0.00965276133190942
-0.000570604439614507
-0.000876490627222172
-8.32455578352393e-05
5.78529879524501e-05
9.2348696542298e-05
-0.000320062553658847
0.0818961431582451
-0.0316168705442458
-0.00114803690249406
0.000930203030605981
-0.000439966600558281
0.00133073149371239
5.88101032834279e-05
-0.000141065891620831
-0.000185281554405364
-0.00041352022763222
-0.000487057538322872
-4.42286419746211e-05
0.00852557209065285
-0.00129088622893434
-0.000529108714041153
-0.000117779003944331
-0.000166146961747598
-5.25623576492617e-05
0.0807689036369681
-0.0299041457222543
-0.00185080556192915
0.00153486950013131
-0.00158509994059984
2.98708583763888e-05
0.000293748068466122
4.72748705778012e-05
-0.000446929927593949
-0.00014962684383888
-0.00110956152514523
-0.000599170388491858
0.00867894838974149
-0.00105829050881827
-0.000196019156397507
-0.000217800642148746
-0.000223323038253728
0.0825874713306377
-0.0343080964907278
0.0033416502722556
0.000505666613939395
-0.000349857708236053
-0.000318906237138938
-0.000286811662654787
-0.000112540590366722
-0.000208081727359916
-7.17264215612999e-05
-0.00070192512338927
-0.000541323591971247
0.00824803981523165
-0.000581545557246936
-6.85067211195383e-05
2.78486243213656e-05
0.0903018500043872
-0.0362860016393271
0.00212017432951576
-0.000116365278759585
1.90139365381497e-05
4.85404019014963e-05
7.05782862290314e-05
4.41467516420473e-05
-0.00012325255777458
6.81353857946829e-05
-0.000681775022901076
-0.000280427392818392
0.0085266059770645
-0.00124573604216635
-6.84350132036821e-05
0.0787968222793766
-0.0282084277284935
0.000114680538977669
8.02894137088064e-05
3.67496274099785e-06
5.6619230868503e-05
-3.90519141926134e-05
0.000235902686659905
0.000159537411679093
0.000177151712604519
-0.000381957043037369
-0.000376020578448616
0.00850119186390362
-0.000982016274970486
0.0827540836955084
-0.000279897318611693
-0.000126067381968118
0.000177870543728878
0.000143288439926437
-0.000262740538156872
-0.000237428577778969
-5.20534571163601e-05
-6.46534874376812e-05
7.53189392763364e-05
-0.00054210575280919
-0.000369645613690319
0.00904491194719512
0.0113185081879494
-0.00171614384637183
-0.000692827800483121
-0.000520220962920435
-0.000191448736675665
-0.000230056346104522
-0.00010062568809441
-7.8252123624768e-05
-0.000124890480512466
-5.29678732839998e-05
0.000100655306472548
-3.16478877854912e-05
0.0125031397538955
-0.00107683801326469
-0.00059091980386039
-0.000244788063429271
-2.84170738460831e-05
-0.000177159417368027
-1.73827784009542e-06
-8.98146946402671e-05
2.68838318486745e-05
-7.91850244217946e-05
1.20487737873829e-05
0.0107903059441522
-0.000981281693157693
-0.000473301298712736
-0.000543651795736652
-0.000216210552994229
-0.000115022793313378
-0.000142679409825556
5.4633412531238e-07
1.17587378494952e-05
3.4333723775231e-05
0.0118381500703899
-0.00119389900947109
-0.000636404159377824
-0.000357165470596356
-0.000214762110593187
-0.000168018639925765
-8.27370331340467e-05
3.80135230577583e-05
4.52498638480701e-05
0.0116097273566757
-0.00100662521964547
-0.000554812290150092
-0.000311857591488337
-0.000296462477370308
-0.000125819116183671
-2.57791456956663e-05
-0.000110424794693581
0.0132046329325436
-0.000896401890199346
-0.00110196001890969
-0.000265039558445852
6.60367136192522e-05
-7.14281634843139e-05
-0.000129852560854383
0.0123769268710357
-0.00137536857463865
-0.000563377224901355
-0.000156664925566184
-8.6844011304514e-05
-6.77465116230913e-05
0.0118167014722008
-0.00137557019200492
-0.000502398850708261
-4.95452971853527e-05
-7.05248235278943e-05
0.0114214738692494
-0.00104904812892435
-0.000312304938905655
-0.000102354275964557
0.0122945367535534
-0.00135182507400951
-0.000460700984238846
0.0118720143117464
-0.00116977923591973
0.012445645734562
