0.0939237919558903
-0.0401841201143712
-0.000393133617162212
-0.00105297391836122
0.00170225630197758
0.00069526084824582
-0.000948725525757771
-4.76151416419649e-05
-0.000536717178552437
-0.00105605643559135
0.000789094929116426
-0.00164257929896289
0.0084133122850654
-0.00102002058533662
-0.00044200323593484
-0.000192961169056983
-1.5547257270683e-05
-4.87760756824337e-05
-0.000216232533525661
-0.000130237042669504
-2.29359094261129e-05
7.29564964137198e-05
0.000296644538867979
-0.000245638837501689
0.1089189073811
-0.039930208303749
-6.28613116724208e-06
-0.00201544118569595
-0.00133796388233193
0.00105298316362838
0.000557388742075551
-0.000644157471215816
0.000346104010576706
-9.80418319524666e-06
0.000133750848531156
-0.000610378097929311
0.00875611991745102
-0.00117706451650736
-0.000680531510054771
-0.000275771182807399
-1.02826142878535e-05
0.000264938827631481
-0.00022686984753238
-0.00025907626393446
-0.000148800788923835
-3.73130196338699e-05
-0.00015240073633574
0.113247765193402
-0.0428853056114333
-0.00226955139619369
-0.000823109544301207
-0.000313870769250116
4.87076048892471e-05
0.000214530631403862
0.000392165522745658
-0.000125721842037811
0.00133730838213302
-0.000415336736515732
-0.000304557388002218
0.00831803463592991
-0.000709899706968825
-0.000383736001340403
-0.000651993414460744
-0.000115758416554871
-0.00026384381141274
-0.000175607602639559
0.00018501687907744
-0.000114369980752745
0.000197081427894457
0.1288841993942
-0.0498060445218515
-0.00288471518730557
0.000679105833164839
-0.00052508255667914
0.000637765617554893
0.000286133610152747
0.000581458883351486
0.0010959823570218
-0.000344259902020488
-0.000559561801495424
-0.000369021689370855
0.00881931437010623
-0.000722442864954892
-0.000675952534910541
-0.00028068835045129
0.000142151801240861
-0.000142066687970048
-0.000171926702526488
0.000131944779611575
0.000238279221396295
0.13274559338027
-0.0403089190473414
-0.00155455365015439
0.000713987318249286
-0.00235596877378387
-0.00109210920048736
-3.48603115684409e-05
-0.00140962789523037
-0.000223603423602702
0.000205688165262704
-0.000517961406774785
-0.000833739910692919
0.00864908512958523
-0.000482109265243148
-0.000506718609899813
-0.000374770210941002
-0.000283961679782893
-3.63325168857475e-06
-2.90314347762553e-05
-0.000240300960992646
0.114404067525666
-0.0332292796826733
-0.00157515694183577
0.00127363467181069
-0.00175790956668703
0.00071300774109212
-0.00126055084127777
-8.534187515161e-05
-2.95516220049692e-05
-0.000446553187605901
-0.000677729278393664
-0.000336674573249018
0.0103559714794667
-0.000606427208967276
-0.000644206276227889
-0.000313032049173741
0.000110446786383246
5.46243939385252e-05
-0.000437373402565494
0.092540503836856
-0.0332534332691829
-0.000490236063212731
0.000938535022363287
-0.000150552508383011
0.00142225635090023
9.94739203276759e-05
-0.00025752872856465
-7.77405586467406e-05
-0.000209056220876625
-0.000617282574706776
-0.000296825681624803
0.00903340742588679
-0.00160904961397683
-0.000436058616412943
-0.000271218686993326
-0.000171041659566217
0.000133737896065667
0.089992363359701
-0.0313652547577224
-0.00147821061586104
0.00130017764651795
-0.00172095364120756
-0.00017172225532905
0.000291992688954046
2.70309631831055e-05
-0.000220903014605475
4.95373471752379e-06
-0.000873693518961294
-0.000652733298679699
0.00894921919645204
-0.00121022448050317
-0.000340612502191721
-0.000268970578080607
-0.000226284147347038
0.0900844047518318
-0.0346420344226327
0.00302507428390417
0.000865151955970215
-0.000220662479063047
-0.000234024157678692
-0.000263422598262827
-0.000175601802506212
-0.000414663956503959
-0.000270047071250121
-0.000681657859907055
-0.00056358030907846
0.0084992687366308
-0.000731306622724821
4.80434659884176e-05
4.33038788737602e-05
0.0993400931880486
-0.0375902631587452
0.0025297974710811
-0.000186076954906724
-0.000137152576948649
0.000154274579016693
8.96646209221003e-05
0.000121337913205377
-7.64721753819041e-05
-2.04484970197482e-05
-0.000582776894801605
-0.000239550652571748
0.00857749325997918
-0.00145019653423005
-0.000339685097240932
0.0874041978525394
-0.0300380194037781
5.69290556258967e-05
0.000305495262287435
4.65789705281701e-05
0.00021386628359513
-2.10929499064467e-06
0.000167171367233796
7.60776980519168e-05
0.000202774132622618
-0.00021593863923555
-0.00033015977875061
0.00886724858207014
-0.00106250741774001
0.0939086295750214
-2.80930978286751e-05
-0.000271861447847784
0.000104814941031184
-0.000140563961419693
-0.00038858303609097
-0.000322530112013278
2.50532651890515e-05
-0.000104351021103568
-5.03588951428943e-05
-0.000587307266065206
-0.000783810900035583
0.00957999619616355
0.0119842767603371
-0.00180694177426321
-0.000604819715958955
-0.00041711606057975
-0.000135526247580722
-0.000193417376201387
-0.00014075788336592
-7.34239315297286e-05
-0.000101265318954728
-8.30160501532513e-05
0.000139258657607228
-2.21113888896943e-05
0.0130381675016807
-0.00111441846275913
-0.000663501325005341
-0.000227849299650356
-4.86300580255576e-05
-0.000173934700875038
-0.000119791519289806
-0.000130616093379098
-5.47030320984822e-05
2.6739493681413e-05
-3.73265655624617e-05
0.0115374361967493
-0.000974152479634637
-0.000514744318017951
-0.000558156509648948
-0.000285333115795694
-0.000147141570454037
-0.00014216164377071
4.08601320111827e-05
4.7267053061196e-05
6.85304869995403e-05
0.0123796797410998
-0.00133373961863562
-0.000664848348291416
-0.000323416160167645
-0.000218586804648209
-0.000143959100383273
-4.63193561801773e-05
3.61794348822844e-05
1.38502265237787e-05
0.0125646418082335
-0.00107102147852175
-0.000680000491174457
-0.000328607589919215
-0.000286642241500687
-0.00012007056714886
2.13667089366052e-06
-0.000112525041309514
0.0142023724580892
-0.000981318143562257
-0.00106272254779723
-0.000276111967402373
6.13290031774469e-05
-0.000105020374731832
-0.000124441335003748
0.0130919912306951
-0.00151300020034858
-0.000626267049981908
-0.000150754174832201
-0.000107004272979684
-0.000102019187767316
0.0123318035817693
-0.00133143716870135
-0.000509866667281618
-7.32063425159033e-05
-6.8814755562117e-05
0.0117709024461135
-0.00104448265211306
-0.000370804679339607
-0.000105133848153301
0.0126237788412568
-0.00137384303059919
-0.000523381148043812
0.0123181891551971
-0.00130213095919002
0.0129393159853773
