0.0962207847375279
-0.0415612642320556
-0.00172919347437393
-2.96408082236735e-06
0.000468803544187677
-0.00178095102946666
0.000196779227973756
-0.000139712614845141
-0.000201653167869518
-0.000344398793553852
0.000181631236380575
-0.000652997175375948
0.0124486053791893
-0.00137882067953345
-0.00107205541552015
-0.00102964844340281
-0.000152164628026221
-0.000425413321093571
-0.000158231444836756
-0.000224461668790907
-0.000123052729497121
-7.95866780255714e-05
5.51027117836091e-06
-0.000193501229626556
0.107328104876699
-0.0316020130559409
-0.00169200399983826
-0.00184231644349845
-0.000365391043171786
0.000189917009359541
0.000446394940616275
-0.000189315299822216
-0.00038337301113014
-7.45940250935044e-05
-0.000178512123059321
-0.00111571797019614
0.0122345193631054
-0.00113839522077132
-0.0010546724722108
-5.49917102651185e-05
-0.000105367888880656
-0.000199937198429687
-0.000157501841615977
-0.000180924175445586
-0.000415443850763446
0.00011409795754241
-9.54781006301631e-05
0.105282805120329
-0.0397011887342351
-0.00236726877245442
-0.00148247141912056
-0.000860667151567836
-5.73011065816568e-05
0.000134653423612297
0.000253229749109983
-0.000237667858650467
-0.000323476090601634
-0.00103767118345766
-0.000731993041805143
0.0114083682303992
-0.00110441612979168
-0.00056956036754814
-0.00086047160248431
-0.000679935087001572
-0.000426703884741904
-0.000334241956742838
-6.67754957185177e-05
-0.00024252927008372
6.90549735159201e-05
0.126928611707605
-0.046755001596501
-0.00182662756658439
0.000633349231610911
-0.00102214588321004
0.000724617423173774
1.66315337325416e-05
-0.000354211421020679
0.000847463842160112
-0.00105240382356866
-0.000727744698815076
-0.00102106356770211
0.0131812325340561
-0.00172541150398836
-0.000687451496458875
-0.00021220872362964
-6.8900373119015e-05
-0.000110814305910711
-0.000191416234363464
-2.80517521010121e-05
-0.000260162925125216
0.13123790355345
-0.0366356616244819
-0.000779461046726504
-0.000275913008393443
-0.00184006101004813
-0.000699915709311111
0.000692468084373211
-0.000206966597462721
-0.000265435154990878
-0.000418875702513565
-0.000849156622809406
-0.00161463930901638
0.0117706605883892
-0.000601714399726083
-0.000636979242058814
-0.000433574902431904
-0.000240264082797685
6.94223093899083e-05
-0.000188801010731942
-8.70588110479459e-05
0.10696430600424
-0.0265104065536815
-0.000527816384074091
0.000401272499928008
-0.00106054175044295
0.000230360346175939
0.0010927011668726
-0.000735436175799911
-9.45939462115323e-05
-0.000783204718417541
-0.000621756514349259
-0.00162459382633846
0.0127722267199068
-0.000460847857580042
-0.000860046964621033
-2.00996232430297e-05
0.000122537222384622
5.13100527644685e-05
-0.000377088620157675
0.082250883810676
-0.0282623710130634
-0.00122501206340913
0.00121020957896522
-0.00109826007776116
0.000686621070871459
-2.09079217989802e-05
-5.87311457346383e-05
-0.000212699858616424
-0.000303913363739837
-0.000934407064349932
-0.000562081852352353
0.0120773146325801
-0.00145160442293798
-0.00065470932610991
-2.54973437128966e-05
-0.000159339676135499
-9.87586926097646e-05
0.0806891993174896
-0.0269254880857545
-0.00248395616698423
0.00137524243601912
-0.00133526590268041
6.36459888535266e-05
0.000208860250345014
-4.91096201699695e-05
-0.000191083011960372
-0.000343809534626193
-0.0010345978143459
-0.00130104208189455
0.011535364286892
-0.00131558306195749
-0.000569845019507711
-0.000207201891284134
-0.000167212673857228
0.0813130220368785
-0.0315934614563002
0.00436224421545829
-0.000787012628688375
-0.000393266787451387
-0.000123817656794622
-5.21849538921708e-05
-0.000231927442564042
-0.00033134335044153
-0.000482306868849004
-0.0009166383916439
-0.000915830850606972
0.0111085510357853
-0.000869329512738407
-0.000237047926272016
-0.000144904531336262
0.091339566262199
-0.0362392825535466
0.000853403000132881
-0.000173226249136052
2.59726366989885e-05
7.60371634285509e-05
7.13905456601859e-05
4.74436174749527e-06
-0.000148338660406632
-0.000184636580363491
-0.000709477024140313
-0.00079172471515757
0.0107701620056079
-0.0012044828347145
-0.000531917482939228
0.0784869858053245
-0.0232494066545419
0.000248539457028438
-4.41846224226223e-05
-0.000102208769044278
-5.15665761558276e-05
5.79329245727968e-05
0.000242904068732488
0.000107233133588021
1.87790001943724e-05
-0.000368027349574015
-0.000553642434855852
0.0110497773797343
-0.000985371979661361
0.0770364656294139
-0.000659120320892379
6.63548559684597e-05
6.41117847124792e-05
0.000245437747940877
-0.00025372800249721
-0.000338583790659746
-7.20873919433224e-05
1.12695623240941e-05
-2.31437680400478e-05
-0.000806557469985396
-0.000637680358594223
0.0121039583333961
0.0150134098595665
-0.0021324786049717
-0.00109811398133287
-0.00121231172329714
3.40252462943369e-05
-0.00037666580228553
-0.000299944174025062
-0.000279038202821535
-0.000226368362031632
-0.000136351089307257
-4.32128649613393e-05
-0.00015337874930182
0.0149595926551803
-0.00120065136748455
-0.000919858993339698
-0.000201636536952016
-0.000155696717152395
-0.000225965385268891
-9.08496107980981e-05
-6.09195082358307e-05
-5.20444213789858e-05
0.000111510187485099
7.19669059808179e-05
0.0133248516388994
-0.00135566179642629
-0.00066779604865865
-0.000632851351536312
-0.000321099587487024
-0.000211815433940616
-0.000195967283360604
-0.00010322500255455
-4.26410416171327e-05
8.60525627035919e-05
0.0156873291444535
-0.00222565290265818
-0.000649661136472681
-0.00035547927361218
-0.000157499012788769
-0.000127771349549474
-9.18922123082672e-05
2.31540545488504e-07
-1.87261975304037e-05
0.0150067051662197
-0.00162372691242196
-0.000964986878203279
-0.00054308420085005
-0.000239610184953634
-0.000164774279917477
4.26200753997471e-06
-0.000116254653775914
0.0155990047368452
-0.00116048480546676
-0.00110106577611748
-0.000334687519418978
0.00015835037802964
-5.72257930668327e-05
-0.000219535810829383
0.0149436265616186
-0.00162717270720903
-0.000732357106623066
-0.000139135910151629
-0.000125981008788368
-4.85618608186831e-05
0.0141909726779076
-0.0014826468781701
-0.000586422620756059
-0.00011555036899622
-0.000117391156637004
0.0136949895768484
-0.00122869073968378
-0.000368736731616166
-0.0001552420009324
0.0139981091251649
-0.00131354110606515
-0.000724726676034151
0.0133970051679586
-0.00108781569721163
0.0145669832600767
