0.11389463275795
-0.0556543825084267
0.000364179577483
-0.000942057496184353
0.00111108428053454
-0.000557386816604596
0.000534723117505458
-0.000328088229479888
0.000162298280342516
-5.3709462031602e-05
-3.268262601058e-05
-8.90819659261259e-05
0.00579662686571921
-0.000785646412428552
-0.000400904305187566
-0.000374962783460479
-0.00033369598608215
-0.000214875062519755
-0.000199629885012931
-0.000244552638525106
-0.000191994116379911
-0.000172725674055599
0.000475694896845782
-0.000228743336448916
0.140520574568693
-0.0592463674965049
0.000537785482705583
-0.00101098562160954
-2.40989204321042e-05
0.000342666012051761
0.000941973219073937
-0.000728474715167036
-0.000434488088786499
0.000516205781500511
0.00035912982415269
-0.00054744446260178
0.00577413965467379
-0.000952326909499315
-0.000170582036264534
0.000285929088272911
1.8572270387034e-05
-3.79708704175739e-05
-5.26334232464356e-05
3.96534701602337e-06
-5.11001428662044e-05
-0.000213176502345104
-1.86607932691771e-06
0.151236453435524
-0.0655815703861754
-0.00338456360689069
-0.00143286574369159
0.000133805366105427
-0.000154404002283305
0.00135890756839593
0.00061442919049673
-0.000566105824510393
9.06329210718064e-06
-0.000470905514619863
-0.000515341015652985
0.00574420879064068
-0.000425096097932538
-0.000398426588594403
-0.000360498555665692
-0.000298720082511019
-4.21787661395095e-05
-0.000278518786551721
8.2647534876977e-05
-9.99473062625169e-05
9.93494214059166e-05
0.169291789258781
-0.0718836337171119
-0.00196678950177017
-0.000239517745349455
0.000115476140605113
0.000379734302011079
-0.00104310513607185
0.00011260288363901
0.00183486084032346
-0.000534862361111533
-0.000206354418435976
-0.000216678392774206
0.00629054698768512
-0.000735574238782227
-0.00043875348032792
-0.00017716858854894
-0.000396922543843027
0.00013299305526042
2.95773947278616e-05
3.96933507189786e-05
-0.000164338868340974
0.172563343689385
-0.0560206239733134
-0.00256727237783368
-0.00027870190542108
-0.00158535328395751
0.000363309063713292
0.00039456774955148
-0.00153053928676795
-3.79818354206874e-05
-1.64149085704076e-06
-0.000653013999529569
-0.00118115474242174
0.00625092558545301
-0.000493262436307802
-4.45712918425081e-05
-9.56185501628484e-05
-3.1392904015287e-05
6.93065666586589e-05
7.08926680414084e-05
0.000211020327516965
0.141123041678163
-0.0441682040891086
-0.00076568726887963
0.000275088025879368
-0.00120858672500559
0.000184241001878838
0.000623471398617617
-0.000265878661310173
-0.000171250836435002
-0.000297757665617627
-0.000288157219359212
-0.000840238370989095
0.00673128209898374
-0.000436295412705875
-0.000561148550893029
3.48443185247514e-05
-1.37523095760223e-05
-0.000175643239316815
-5.41991989251845e-05
0.114853380231585
-0.0448982865005907
-0.00266411806770314
0.0029042618333616
-0.00118760513157732
0.00015908365453289
0.000126698075844919
-6.52172376270155e-05
-1.03053382961782e-05
-0.000307842438902619
-0.000411747783171409
-0.000457830234096469
0.00668295686025544
-0.00124057893158136
-0.000427463717563512
-0.000130729984462909
4.59647817790899e-05
0.000115825418731682
0.108940326624254
-0.0407189302487614
-0.00215616018812178
0.00129410024444896
-0.00104350641907305
-7.62890862460081e-05
0.000139514116572275
2.73801323708181e-06
-8.86811018038205e-06
-0.000283894147922526
-0.000460857503872646
-0.000889877668301938
0.00669863512419754
-0.00111302329106962
-0.000134329580421067
-0.000203669480635356
4.69842813219786e-06
0.108420874818566
-0.0474876168841853
0.00383132412436757
-0.000234366191591058
-0.000154787481008565
0.000149470463613521
-5.3449231939367e-05
-6.08871759782911e-05
6.57807492749614e-06
-0.000603513027698855
-0.000806870874832711
-0.00077997989670868
0.00624147113296574
-0.00069719815044073
-0.000157658150202676
-0.000139190841961362
0.114345196050147
-0.0469681384216359
0.0010166979514524
-0.000259767483316481
0.000103765199590158
0.000204412536539686
-7.39608160671225e-05
-0.000119755842865312
0.000135104928364834
-7.12066274563816e-06
-0.000380692918321683
-0.00038996346418867
0.00617228870656509
-0.000976162006613578
-0.000179986014115743
0.101075358990977
-0.0390455458557218
0.000245088472681911
-4.64485265721053e-05
5.25886877222112e-05
4.7758293382491e-05
0.000208275000217608
6.7397802841862e-05
0.000320708329726091
4.51600297480523e-05
-0.000281283074187268
-0.000252400330410577
0.00678561842848974
-0.00092543516043701
0.105534647748807
-0.000458717662927024
0.000159803121653772
0.000192668364033886
0.000295650766152905
-0.000294728051056447
-0.000273388883915341
-0.000321993312461666
-7.31296130847543e-05
-2.57854529334276e-05
-0.00050284808442339
-0.000604242346829938
0.00720962872168357
0.00848603325693928
-0.00150544900253376
-0.000428626533972599
-0.000461173242946117
-0.000101928465018751
-0.000182063541362345
-1.91745501647899e-06
-0.000196280964724472
-0.000167245230553063
-9.96470078731444e-05
6.72571769409285e-06
-0.00015175986726232
0.00857907810640693
-0.00117305238868812
-0.000388398493000407
-0.000161026098973177
-0.000134790539642176
-8.23735654587578e-05
3.22132189993351e-05
-6.84120317282977e-05
2.51026421513121e-05
-1.78044604996808e-05
0.000185190007247053
0.00843883978674362
-0.00111292132106267
-0.000371705011824418
-0.000353032988427159
-0.000128470408747813
-0.000117693657659624
-2.91343079472213e-05
2.18337045759207e-05
6.18574420578247e-05
8.11150395460854e-05
0.00931446246416983
-0.00153120921314218
-0.000460069709816701
-0.000222448772462575
-0.000100462827277973
-2.71933720562672e-05
-4.49940195290992e-06
-2.36423890019507e-06
1.03580848065962e-05
0.00936037805875439
-0.0013119502175024
-0.000411736743534775
-0.000274368768756154
-0.000183160790422287
2.18294268461815e-05
-1.21947873215944e-05
-8.99383668670682e-05
0.0102221782629828
-0.00126040987098868
-0.000689158055076526
-0.000243377183633316
1.06705721946943e-05
-4.86904139863931e-05
-0.000135389815551657
0.0104013078459418
-0.00175928241944986
-0.000456837329657171
-7.80457714547286e-05
-2.75214543696993e-05
-2.97978806827729e-05
0.00989647065614065
-0.00149771523563284
-0.000319921504171064
-0.000111622321656636
-3.02625620694582e-05
0.00926827180247042
-0.00125218952351673
-0.000260844655136797
-8.42949261227087e-05
0.00958496944545673
-0.00130933669135965
-0.000288296250456243
0.00966076777296402
-0.0012890627284388
0.0101832344510019
