0.113820323354796
-0.0541990809983146
0.000823464128706678
0.000508553694390494
0.000895421262248476
-6.86265938823162e-05
-0.000566950073611737
-0.000696109408946158
0.000553511891768948
-0.000448731700228965
0.000574131814585447
-0.000599111455201571
0.00242552504112058
-0.000514358337490963
-0.000175905463626374
5.631996742389e-05
-6.99736398445393e-05
-1.24723234458917e-05
0.000127945745004217
-0.000157167899569386
-0.000101163537875158
-2.76472221821843e-05
0.000278226829046484
-2.66274748250889e-05
0.141575208820153
-0.062300298373341
0.000486728306927121
0.000338751283579234
0.000460644799224157
3.40530758306296e-05
0.000897644456619625
-0.00115804061216222
0.000544316204059832
-4.66943224759731e-05
-0.00040665751580417
-0.000128186786053312
0.00243993611909241
-0.000383974340592724
0.000202684025087755
4.07774435156404e-05
-6.58631642568762e-05
4.03971328075277e-05
0.000136921087942416
3.499870711439e-05
-5.9901565318906e-05
-0.000196567819123037
-5.86973296390877e-05
0.157603198176584
-0.0690598735369331
-0.00416343251873748
-0.000634676531632702
0.000569528196080419
2.6748803449492e-06
0.000805665126175615
-0.000425768159583481
0.000626642752607275
0.000645812780332893
-0.000303776959152096
-0.000268181575435559
0.00252461131675146
-0.000325881675277856
5.7062358918128e-05
-7.71158632347852e-05
-0.000102999627513669
-2.02802080994453e-05
-0.000106594600828091
1.24891380797027e-05
-2.66448231877524e-05
2.26608314118988e-05
0.176585639588826
-0.0728864372888821
-0.00309496425260779
-0.0003032555362096
0.000574310640831896
-0.000120130679922913
0.000448707145408686
0.00090178161028425
-4.42755708741406e-05
-8.55859034786183e-05
-3.68469807029417e-06
-0.000293746731036879
0.00272122436562558
-0.000624759474784083
-0.000360285333893924
0.00014659981768756
-0.00019810073186127
2.44228002614976e-05
9.14456973854343e-05
6.94317577327162e-05
-0.000141518934667925
0.182096330832649
-0.0579468105650597
-0.00216368564178964
-0.000571097293529345
-0.00146953581800349
-0.00036904470795729
0.000959227589365868
-0.00156096784298853
7.03679284606756e-05
-7.56397739762438e-06
-0.000210857759103077
-0.000476029644449803
0.00270639856268341
-3.72496528312763e-05
0.000192474747992773
7.54774096507643e-05
0.000155379431950235
-4.30688614754308e-05
5.21237444725768e-05
0.000246237004798475
0.145387567219364
-0.0438416764375342
-0.00107232506158333
-0.000546338101927208
8.68821792345445e-05
-0.000865527363932276
-0.000124688749265663
-3.29922515064228e-05
-4.39740553197045e-05
-0.000178577662395357
-0.000313405085809368
-0.000114959603408984
0.00291579033440055
-0.000411876257621962
-0.000147751041415786
-2.85857146015784e-05
-0.000135378327519176
-1.88848842187256e-05
-6.87696658657817e-05
0.115654206851347
-0.046702332920175
-0.00122291844507209
0.000355905468211819
-9.4002455266428e-05
0.000938871186666678
8.91640733254012e-05
-9.84982588115958e-05
1.90210128564127e-05
-5.5400888557849e-05
-0.000312619460623059
-0.000318585159255896
0.00321407372384925
-0.000940731609500017
-0.000163937445348544
2.2845441004478e-05
-3.20989637732456e-05
-1.17632076077327e-05
0.109705539810896
-0.040790408170839
-0.000700109130497865
0.000295473355870174
-0.000377667262820962
7.40035581113625e-05
2.50023404025168e-05
-5.449011733687e-05
8.86306264732042e-05
-6.51023768380202e-05
-0.000392493220763164
-0.000609664175180914
0.00321903023392294
-0.000674908836427052
-5.0310874763779e-05
8.29646714550245e-05
-1.79403029976925e-05
0.107023361646783
-0.045127816159486
0.000690615399542625
0.00086531969040756
-0.000177177290221587
-1.8359502798905e-05
6.44134338858256e-05
4.50536405280741e-05
-0.000132226009508145
-0.000444514854626456
-0.000334665658533579
-0.000505379757896167
0.00296999806246954
-0.000660544344291633
-0.000188868002436453
-0.000100318709121341
0.107891370143811
-0.042044418745143
0.000352571302129364
0.000174494889495132
0.000103678895954897
0.000102242646689725
-0.000126734208147947
7.03397809917137e-05
4.29036865109222e-05
0.000103433490649548
-0.000152239262819409
-0.000412006606394065
0.00296685593989863
-0.000634704865032094
-0.000151212672443628
0.0977873181941781
-0.0401483282651759
-0.000130588466470753
-3.27801117597318e-05
0.000264301650671527
0.000220371697476289
1.83368356372618e-05
7.65657167534784e-05
2.75598141142971e-05
8.52528061534694e-05
-0.00012210943212654
-0.000159411439826904
0.00323681043526196
-0.000555630191338145
0.108537562311985
9.46158455249052e-06
-0.000190962957732688
-0.00014379830667114
-7.93949075256492e-05
-1.12697314336325e-05
-9.90851120326522e-05
-0.000115882693309024
-9.25270085831963e-05
-5.30609289845926e-05
-0.000454825047769529
-0.000535885636675071
0.00345727168803118
0.00472399095329124
-0.00104983647172693
-0.000214750440094078
-0.000101802590783523
-7.2057329305683e-05
-5.45749256296149e-05
7.39418302495425e-05
-6.28129767844909e-05
-6.71369116839434e-05
1.02336150001619e-05
-9.15801285308145e-06
-1.00869365246611e-05
0.00495524807120641
-0.00097214624329727
-0.00018527509199966
-0.000152370006365383
-8.63079860176889e-05
-4.53047537441415e-05
1.664906429676e-06
-1.79221166005991e-05
-5.37602852662181e-06
1.86841687602151e-05
5.38384491506347e-05
0.00512276091017779
-0.000939502349277715
-0.000180608713229117
-9.36878598258404e-05
-7.67185363976197e-05
-2.4728234037185e-05
-1.98074247150916e-06
4.40336775183216e-06
1.75640744498005e-05
-1.08995671014629e-05
0.0055042798880124
-0.00115028536538011
-0.000213929644980403
-7.81721679107534e-05
-1.79116239888176e-05
-3.66820203262726e-05
3.18621413937023e-05
2.97714911692324e-05
5.06207121366491e-05
0.00563998054689491
-0.000911417571688411
-0.000189818787009096
-5.01610767041884e-05
-5.20293170226304e-05
-5.67270217985617e-05
3.97912841505358e-05
-1.27251629450861e-05
0.00612754600146542
-0.00118722301635176
-0.000401900470154166
-0.000137357181848772
-1.87094718807048e-05
-6.44975767542065e-05
-4.52785850553762e-05
0.0065534800131492
-0.00154455867899265
-0.000293302410673572
-6.95330622710539e-05
-7.97138327674791e-05
-4.4411637117708e-05
0.00615832125422562
-0.00112785523753152
-0.000174026971193992
4.77839561060151e-05
2.27245960184582e-05
0.00549609485329111
-0.00102476177541476
-0.000161230961574894
-5.48605536846602e-05
0.00546961337784459
-0.00116333641589089
-0.000101127334765815
0.00576435978968282
-0.00113602185752718
0.00605096550385308
