0.165317897172624
-0.066460954487879
0.00175093374692002
-0.00139381933117902
0.00144011060934017
9.77882938960892e-05
0.000910571965983413
-0.00016576203929252
0.000104656265787041
-0.00118099801265402
0.00098921283245115
0.000825459774583084
0.00307727763405174
-0.000828298726843799
-0.000391740202380595
-8.63610710569333e-05
-0.000105648460957874
9.35668398505225e-05
-0.000140035017509582
-0.000121804724684723
0.000151318507705678
0.000105900023497748
0.000248605227566676
0.000372470156785212
0.21963011833988
-0.084578732020758
0.000608998005536139
0.00130374626912698
-0.000474871856463317
-0.000425377284498085
-0.000769980251528413
0.000666546270027142
-0.000758139419151715
0.0019091729827059
-0.0018943320855272
-0.000118067240708194
0.00333036982602302
-0.000694042970181484
0.00042949722769464
0.000359922122296765
2.55887123883472e-05
-0.000112453618815382
-0.000533201948415404
3.34370270078584e-06
6.32994969136278e-05
-1.55980605727111e-05
-0.000750717917600209
0.26142246072784
-0.0977485885972478
-0.00977111944212082
0.000739111212644491
-0.00067846240647433
0.0022130242720811
0.00196196192022245
-0.000553250843669548
0.000393760644139823
0.00162474083207591
-0.000217308660879695
-0.000139308642871785
0.00311580843510353
-0.000898790831513372
0.000342219354533957
0.00014630906916476
0.000257706205045398
-0.000213768872868366
7.9578503774343e-06
-0.000116541901445335
0.000342029350368791
0.000182838324679968
0.315091250053805
-0.109215032366835
-0.0105357339562507
0.00094053883396153
0.00122619150417195
-0.0011700501567332
0.00078119707916518
0.00122285764254709
0.000998978604454047
-0.000149624414917672
6.16452159684076e-05
0.000407586245152321
0.0033293605376093
-0.00181066474715456
-0.000796934888879237
7.12749975941099e-05
-1.37432322615457e-05
-7.4402146230028e-05
0.00078553242387645
-0.000709841709971007
-0.00017002163411223
0.32301165777212
-0.0680914994726918
-0.00491015734380511
-0.000857806311733183
-0.00150855139886566
-0.000588630736780179
-0.00111382535994201
-0.00106211858088932
-0.000193071569860832
6.6355912632908e-05
-0.000401847645678372
-9.5272523489571e-05
0.00432453410298401
-0.000108296908790658
0.000389939612887413
8.09514868550297e-05
0.000508590157348854
-0.000421261582188447
0.000235243126699809
-0.000103490959373296
0.23782100299609
-0.0550510716448284
-0.00131195245455185
-0.000510845453256857
0.000718232187526155
-0.00110777967052803
-0.00158185561149334
-7.16700363336239e-05
0.000209366032687445
-0.000305898200841888
-0.00028947584898095
0.000339153061116928
0.00415742495784541
7.42883336299394e-05
0.000441299207913868
-0.000129805134672027
-0.000360592449397737
-0.000239444845418304
-0.000409772655878077
0.172075985080462
-0.0563282340585359
-0.00220405824579609
-0.000486236542791284
0.00215578812688178
0.00146873701124869
0.000117029848059106
-0.000398063396196821
-0.000353539967481101
-4.00212859387904e-05
-0.000248722040013729
-0.000382504820774636
0.00507911635719503
-0.00132479567750805
0.000230816113384731
0.000129640458540878
0.000392547360780815
0.00014570717929407
0.163521519335363
-0.0507183232401874
-0.000755225199785557
0.0014320324847273
-0.00202219983588404
-0.00023891697847951
4.91011868262195e-05
0.000309622018978896
-3.54568590338589e-05
-0.000441204488837549
-0.000277748134403811
-3.95157410930048e-05
0.00434534612578024
-0.00136378613760772
0.000114716262595679
0.000168309963672926
4.54277511300552e-06
0.150942684467443
-0.0503192149357208
0.000298155115259196
0.000918053997119388
0.000208412710963066
-6.61922225822725e-05
8.53170899074696e-05
-3.91478021440046e-05
0.000240360840545658
-0.00058665292737248
-8.52858517841032e-05
-0.000386661908703712
0.00452156060304862
-0.000918509670011246
-0.000306927329169341
0.00035742723534415
0.153430424542758
-0.0566993652401945
0.0028984477046215
-0.000187692946520667
-0.000255184593863787
0.000440138258693377
-4.47995420627099e-05
-0.000152666808615608
0.000128313646737732
-0.000429224062022685
-0.000179968303062757
0.000255406248102034
0.00446869943402306
-0.000964731209237378
2.48055287515658e-05
0.150838045171044
-0.0561294941284085
0.000382874874165462
0.00023793965409187
0.000137984046996361
-0.000394214992495147
0.00011630806344909
0.000128550709196351
0.000588788175424839
0.00016543433327634
-0.000461951577385633
0.000574376809557109
0.0049851507954702
-0.000934571967486555
0.183802962054554
6.14835298078341e-05
3.90793799588379e-05
-3.04200368035732e-05
2.32929679281075e-05
-0.000145220295951659
-0.000904698906888395
0.000143591100705479
-0.000365598903230521
-6.87465663719524e-05
-0.000354331365701917
-0.000226034687998178
0.00596179907580312
0.00842670228623447
-0.00207310134305978
-0.000183468637543347
9.17526033959984e-05
-0.00026532634143483
-8.89617186398756e-05
4.01063450014861e-05
-4.93016976986871e-05
-2.38000871601785e-06
-6.74896841281973e-05
0.000243051268249501
2.98752211647297e-05
0.00876061828486155
-0.00172641864001311
-0.00027275212343202
-7.72787491545611e-05
-0.000207203347375404
0.000143234420335074
-0.000141789624892781
-7.46399090295519e-05
0.000113722038029722
1.93345765314972e-05
4.85023964310056e-05
0.00891600185543554
-0.00179986501656542
-0.000244638341916222
-0.000443042697946074
0.000191028548656291
-3.29228977385299e-05
-9.90760641933306e-05
0.000177554327227512
-3.39011277545094e-05
2.47225637014644e-05
0.0102791058696461
-0.00215278203213653
-0.000477709030027079
0.000101046815390201
-5.32953778708162e-05
-3.85410566034841e-05
6.17997089583819e-05
3.73280742316828e-05
0.000196166192772609
0.010738519210979
-0.00208188452061576
-0.000200035203239932
-1.47849959130265e-05
-0.000167073697718042
-2.47417631052797e-05
2.85121496375247e-05
-3.58309797905403e-05
0.0108976303616571
-0.00270717529216385
-0.000135501502885108
-1.13316592900584e-05
-0.000108330539160128
-3.44826441936338e-05
-0.000190133412686675
0.0135365445233234
-0.00264275389023175
-0.000446222402422726
0.000129894522586997
0.00011306715792832
0.000168071398778551
0.0113215645893736
-0.0021721125707688
-9.18339600823007e-05
-7.0493875321254e-05
3.59143458927874e-05
0.010344194623901
-0.00201733229109926
-8.76543155514447e-05
7.83986734793668e-05
0.0104200321381967
-0.00218429831374398
0.000153513786637232
0.0107926870580089
-0.00199186853835191
0.0116714633927568
