0.115457059615282
-0.053540152228955
0.000290187265440835
1.57224425227159e-05
0.00157358561391803
0.000286097003635877
-6.26437170168051e-05
-0.000185765754791145
-5.79749668787108e-05
-0.000309574827370329
0.000517615960620664
-0.000559493213839999
0.00283562383342042
-0.00047997610690318
6.95811318761255e-05
-1.30791553124704e-05
-7.91462601033094e-06
0.00016936048669468
-9.55896525486222e-05
2.80533772679882e-05
-6.12056565961309e-05
8.06950610798303e-06
0.000162508653326619
-4.66078057345165e-05
0.146217469764883
-0.0655383771030091
0.000487746066130881
0.00087491770639069
0.000541193255756124
-4.89294177422175e-05
0.000491431918893598
-0.000536648285557527
0.000569516987408839
-0.000562876065237528
0.000333091397814318
-6.43502528598889e-05
0.00278752981123463
-0.000615060636001452
4.24973562507352e-05
0.000248115896585584
-0.000102794398852551
9.42464180872939e-05
-4.70255355058305e-05
8.16984397357919e-05
-3.01056745216811e-05
5.38556877236649e-05
-0.00011169782439916
0.166550638909916
-0.0714036269809507
-0.0045642865926395
-0.000276196204418454
0.000953890443882355
0.000213615179381658
0.00129334841386289
-0.000637153306635343
0.0010205189306773
-0.000226354084798994
-0.000278536332222952
0.000102931806532004
0.00282214156698802
-0.000500850552399473
-4.04274874674914e-05
6.31218154400994e-05
0.000110992534625602
-0.000108056018827657
-5.25508740290512e-07
7.64332962366104e-06
-0.00010857243891498
0.000137822061662565
0.183813116233241
-0.0749084166026747
-0.00486106512753309
0.000521638500485257
0.000925933278416474
-0.000224856033419256
0.000716504818025405
0.000566522736037054
0.0012196284711054
-4.99831793729418e-07
-7.71836243405202e-05
1.14484878991066e-06
0.00284601578650262
-0.00080994611131476
-0.000212892366698812
2.89635664696088e-05
4.35728204572806e-05
8.3728154750653e-05
0.000134958884197166
-2.70535246570784e-05
-8.64451268030429e-06
0.18752330655024
-0.0590736280858481
-0.00324081567072857
0.000229840489755587
-0.00230430604077027
0.000273232688938112
0.000419058989535998
-0.00273127269648093
0.000181689160812064
0.000106836520382458
-0.000245527744141949
-0.000120107833977448
0.00317591857042238
-0.000182108206024828
8.43301297418528e-06
5.88607529158519e-05
3.10713241654813e-05
-4.16069340392338e-05
0.000246506529552862
-0.000210476251691479
0.153939685872084
-0.048316828096966
-0.00258433041538186
0.00123831638102387
-0.000538413157436782
-0.000807185466225632
-0.000987138401095277
2.13257291069573e-05
9.68444412586776e-05
-7.52709889215135e-05
-0.000195925817928509
0.000157997575053222
0.00332272535246168
-0.000632651400480806
-0.000172091322685765
-5.32206321098958e-05
-0.000195764582959689
-0.000100595707417914
6.64719001981248e-05
0.124759772498703
-0.0494884031165706
-0.000812265960520968
0.000109412187897885
0.000862092488763933
0.00120739374843421
0.000160914266693277
-0.000147745071663782
-5.51078609586115e-05
-0.000169778512711294
-0.00028653398250907
-0.000123640521922943
0.00358241055985477
-0.00105069777141454
2.60518769305481e-05
-7.46888842549632e-05
-6.45283162903531e-05
0.000133417527608861
0.120780923354383
-0.0461004974819982
-0.000406004365743228
0.000470257360631579
-0.00134872864292655
-0.000165826520528199
0.000189212624209867
0.000127925568419526
7.06854522472845e-05
-0.000120225865354156
-0.000358676098632328
-0.000208020452091655
0.00328982560187506
-0.000916248562743607
7.02532747189705e-05
2.29525903890455e-05
-9.93617109146481e-05
0.118268733076602
-0.0486440813622663
-0.000335045013556522
0.00145608808864058
1.50739810155798e-06
-0.000210334354299189
-0.000117295473654875
-7.08761488874267e-05
-0.000148642871600978
-0.000290269696818934
-0.000106059715999915
-0.000394653438872002
0.00308234155369552
-0.00073488242119438
-8.10583459568117e-05
3.25369762923794e-05
0.119254686813358
-0.0472467459495055
0.0018062714835366
1.91359292461052e-05
7.8902238650818e-05
7.07321993695932e-05
6.18617308753962e-05
4.81583169413074e-05
0.000143854324762506
-4.02449441361776e-05
-1.16505507365401e-05
7.98218225240285e-05
0.00324147656375303
-0.00096233943848731
1.48881133440132e-05
0.110146206321019
-0.0459662152402347
1.10529517389037e-05
0.000186528468558378
0.000195392977415189
-1.52543212892092e-05
0.000129060946496023
9.31923472452705e-05
0.000315857388287807
4.45491299401068e-05
-0.000187476307165332
0.00016267582615646
0.00363499981198286
-0.000674782228330813
0.123517622341487
5.39273435800968e-05
-0.000115275474568548
-6.43425423072616e-05
-0.000104187228146637
-0.000179808163780773
-0.000123253462134647
-0.000146542546415687
-5.43596318787958e-05
-3.90294776879966e-05
-0.000279449590824649
-0.000403380843916605
0.00387516900854346
0.00580076104285912
-0.00123559436825789
-0.000189812368131021
-0.000107583428379824
-6.44850762032353e-05
3.0495028857459e-05
4.34035257210145e-05
-4.06153798318576e-05
-6.83987527996487e-05
-4.16123253315705e-05
3.48047918198997e-05
-6.77355729733256e-05
0.00644908938209063
-0.000980490520976953
-0.00017353282524064
-0.000111306923043794
-6.66274474897983e-05
2.27808555440872e-05
-1.80189107384121e-05
-4.93528319234907e-05
4.19704746875921e-05
1.18928149916935e-05
5.76343330377244e-05
0.00605863935330692
-0.000994705086478061
-0.000187448317514871
-0.000134646005995158
-1.70017938637636e-05
-1.45817540915842e-05
-4.00553985732252e-05
4.50389332926139e-06
1.77337279404157e-05
5.60181371976894e-05
0.00653354879760058
-0.00120368550869734
-0.000229342260075707
-2.97805563336013e-06
-3.75671693090337e-05
-4.18334723536281e-05
4.06632767532447e-06
7.13323207998171e-05
-1.64358504594859e-05
0.00662641481149996
-0.00115914963987179
-0.000186152726180268
-7.37429780248416e-05
-0.000105667091487995
-1.28561072302937e-05
8.83716407250781e-06
-4.00962306434659e-05
0.00719945765887769
-0.00126947597009836
-0.000374726822777684
-0.000151812690803706
-2.19042861225928e-05
-8.01293899838869e-05
-5.95830436562897e-05
0.00784333852806161
-0.00168330593133683
-0.000240866805528931
3.57090050860719e-05
-1.36061919250799e-05
1.28692991072857e-05
0.00701836382626766
-0.00137489357258867
-0.000136301471104209
6.06425272520292e-05
2.28912237587372e-05
0.0066915235627285
-0.00127642037827425
-0.000108498306425166
3.55303617217127e-05
0.0069910919864218
-0.00142016174916768
-1.43599020619186e-05
0.00721914257257578
-0.00134967331416758
0.00768308237339747
