0.125624362807939
-0.0602056912612557
-0.000683829144689302
0.00148956215753327
0.000142789753408902
-0.000494972271169531
0.000391868222825833
0.000741845720804725
0.000280394075377637
-0.000926778198856874
0.000837982529953921
0.000518484498571035
0.0035398286033272
-0.000813220090373661
-5.07193666937251e-05
-0.000225706464999355
5.63735747219675e-05
-8.3844531793049e-05
0.000100754663458145
-6.32927957922155e-05
-5.43177541065939e-05
-0.000104211379130257
5.93062750785566e-05
-0.000121494614502155
0.163707331935121
-0.0724462304165149
0.000220490743650019
0.00047080651814184
-0.000310230330760839
0.000810393535192131
0.000620777055396935
-0.00184891212886214
0.00135712656125973
0.000159720208694585
-0.00178315187466907
-0.000164901972736611
0.00359946647741154
-0.000692377371918385
-2.15642931131828e-06
0.00017407057937186
0.000223591107055606
2.49808988883261e-05
-0.000247767548671542
5.9409964287165e-05
-4.68848019272784e-05
-0.0002496751048024
-9.07879332152606e-05
0.187884660871854
-0.0829592238657529
-0.00459991275046604
-0.000346623495964958
0.000724311024616999
0.000652146029804642
0.000778149321309559
-0.000620290171231417
-0.000194538169209926
0.000598098928202342
-0.000784286667910508
-0.000321261371101312
0.00374537269563962
-0.000418041921456779
-0.000258727715187166
-8.2660932299607e-05
-0.000329075440964209
-6.60390540093252e-05
0.000231584341847552
-0.000177699044805003
1.36701790290381e-05
0.00015640146859807
0.21670231982841
-0.0887711181046103
-0.00457814778269533
-0.00212982440386356
-0.000205513366973546
-4.31535874969302e-06
0.00207992049457852
-0.000454539161039574
0.000494210461850828
0.000140341094765721
0.000103781867998056
-0.000470606628166759
0.0034742489616915
-0.000540135102365808
-0.000170878035944587
5.45356992700112e-05
-4.2632145197583e-05
1.32189329297736e-05
9.45055817420453e-05
-0.000231751939430778
-1.48650636444271e-05
0.220191963065868
-0.0660707107372002
-0.00252674592989287
-0.000379938199075383
-0.00194767313013802
-0.000751367459971083
0.000728445998959137
-0.000388102227369545
-4.26685405126656e-05
-0.000100382302204969
-0.000219506536843794
-0.000535372441654559
0.00338754376816601
4.81042833983139e-05
0.00041131127068207
-0.000144314007963937
-8.58278277488568e-05
0.000321277584804637
0.000324498333930485
0.000407520981042108
0.170897218096022
-0.0474651674215302
-0.00215749072407957
0.000728174976263799
-0.000702362532190287
0.000143058531331923
-2.79041867928994e-05
-0.000103754295065489
-0.000181448635280657
-0.000255473559786452
-0.000385642389886307
-0.000504241678243623
0.0041958501040114
-0.000635595082136371
-5.75853781783242e-05
7.58984070551451e-05
-0.000179657727318594
1.42902733869793e-05
0.000241599223774497
0.133045755724185
-0.0494433975579831
-0.00250974138147246
0.00043424289966425
-0.00013701684946889
0.000338049401856618
-1.32321885504058e-05
9.72772165248849e-05
-0.000113425265227245
-0.000101250944314515
-6.68781926545084e-05
-0.000416485683411006
0.00502405395541168
-0.00102587704565614
3.25846133208146e-05
2.53027008193401e-05
-4.16244801036907e-05
-8.88376754325307e-05
0.122986698518706
-0.0433045554945614
-0.00224305297515941
0.000974428543348908
-0.00150459168365301
9.93132209128737e-05
0.00027651520526093
7.09312096593532e-05
-8.26342642392246e-05
-0.000484020619008757
-0.000353574414954977
-0.0009614219858326
0.00438882615879876
-0.000974726308562883
0.000117651881213838
5.44065534312986e-05
5.70537660543435e-05
0.117245808836175
-0.0475729111317084
0.000990202095515118
-0.000131930953646443
-0.000365233033174359
-0.000133145778261911
0.000153134565783951
0.000134766999379207
-5.83901851663384e-05
-0.000701746093152745
-0.000443970104516465
-0.000456411015858121
0.00417848654524804
-0.000778087631232274
-0.000180040830610035
9.36549236677252e-05
0.119236629160453
-0.0471534666927694
0.00129323588525936
2.69853161754808e-05
0.000113023143351901
-5.4708774033034e-05
0.000163211099576471
3.76512408887956e-05
-3.56238473582867e-06
2.00708836415556e-05
-0.000218544382799434
-0.00045462300833463
0.00456208506850397
-0.00090289480602608
9.33973175197459e-06
0.108338547711467
-0.0425238984682779
8.98463634735259e-05
-2.05395500409948e-05
0.000237681585254127
-0.000234350382337492
8.73688617202779e-05
0.000239824855477866
-2.03740247756369e-06
-4.91164289795519e-05
-4.06193527708055e-06
-0.000224112647846282
0.00494320646887675
-0.000818193876330439
0.116708984762374
4.0047655663681e-05
-0.00015284237181927
-3.82512045721167e-05
8.11980267475285e-05
-8.45668641830801e-06
-0.000275371046965845
4.43753511718551e-05
4.98886128219471e-05
-0.000322939812750825
-0.000264018288685826
-0.000636506225297437
0.00540694269483242
0.00606383228217327
-0.00135724855058768
-0.000252186395419485
-0.000188224815850214
-2.42643597670035e-05
-5.82193066422444e-05
-6.28911104091577e-05
1.27689433962744e-05
-4.00003132683691e-05
-3.82831407487918e-05
6.40474021326997e-05
-0.00010092755831478
0.00642899092488454
-0.00117256475362
-0.000256701788197302
-0.000138830324072744
-1.02920492796953e-05
5.88459346815438e-05
-9.37287479623976e-05
-4.54691040475735e-06
1.50399236693887e-05
-4.42426232009686e-05
8.18580836234084e-05
0.00642729918364432
-0.0010748090139847
-0.000255903923805099
-0.000231184805950871
-0.000112132825619681
1.06312516382955e-05
-3.2572504101816e-05
-1.56914339053421e-05
3.47635236688695e-05
1.43768686660825e-05
0.00729477834957056
-0.00150252571539437
-0.000348360217348545
-8.92700503342758e-05
-3.99826023535942e-05
-7.5831310739527e-05
2.22533478590585e-05
-2.77509211265393e-05
2.6568045859415e-05
0.00734081528418749
-0.00112626788338344
-0.000239344303032524
-0.000169857275959732
-7.06151567522234e-05
-0.000126562875245251
3.03112369418207e-07
-1.60692600508724e-05
0.0080617248992679
-0.00127945054728281
-0.000524813445001147
-0.000125849506081983
-2.14428874210173e-05
-3.3331749672266e-05
-0.000105173837896332
0.00866770362131333
-0.00170712023112938
-0.000408433005351357
4.15496420689405e-05
-6.89943447073232e-05
-9.32832744107981e-06
0.0080757566353289
-0.00133109205052841
-0.000157803163948409
2.63135737762965e-05
9.27119746715069e-05
0.00745747727428362
-0.00129549489930596
-0.000175713581721629
-0.000121375822485502
0.00782207765119343
-0.00146929460986363
-0.000150102783956022
0.00803073938927209
-0.00139916558036065
0.0087513349331401
