0.094773932548007
-0.0420372028326115
-0.00045210384130944
-0.00126731782786626
0.00163806281567209
0.00068708337661547
-3.21316690381423e-05
-0.000407870780353792
3.55124546998296e-06
-0.000943894290693986
0.000721152261863752
-0.00149420369211242
0.0035676111578935
-0.0005987443501936
-0.000217551141271297
1.99266288840573e-06
8.15842987210776e-05
0.000321931233170205
4.33622857429087e-05
-0.000107997765749285
-7.16918422308549e-05
-0.000100814738160579
0.000289734006732624
-0.000257242013125838
0.113097870393979
-0.0500716568497961
0.000260656226169834
1.07338406820934e-05
0.000374455284596345
-0.000114528626828971
0.000496783580960466
-0.00153242890932913
0.000315184664316352
-0.000280075857918622
0.00126683819520009
-0.000192683157324269
0.00343843865915482
-0.000681573179844732
-5.96467070585067e-05
-0.000124792797028125
-0.000154854295421668
2.80478212996887e-05
7.90349403104716e-05
-0.000179457088049528
-0.000109938392130488
5.07719427964217e-05
6.51404135861556e-05
0.125246402825666
-0.0516029829949309
-0.00365596135833996
-0.000226704770641096
0.000951466770687214
-0.000209647286255511
0.000771882491528121
0.000540008439490525
2.11864885342338e-05
0.000500303845751402
-0.000109489520849707
-3.41887224252501e-05
0.00344664207312584
-0.000588543324999791
-0.000156853271508933
-7.52634142533691e-05
0.000263467428549616
-0.000240438639592064
2.96872206677621e-05
-8.74289675215099e-05
-0.000199015342887941
-0.000118667334572265
0.136068049437103
-0.056345769092199
-0.00372828975464732
0.00153510999425872
0.000841129106413992
4.98508757981967e-05
-0.000116922209388034
0.000393485066935209
0.00156100793337384
-0.000203330810473869
-4.12307273099564e-05
9.95672932432537e-06
0.00369301205058284
-0.000901853532596896
-0.000292631062074038
-0.000107150863721972
3.79766286296572e-05
0.00019001184186067
4.09883402866584e-05
-8.78270418594557e-05
0.000265042216245708
0.140864427778285
-0.0478691486553627
-0.00212850183138591
0.00108231354947551
-0.00279081005012696
-0.000698292188231092
0.000533401063955341
-0.00394206474295405
0.000219555235881486
0.000207928488246761
-0.000177954662183592
-3.21560117632692e-05
0.00381877667191003
-0.000247652994859619
-8.08175315853046e-05
0.000261320825497282
-0.000175486373173123
5.22558530086898e-05
0.000321876939552073
-0.000196774776328372
0.121500545895971
-0.0411254519735871
-0.00134026664594814
0.00093707502435975
-0.000994738880638502
-1.17184453562831e-05
-0.00191337769110381
9.40073316611907e-06
7.44884990672373e-05
-0.000274695647258791
-5.89123899592493e-05
0.000190023593021387
0.00412143490735117
-0.000344928920567604
-5.08221831248672e-05
4.56975072077056e-05
-9.37762791220141e-05
1.35389333150552e-05
-0.00051526659703603
0.101719047261869
-0.0420980117860987
0.000661390009431821
0.000899418825824777
0.000768633236337714
0.001595024284519
0.00014255310079963
-0.000230004746945382
-3.90738610743366e-05
-0.000166052211369759
-0.00030068673168335
-0.000292826716172178
0.00365293322269026
-0.00118028509496554
-0.000177708442482439
4.56695541220023e-05
-4.08130582738868e-05
0.000429582539669232
0.101741507103358
-0.0401593879231431
-9.2021611203687e-05
0.000472251576608852
-0.00094431194380041
-7.77989207592899e-05
0.000331221847906387
0.000166267345884787
4.45958614490757e-05
0.000114321784241348
-0.000258507795238046
-0.00029186862938093
0.00369834717197769
-0.000763659733641137
2.50761751304541e-05
-0.00012700776644749
-0.000147743750707252
0.104674216697572
-0.0429705102390656
6.35205921608518e-05
0.00157103916862733
-0.000119691269839834
-0.000373056770414418
-9.61500203700764e-05
4.76979263015111e-05
-0.000122865875595323
-0.000321933078351679
-4.03257947046434e-05
-0.000305543167487066
0.00337768246540925
-0.000917142821136217
-8.79417103775431e-05
0.000218899215346449
0.111802163844145
-0.0417755990980225
0.00251228298957655
9.0821256973673e-05
1.77146216136405e-05
9.70397469503966e-05
-4.15618158849841e-05
1.86822361347507e-05
0.000110689508131606
0.000100384698689871
-0.000223569523621926
0.000198396920917735
0.00375238892643696
-0.00114654922505941
-7.36975744274911e-05
0.100761999189313
-0.0409705919072308
8.87455068890711e-06
0.000255459495450752
0.000262507460832144
6.65886689131495e-05
8.76092291141944e-05
8.88537398300005e-05
0.000375213552587655
0.000206469823041228
-0.000233439320155764
0.000242515156842768
0.00404095010065479
-0.000711774179425748
0.114028123694482
-5.01179292713624e-05
-0.000164526018968202
-4.8842078294484e-05
-0.000159293099416819
-0.000454215178522098
-0.000153948466710009
-0.000153046309384739
1.96903342742909e-06
7.86320045569844e-05
-0.000197718465965938
-0.0005258868793476
0.00433600062874118
0.00651041846073471
-0.00127083527316291
-0.000247833322650127
-0.000186202249607253
-2.01739265080099e-05
2.66553416228471e-05
-2.16874677311164e-05
9.747468764763e-06
-0.000122214955862086
-8.48778531595588e-05
7.14828556156782e-05
-6.06011225511721e-05
0.0069747568046373
-0.000947562725079957
-0.000250014032319762
-9.05784771474936e-05
-0.000109525342334178
-4.25627099253452e-05
-7.06900696798963e-06
-8.03112729264196e-05
3.55606608055672e-05
2.78967749747734e-06
-1.12749948619275e-05
0.00651555704118765
-0.000950172606421241
-0.000302595886904638
-0.000131206444786782
-6.45471156337497e-05
-1.36675845055627e-05
-5.93502037742234e-05
4.72769288001739e-05
7.71467924088083e-06
6.22498845683498e-05
0.00709769406801372
-0.00118680619887837
-0.000309097203229626
-2.62878392157668e-05
-6.98480652087693e-05
-6.78342727960841e-05
-1.87397052446324e-05
5.54575084027158e-05
-2.36460592256815e-05
0.00708727252997804
-0.00102893178743586
-0.000275577780899542
-2.25022238437459e-05
-0.000129943726577656
-4.65342655111513e-05
-4.38712846245419e-05
-7.70299376012803e-05
0.00795396963329906
-0.00118802488002438
-0.000498212096177459
-0.00015723769087996
-4.22847170121386e-05
-1.50753705558798e-05
-0.000124826928492957
0.00826831397497018
-0.00164574144871002
-0.000242715354606899
2.5602170246623e-05
2.63542507545135e-05
2.95020533800327e-05
0.00762576128305007
-0.00137694152860977
-0.00019922402730372
2.05047724632051e-05
6.18161785747506e-05
0.00744610819102821
-0.00124046097941074
-0.000133910815031723
1.72522916664812e-05
0.00785220369182246
-0.00136152913181113
-2.30231675419929e-05
0.00802616658949977
-0.00138435504716955
0.00857835327444633
