0.104509535826403
-0.0478556894963596
0.000694061457259472
-0.00184615171556122
0.00322156432276244
0.00113390892872886
-0.000626244116139019
-5.44982579659439e-05
-0.00133401515933282
-0.000825249942298902
0.000743053670936149
-0.00211969639224951
0.00238197451958095
-0.000666237559142529
0.000217032028434879
-1.05479066311577e-05
0.00043731737880849
0.000294844135004622
0.0002694804447453
0.000196757451236007
-8.77266533951337e-05
5.69893137157642e-05
0.000254317582128054
-0.000334380987966189
0.125873707004819
-0.0574206284180137
0.00191740587476964
-0.000469689536068688
-0.000369162835003301
0.000843199444243634
0.00043022952713635
-0.000144379490468992
0.000227005921092546
9.8210106724803e-08
3.72626614499004e-05
2.4215326002816e-05
0.0025095706256216
-0.000709311952246551
1.50646513528791e-05
-0.00011263463967579
3.48409428734064e-06
0.000281506203947478
-3.34878413363764e-05
-0.000126059767423769
-9.61809693519077e-05
0.000166483331345124
2.25896415034628e-05
0.141354652461703
-0.0601585652275209
-0.00367012330608917
3.1006007823945e-05
-0.000270412657097376
0.000131532788476522
0.000781440373753928
0.000856257813518426
-0.000547636909182693
0.00240564622307118
-9.57264338972386e-05
-2.17434296612988e-06
0.00242279099979445
-0.000823139946537655
-2.30699113975872e-06
-0.000146558530982598
0.000146187202397424
-8.12150588665621e-05
-5.21319366221041e-05
1.60650786740739e-06
-0.000171928888830225
5.45364974131766e-05
0.160626311549453
-0.0666589768122397
-0.00666917189450876
0.00309793350496658
0.00102103228695371
-0.000397693493785426
0.000204241768366978
0.00165950894723247
0.00145413730668039
-0.00039945438570799
0.000108785626625583
7.32548281471223e-05
0.00274570435009277
-0.00111189268220436
-0.000595880688399897
0.000296079839378537
-0.00022337700113464
0.000161272983437279
0.000112774181318725
-6.28896175129928e-06
0.000760856144255333
0.16801193660973
-0.0543697023144307
-0.00303752242276863
0.00223321820311999
-0.00203463481539841
-0.00188920486314474
-0.000812618948494925
-0.0049176969539881
0.000240706068965454
-9.55234225977467e-05
-4.65558444232522e-05
0.000510296471618062
0.0029876447240109
-0.00020787752916591
7.50001801995107e-05
0.000382756075991153
-0.000127384434540395
-4.27219566727785e-06
0.000312232657874619
-0.000518174407602007
0.14606373354048
-0.049053457560094
-0.0023964989197151
0.000261393744345251
6.24446224818669e-05
-0.00084662368249593
-0.00375916205909408
2.66979136772862e-05
0.000131775437116924
-0.000220129475153329
-0.000250575957684055
0.000622046459221702
0.0030962939781006
-0.000614030420716925
0.000141084902110246
-1.13497294035013e-05
-0.000210111991977199
0.000171527563038011
-0.000713703615758013
0.121150595700462
-0.0500325490023684
-0.000108201502005258
-2.07113730849196e-05
0.00204255875888204
0.00305146918396597
0.000103470612203806
-9.04916324545141e-05
-0.000120307166694911
-3.41912150923205e-05
-0.000368829835127222
0.000112535245138449
0.00285771633013551
-0.00132169003582775
2.24018175722634e-05
0.000277928188838025
-0.000164567182811564
0.000479497335497378
0.121756861997511
-0.04789404642778
0.000437635552454648
0.000740192300381862
-0.00187573851102992
5.14144640940986e-05
7.12081424314078e-05
0.000248199029795822
1.0915249742884e-05
7.90028978283095e-05
-0.000114641576452957
-8.7227757108937e-05
0.00300782066468498
-0.00103277789764641
1.70635112168744e-05
0.000332823915343839
3.82727764050597e-05
0.125347661750196
-0.0461750545655168
-0.000459084787700828
0.00326204241783043
-5.75804316769954e-05
4.82996291177392e-05
-5.51096215618539e-05
-6.79944927583734e-06
-0.000155105909710633
-0.000477621110751408
-2.28027462364528e-05
-0.000437177489475535
0.00277116625432749
-0.000927218104693176
-5.9221682943587e-05
3.88205915909436e-05
0.13485658746185
-0.0509908832750761
0.00675469215692622
0.000134478997647959
-0.000202720810094852
0.000117414638576867
1.46157267325983e-05
6.08413167960686e-05
-0.000154150320494842
0.000332052097943795
0.000156556959445446
0.000279695073796415
0.00275374156395977
-0.00125946380105318
0.000199519765582701
0.131349073920029
-0.0510285338978939
0.000146060438034676
0.000340421221229448
0.000152290642344252
0.000271699620496006
-2.10559594211421e-05
0.000278671496006898
0.000275085614712035
7.14494706855741e-05
-0.00014242724646014
0.000446566531008894
0.00327495113853759
-0.000598449422914498
0.163179209129742
0.000132671755949746
-0.00032223278496744
-0.000273463429901075
-0.000190056792397424
-0.000168467361344835
-0.000603676782193926
-0.000119978840675026
-0.000511082661321476
0.000403700998285393
-0.000451200349858028
-0.000661730422519611
0.00427836566025819
0.0061911267511465
-0.00130822840993615
-0.000188160197497397
-4.29051851941129e-05
-8.1383704269661e-05
3.23545441329175e-05
1.77627737804853e-05
5.18932711755738e-05
-3.04017143460208e-05
-0.000142318396041026
1.10640079959423e-05
-6.07953936415557e-05
0.00672596578297121
-0.000934381873963443
-0.000192075666303774
-0.000158298975723926
-4.31037974884022e-05
9.31335449115872e-05
-2.28895288567013e-05
-6.97952607905327e-05
7.6810990517652e-05
6.48119301873224e-05
4.62625623794776e-05
0.00648444015426382
-0.00114932501249498
-0.000149111713927316
-0.00019726918170077
3.87395988251281e-05
5.03147746387975e-06
-4.42143801596516e-05
4.70491303852937e-05
0.000107655672017447
4.61872931790003e-05
0.00731184716332653
-0.00135378267580982
-0.00027196849464473
1.865291077898e-05
-2.47402380903319e-05
-1.8145335101524e-05
-2.94889602067934e-05
-8.62636074282593e-07
5.58970433782611e-05
0.00753340374813502
-0.00128388163066245
-0.000209697177911082
-6.51314755159597e-05
-0.000104901217357724
-7.44760351997011e-05
1.01082226764306e-05
-0.000130662841571599
0.00834701834177269
-0.00159013420223681
-0.000250694193223801
-9.69071798565868e-05
1.70299264239149e-06
-4.60415827293601e-05
-9.31536608481739e-05
0.00989774294050388
-0.00177889308466859
-0.000284419143492795
0.000209401899231811
7.27753520757732e-05
9.40860948174545e-05
0.0085678692532721
-0.00173019037804635
-9.53466708888526e-05
2.18945890590694e-05
5.91940850256628e-06
0.00824235753554627
-0.00154777168687251
-7.19397978604214e-05
4.32444881662846e-05
0.00849897288966466
-0.00159085970476654
-7.20490358539256e-05
0.00857248900919865
-0.00155453675925737
0.00948004702011685
