0.121317759670289
-0.0607379649695031
0.00182260467342838
0.00109648539103531
-0.00163006386657607
0.000799670205506393
3.29130634059784e-05
0.000472984744140173
0.000906003372268017
-0.00109758739516055
0.00110815374537996
0.000436816115180461
0.00216839614972165
-0.000663605368432076
8.91858693496354e-05
-0.000397923309998477
-5.60404561979559e-05
-8.41202543808915e-05
-0.000277115429107772
8.27788634340107e-05
1.70721661715838e-06
-3.12642964523153e-05
2.6547125974949e-05
3.75681590275879e-05
0.162723912072201
-0.0769348820853423
0.00175115293522764
0.00120431228944799
0.00115896449547182
2.90292917172813e-05
-0.000295465809095169
-0.000213089346658954
0.00068138413867747
-0.000199502762126951
-0.000627622988555221
-0.000231769052559442
0.00215373560288003
-0.000347588287311129
0.000264981719711381
9.96652832700873e-05
0.00010297025024594
0.000177698350723252
-0.000207421477247294
0.000209966420839934
5.49725736110186e-05
4.77995114154478e-05
-0.000122352315304918
0.189831622278995
-0.0854079296699747
-0.00567853334473669
0.000275267312449861
0.000163228332899713
0.00233647802230295
-5.55291050338551e-05
6.53845870383063e-05
0.000276329087315505
0.000186679770119764
-0.000292403880818505
-0.000215630748014904
0.00245978999110358
-0.000255714682765336
0.00027016050832066
-0.000171020906665635
-0.000102071439722512
-0.00014958968148266
-0.000259997616476667
1.97272470369244e-05
0.000120075920640331
3.76583222193319e-05
0.212300345155686
-0.088685176662754
-0.00554651167932521
0.00103269996407076
0.000488353770034753
-3.94500936841257e-05
-0.00026523800502002
0.000936384685678003
-0.000302441746855364
2.16863630903056e-05
-0.000166112983034323
-0.000258589085713657
0.00228034879312664
-0.000629760932991789
-0.000114703414786078
0.000193338270338594
-0.000113714102802514
7.72679126287556e-05
-4.46168962761915e-05
-0.000124564115927988
1.94348544788144e-05
0.214625826420459
-0.0670305823730987
-0.00482163243890471
-0.000864243148660182
-0.00185444460015727
0.000478558275123839
0.000400740510716123
-0.000516242855068992
-0.000107022690099432
9.77221894618732e-05
-0.000409781910454045
-0.00068689673731624
0.00220189805968364
1.30421552254584e-05
0.000157235585401604
9.76666250622532e-05
0.000181808990009085
-7.93846583720131e-05
7.73565088008286e-05
-0.000191798664534942
0.16400934584754
-0.0469250718761751
-0.00204568020005248
0.000822991986988593
-0.000810706526946386
-0.000555857549144965
0.000341295532897635
-6.86666649992829e-05
0.000123996412922348
-0.00010070264150079
-3.43115846810872e-05
-0.000180630694305047
0.00287080272418925
-0.000394564395089003
-1.22305204832194e-05
5.63485643253794e-05
-0.000172520634206202
1.33543437537985e-05
0.000185877973283672
0.126951778775977
-0.0482475136312973
-0.00249493461600655
0.000726361065348486
0.000726939842105343
-0.000454653035258234
-2.14780050585704e-05
-8.03016947337801e-05
-0.000129879102935471
-0.000167105518212244
-0.000154966752121664
-0.000298541074285073
0.00358383590173285
-0.000850655802183084
-0.000184627854236813
0.000294441602077607
8.45196331751143e-05
-8.38623075083803e-05
0.118399436799984
-0.0437386263194803
-0.00109318381692634
-0.000314008364349251
-0.000411957842502993
9.98227771022375e-05
0.000129546849240994
-4.46556407758852e-05
0.000133332762977901
-0.000311914440224915
-0.000306251985759905
-0.000324255429634638
0.00313896638431952
-0.000792185966864609
-2.78034789172233e-05
0.000108726314111239
-1.11484176020331e-05
0.114057937499547
-0.0475124058034882
0.000342314405522592
-1.8816536395572e-05
-0.000251753304407122
0.000111401260455241
0.00022662291421968
-9.35997036237852e-05
-2.61886564359538e-05
-0.000452593983954748
-0.000340272699724609
-0.000347828155632514
0.00308423107733074
-0.000674157530116099
-0.000132240033274258
-1.10804388947525e-05
0.110951557913308
-0.0435821498340628
0.000731168969936688
-1.57201821488521e-05
8.91951689672686e-05
2.78196402414539e-05
0.000115550471183384
0.000297981707707493
5.44455203187937e-05
-4.62800149715577e-05
3.85749668911589e-05
-9.47246086082131e-05
0.00311294213748438
-0.000752940247886536
2.77492731543444e-05
0.10263040467491
-0.0433036689336516
0.00014775586937103
-1.52444228809735e-05
-1.57879881203142e-05
1.79561565562771e-05
-3.90456150157468e-05
5.19425070415818e-05
8.13246044213529e-05
6.23480497685577e-05
-0.000184609375501337
-2.71074513764219e-06
0.00360523861066026
-0.000911583530716715
0.112179386857792
-8.98214746329116e-05
3.49292257265931e-05
4.54897252130049e-05
-0.000115255751801807
0.000146280729369641
-4.40157443067625e-05
2.58333388943399e-05
-2.12046793305263e-05
-0.000146500534911719
-0.000396377624246097
-0.000408081416975816
0.00399469636467908
0.00429032100386644
-0.00102661942003312
-0.000137925471816125
-0.000107014306836482
-6.73842236157767e-05
-2.9805890865875e-05
5.36338552191486e-06
-4.08451883289051e-05
-2.67869072633771e-05
4.30110003784495e-05
-1.13299884892357e-05
2.62275885783292e-06
0.004702214760057
-0.00107411465372427
-0.000131139370809765
-0.000121900739146029
-0.000131037392769235
4.30026169040599e-05
-2.59418615404046e-05
-1.50813506939675e-05
4.77669462099832e-05
-2.35181680850904e-05
4.53801759647131e-05
0.0049259162467753
-0.00103240651766861
-0.000138757445210956
-0.000128958085083019
-2.0184991019342e-05
-4.19861091258388e-05
1.28859616999117e-05
-3.66444109765828e-05
4.85381928962409e-05
-2.30500385100439e-06
0.00537481309463354
-0.00122649665610758
-0.00016482011845394
-6.4999149307065e-05
-1.42800295028642e-05
-3.10489411086583e-05
1.84073540262173e-05
1.95689206422617e-05
8.27204614049819e-06
0.00545067131312487
-0.00107731409784514
-0.000188047099830255
-7.33015318371691e-05
-7.30150446231301e-05
-6.92860622106755e-05
-1.14346975824752e-05
-2.65194793135913e-05
0.0062770560618695
-0.00127143830908087
-0.000369133154497239
-0.000129204815313836
-4.02770423148123e-05
-1.26461730344953e-05
-9.08260180391336e-05
0.00718874785162335
-0.001593626081344
-0.000320008668188353
2.51664052890131e-05
-7.74368449495988e-05
2.68737752880396e-05
0.00641316030336902
-0.00126868728831604
-0.000106101733102905
3.47152051958122e-05
4.8357207016674e-05
0.00601442716774906
-0.00122918007199166
-0.000166620962692933
-2.00784500388219e-05
0.00623037999244237
-0.00131916752680577
-0.00014609500876783
0.0064004285891713
-0.00129998597565696
0.00678170405510633
