0.0997698935340005
-0.0458320974385786
0.00059627260641397
-0.0022592358270304
0.00123311973151333
0.000322911329074659
-0.000818006436524749
7.56135745697723e-05
-0.000749135095611263
-0.000709290159543082
0.000112161656017026
-0.00147228847129516
0.00673464150076063
-0.000755404008224463
-9.92159294156198e-05
-4.78595965853364e-06
0.00017977101559114
-8.1547560297924e-05
-0.00025698348373842
2.67913916821461e-05
-0.000195135835583788
3.22825738259803e-05
9.86355331917201e-05
-0.000116427068831763
0.118536995858783
-0.0474417897334425
0.00126191602621976
-0.00170714208027607
-0.00111811891656502
0.000643759328906372
0.000564336120932217
-0.00108848305753057
3.29029367669314e-05
-0.0001210031660497
0.000472282177399468
-0.000271409820105062
0.00677390592416956
-0.00104805774410588
-0.000360303722944246
-0.000193221340844543
-1.98125319565493e-05
0.000329244325657805
-0.000115962874326382
-0.00038812483061113
-0.000343920318576594
0.000210879721837896
-0.00025229510121999
0.124993143669915
-0.0501859749723947
-0.00260295496617121
-0.00115460157720707
0.000362297219455992
-0.000885985642918346
0.00130507190814652
-3.01554292386442e-05
0.000857604069535407
0.000193156465881218
-0.000169038792572257
-0.000344780780559313
0.00677996746705165
-0.000765914464515698
-0.00043829289870152
-0.000498652627829254
-0.000414706747008515
-0.000245862292710883
-0.0001012346678646
0.000101801395839882
-0.000318827947479948
0.000102477674369082
0.137131491505709
-0.0557594745628468
-0.00363552889337951
0.00107387109201261
-0.000561697558579202
0.000680640205750161
0.000445417086177954
0.000150378633069971
0.00118379406573648
-0.000150936281895025
-0.000261083127538333
-0.000332748865289112
0.00694025101279761
-0.000952005001489189
-0.000372974506487316
-9.97973406854465e-05
-0.00029150959342054
0.000137371597031141
-0.000312651119840271
0.000186198006009111
0.000278238150113411
0.137551660586453
-0.0455072524837826
-0.0021290473072836
0.00213480464219361
-0.00269905983739241
-0.000984875399379706
-0.000153014844814139
-0.00155335188276571
6.79005797357552e-05
-9.01443783560986e-05
-0.00028930617093181
-0.000514855195572706
0.00668450778449968
-0.000420612497189803
-8.49376169641733e-05
-0.000149902113541163
-0.000317176737217483
4.33921682409952e-05
-9.17449066430364e-06
-0.000633677412221263
0.11882630492889
-0.036577224773192
-0.00219212579538516
0.00119636480484933
-0.00128444733228401
-4.40769693044794e-05
-0.0013116903086235
0.000139704348862037
-9.61042217564624e-05
-0.000609558797612138
-0.000314745480174201
-0.00019808216551449
0.00820765733550089
-0.00095868272741729
-0.000555148064466779
-0.000259425535766186
-3.39121277182065e-05
-1.97275474750358e-05
-0.000393209591239431
0.0978551481594122
-0.0372789978116232
-0.000768682713822731
0.000514255449746076
0.00050395319276836
0.000550325358897194
0.000117832051170821
-0.000212692632352555
7.51187168989101e-05
3.36495306023167e-06
-0.000593026278324768
-0.000375728648941496
0.00788700989718514
-0.00168048057733171
-0.00040338364376236
-5.00325147214143e-06
-0.000132754300745481
0.000335552352977352
0.0929180973984387
-0.0341928514282269
-0.00170452519217065
0.0010460790892093
-0.00096086943940319
6.24009028536469e-05
0.000137955459068534
-0.000192090882261073
-5.55035756158164e-05
0.000185925632509646
-0.000662876297090296
-0.00101944097242437
0.00765511531445124
-0.00148583516359363
-0.000406718312639705
-4.25214296129908e-05
-1.80740659536706e-05
0.0945238641631721
-0.0386989639693994
0.00177635001444412
0.000204801319542327
-0.000253536426870709
-0.000106719550036097
0.000115379289035125
-0.00024806936723086
-0.000474152474493211
-0.000623730037833374
-0.000452117254643218
-0.000518942433028558
0.0077198769184899
-0.001232889739355
-0.000123308059997953
-0.00016062431844666
0.101882731139943
-0.0401822569685036
0.00249639371764427
-0.000108395868373015
-0.000162589682335247
0.000149760090982584
4.6718489092426e-05
0.00030331932368617
0.000151033982273547
-0.000195187196517137
-0.000512081752859343
-0.000737801358577105
0.00742421417558613
-0.00159204640601504
-0.000145086846635729
0.0907771874283626
-0.032986269411273
0.000287530600577284
0.00020052738763645
0.000202088016420125
0.00012170016933624
-3.34081601899512e-05
9.42129687180762e-06
0.000143137046174501
0.00026380335143042
-0.000202952186183686
-0.000167117315495909
0.00792281122667246
-0.001262955610061
0.0952018205202701
-0.000143411803227649
-9.17790453880735e-05
-7.20494764565268e-05
-8.26248858715318e-05
-0.000633321967507611
-0.00042996910281499
-4.23866333069767e-05
-0.000178915455318143
-0.000173052816311638
-0.000617649802616976
-0.00085397878141409
0.00861013449836064
0.00989604118808768
-0.00155529644063166
-0.000242707737315459
-0.000166565733116742
-7.55497429822431e-05
-2.75421783706762e-05
-2.10481290256217e-05
-2.19598399214543e-06
-7.12407675407647e-05
-9.75277335943437e-05
7.0049483840581e-05
-4.26719294205017e-05
0.0105272397044426
-0.00120287437648749
-0.000453723871135924
-0.000179878724787261
-0.000197669636508819
-6.22414981398197e-05
-9.14038466064555e-05
-7.3091040472371e-05
-5.77921268526705e-05
5.31533622112676e-05
-7.27626017297758e-06
0.0100161608714826
-0.00117990376442088
-0.000336603952998503
-0.000260870753559078
-0.000175017697250959
-1.81625986883138e-05
-6.35428521067759e-05
6.02598275679056e-05
8.26681944435476e-05
7.18268202247983e-05
0.0107021378860179
-0.00145187855922857
-0.00040622075573014
-0.000209660538854866
-0.000163119629113634
-0.000163737698175263
4.61308964059145e-05
5.27597185032246e-05
-2.78635145730756e-05
0.0108807618341968
-0.00128927566279557
-0.000458147183258809
-0.000247069825738073
-0.000117015508101854
-1.74882864741651e-05
3.6169175590866e-05
-0.000167398861245577
0.0120555810287463
-0.00145556108709547
-0.000939533988508614
-0.000217685429123016
-6.22331241837032e-05
-8.67567958626884e-05
-0.000217902334886775
0.0118737899758193
-0.00195607031855525
-0.000653881926252234
-6.25707109836333e-05
-6.20833144111024e-05
0.000112649284823652
0.0115050923160605
-0.00164177077761249
-0.000447177211401622
-1.84090578929898e-05
-6.12464802535055e-05
0.0112916359338714
-0.00154552997198794
-0.000372876734401528
-0.000134706210245918
0.0114487904419923
-0.00159565264758927
-0.000345732506774641
0.0115649527223783
-0.0014749258619724
0.0122748927230772
