0.100213866309483
-0.0485889266764835
-0.000422333089403708
-3.03781476831276e-05
0.00129537031872381
-0.00123133421146686
0.000988409442898739
-0.000488131313278063
0.00020016143633285
-0.00090623264463478
0.00101724048269202
-0.00167539683562418
0.00722738130358576
-0.00114358230086082
-0.000506602334207906
-0.000523477229045726
0.000111908358994494
-5.23390825839464e-05
-9.51248482680183e-05
-4.69396451439362e-05
-0.000200763543362698
-2.95797077447385e-05
-0.000125727947620906
-8.37780559874204e-05
0.12166221178888
-0.0497714765428254
-6.90209701109694e-06
-0.00172257479244076
0.000387213782443842
-0.000773334526354473
0.00155680347384273
-0.0014558215426748
0.000280749665654236
-0.000490801821394651
0.000389048778509605
-0.000765116914187524
0.0074819201679662
-0.000692163382377973
-0.000649533442903578
-5.0672518023985e-05
0.000123145328883463
-1.91366050445823e-05
-0.000118697672692161
0.00014840824718549
-1.88802063499907e-05
-1.13441022086388e-05
6.37141593081838e-06
0.12846937093609
-0.0535483382751455
-0.00193578724468867
-0.0019061287864917
0.000340607556825109
-0.00016599173692818
0.00139510854729953
1.14410048796229e-05
0.000580599027588898
0.000331889442977059
-0.000456245356291639
-0.000651148041134526
0.00690166434385759
-0.000783679905332872
-0.000407250702001881
-0.000642221230536975
-0.000304990612442248
-6.80602112604679e-05
-0.000456074578186165
-0.00024979856857155
3.23774537228849e-05
-0.000138567605229717
0.144002459153947
-0.0600262430700209
-0.00262095707734744
0.000964604445476823
-0.000473145733728831
-0.000711825406912672
0.00106957814145645
0.000382476027971741
0.00107445993480379
-0.000516136400665908
-0.000425272406740967
-0.000869430912799999
0.00808781007242387
-0.00151899990959926
-0.000609023322220678
2.52088223865437e-05
-0.000192175047852304
-8.31410508761641e-05
-3.53414771697094e-05
6.8015367634412e-05
1.00746975157652e-05
0.144802078655119
-0.0489451836618315
-0.00196613437851309
0.000761183254052537
-0.00139109070446639
-0.000303116631886719
0.000677343042369516
-0.00183756640917133
-0.00010947062314279
0.000101517345063374
-0.000378769556282038
-0.00115500579098899
0.00788056906287708
-0.000607706482017179
-0.000586144200391356
-0.000199793097333089
0.00016022305623789
9.2797880445913e-05
-9.0748740789987e-05
-0.000110348783052889
0.122140881820303
-0.0380561368964296
-0.00278834393703445
0.000479185675090572
-7.17298140071944e-05
-0.000965938720517761
0.000686228005216402
-0.000207433825215286
-7.26482524213474e-05
-0.000624809846731743
-0.000702559402602693
-0.000680941067245584
0.00839886926204589
-0.000543667989348113
-0.000538054886577248
0.000183704115841655
1.66805742987289e-05
8.08108519437403e-05
-0.000258248583416807
0.100338722494618
-0.0391355338405305
-0.000819809351712254
0.000941273346057022
-0.000502506300032618
0.000572038724685224
0.000100756713461613
-0.000208732728036657
3.57025322394507e-05
-9.84353826547387e-05
-0.000607304815245131
-0.000460902416724705
0.00806671100838708
-0.00128117209453973
-0.000593914024245758
1.92641825011589e-05
-0.000140062169713194
0.000251483004553495
0.0976026053352873
-0.0377754306952178
-0.00119704552215961
0.000977502128462979
-0.000548928982695698
-8.10228179538415e-05
0.000234899449989458
2.81098670780826e-05
-0.000131448122991817
-0.000298145301665114
-0.000729979688836493
-0.00117263663685289
0.00781510195634642
-0.00111223561201348
-0.000198928748110299
0.000110587685912728
-0.000126331008724488
0.0972229150349453
-0.041273857826281
0.00226784961875471
-8.90608000224264e-05
-0.000243127594371526
-4.68507114673444e-05
1.19249230889532e-05
-0.000202203073110311
-0.000278804287040154
-0.000362414514977581
-0.000568755963900845
-0.000898288140333571
0.00758407119005905
-0.000962016568438738
-0.000315427500402869
-6.18540423996991e-05
0.102141778493402
-0.0421102649348581
0.000388580587021647
3.34211607858716e-05
-0.000148702769554943
-3.65437551299422e-05
0.000331979093411553
0.000362417932025544
-7.25577651266419e-05
-8.94211804054941e-05
-0.00028318194904964
-0.000535412207973077
0.00719072394838253
-0.00110002116608388
-0.000431128217406109
0.0903360135865806
-0.0339076248427421
-9.86231378538856e-05
0.000133886888665148
0.000246047208709755
-0.000192413672526359
3.27036172612961e-05
1.5738584965578e-05
0.000217484994410164
7.50199333752445e-07
-0.000401247996642824
-0.000372549655732316
0.00769654449937179
-0.000667683571711599
0.094809223412235
-0.000218412806182573
0.000225025485595993
-0.000253622076240642
0.000337102767999439
-0.00025862524500233
-0.000195061085077465
-0.000103018249215233
7.12108511640361e-05
3.71332968209445e-06
-0.000391365024835741
-0.000561562909609844
0.00807676647987906
0.00986577493223261
-0.00182810903555252
-0.000634611371973034
-0.000573031540400054
-2.4567736634042e-05
-0.000110881931333404
-0.000119775888383234
-0.000140922103879639
-8.79369408163286e-05
-0.000104312592455448
1.58327101763745e-05
-0.000104962332270686
0.0104212023936736
-0.00123653001468865
-0.000503514490705213
-0.000212814814490927
-0.000102143249713589
-7.54546927715665e-05
-0.000106963928993413
-7.63485493234863e-06
2.28721494566189e-05
1.68384556550385e-05
1.81693467071382e-05
0.00942200278129832
-0.00117335794400726
-0.000469109059060349
-0.000430839953334905
-0.000166217464731972
-7.35782367837571e-05
-9.87963883178808e-05
-3.26268976431393e-05
4.3441438276508e-05
-2.94762338815381e-05
0.0105753639084972
-0.00180001857270956
-0.000504781897967765
-0.000145817421975671
-0.000109703160787923
-0.000154262393844152
-6.40949803967346e-05
3.67869881025146e-05
-5.20545681877208e-05
0.0104976374191168
-0.00137503339739676
-0.000582520232438817
-0.000270260664374993
-0.000137822207421737
-7.10839439948362e-05
-8.22105372632539e-05
-3.4510142190007e-05
0.0112386285197487
-0.00120033883697867
-0.000729808396820047
-0.000187709355848523
3.57356981384206e-05
-5.40844451607317e-05
-5.97685765348889e-05
0.0110715118868985
-0.00173048496349175
-0.0005625837624383
-0.000112237996114319
-4.30079190081642e-05
1.68733625009615e-06
0.0104708748612167
-0.00149138507956899
-0.000331615106570801
4.12244408616432e-05
-0.00011395419566219
0.0101108714387421
-0.00119535108559848
-0.00031771048970886
-9.43056369798873e-05
0.0102265986330247
-0.00135412749441274
-0.000264267123042499
0.0101483592060909
-0.00125959247656279
0.0107756411793638
