0.152461628515741
-0.0760003365031793
0.000917335455275438
0.0001001431131904
-0.000288327009725599
0.000410075363541548
-0.00093133716882647
0.00102495269722821
-0.000539657582621273
0.00170449133765685
-3.74368708151669e-05
0.0001749510464459
0.00244191427962062
-0.000541411343116412
-0.000165534035217244
-0.000281421382378597
-0.000424125807510394
0.000134395636981262
-0.000174894944842453
-3.86977783855916e-05
-2.56135612769747e-05
0.000283060544518445
-8.93380315977602e-05
-0.000122107018942318
0.209926430719538
-0.0893817924159772
0.0014849326769956
6.34193667205036e-05
0.00153049530657421
0.000171059334868155
-0.000210205407684766
6.39263760171698e-05
-0.00131828888425989
0.0012267122080448
-0.00135069707854589
0.000216482940345083
0.00289651987358705
-0.000623579155290698
0.000571220111989555
0.000101209961642399
-0.00023007025731399
-0.000218962724631887
0.000139185267124419
0.000127448636255087
-0.000237536710632994
-0.000303133713053691
-9.18565855799771e-05
0.253840262678319
-0.11225290995212
-0.00650215075296257
0.00305070550966499
-0.000848052920062568
0.00298965446400857
0.000431566527732861
-3.52694599257202e-05
0.00130623877185866
-0.000146495302727263
-0.000558117130885034
-0.00018057443987238
0.00353277051508992
-0.000761963709910749
0.000648713979119435
0.000405549521627571
-0.000394967441352717
9.87794400912248e-05
-0.000300399312514501
0.00025472813577582
0.000322404819582096
5.312542756551e-05
0.312254767339037
-0.115512037066897
-0.0132069869893291
0.000712519025329201
-0.00222489498595459
-0.00111440581671913
0.00239573096753317
0.00199102952087318
-0.000855550128528867
0.000107077540805527
-0.000568833002925902
-0.000230692277108824
0.00379499432250636
-0.000943243597906537
-0.000615094674686443
0.000857118760766084
-0.000247901975543053
-0.000228159477479592
0.000306517280346826
-0.000106247880009328
-0.000256002108281138
0.310983837891451
-0.0806672659994197
-0.00757784192921373
-0.00122555312928566
-0.00178596509442526
-0.000866575832466028
-0.000922469744086064
0.000961869820635117
-7.5881972547321e-06
0.000358314519561102
-0.000756922153378528
-0.000595805097456326
0.00289458619413021
0.000123825249594138
0.000450083669032627
0.000240488043185482
0.000316084105530364
0.000131976787681562
-0.000169627198561434
0.000185096502301642
0.24368504538441
-0.056795129156095
-0.000912841450023531
0.000881055616295753
-0.00221608297266949
-0.00203759784496094
0.000716661584190296
0.000142284809346041
0.000294203336048786
-0.000230611780787294
-0.000658156027298457
-0.000341126454486153
0.00370918714824262
-0.000131217163050632
-0.00019578908445347
-0.000176905776927814
-6.31654336101115e-06
-0.000337077250190531
0.000355141546597952
0.170253024012706
-0.0569424553500778
-0.00391209496811122
0.000877404944054815
0.00136371246453344
2.04054537790284e-05
1.4240686934549e-05
-0.000228733669318878
3.23437426332744e-05
0.000106097109718984
-0.00015902051864702
-0.000202534992301699
0.00477538829640674
-0.00113011479837037
-9.79843776126727e-05
0.00016812183435601
0.000308753617204155
0.000281617023795819
0.15571634697405
-0.0480621172510939
-0.00187073476820967
0.000939146306544507
-0.00183431314185884
1.94449029529292e-05
5.2951133862173e-06
3.73170666602404e-05
-0.000150494584362266
-0.000135807672693035
-0.000337710340388088
-0.000353131407392146
0.00445095014936485
-0.000950760537329384
-0.000130157559962218
-2.03423461673219e-06
-0.000104187657585772
0.140140023164142
-0.0502668997076143
0.00117637357575524
-0.000575586154986619
-0.000257488981962874
-0.000156713965744618
0.000111910838300376
-0.000157375920079108
-0.000113391705542318
-0.000316117399785031
-0.000552717995441963
-0.000356783001880445
0.00448956337778784
-0.000612749895512484
-0.000336984215729212
-6.62864596864261e-05
0.137151963682006
-0.0521008964781472
0.000464453277441331
-0.000295742835479677
-0.000152819082561368
0.000157389822792165
-0.000113950028495335
0.000180121853786531
-0.000251364065092673
-0.000433281874045596
-0.00016904151817059
-0.000276503715808157
0.00470267083490777
-0.000568942079248731
5.36846773263615e-05
0.129333926896674
-0.0479977021791118
0.000184475862919237
7.61947110351442e-05
0.000367322853794707
-0.000306384664581187
-0.000107585494231683
0.000471032345814758
0.000469145986795713
0.000120418107391765
-0.000213332499039078
1.38534277383877e-05
0.00513090821708418
-0.000820551710332769
0.14496788880978
2.8098153237492e-05
0.000202527754124449
7.71870642745231e-06
0.000122894178261563
0.000207224255724034
-0.000449138881062439
-0.000200471327608371
-0.000241978236431077
-0.000224723706774548
-0.000413248500050229
-0.000568647434404026
0.00560065429650044
0.00652452953980257
-0.00137112587213995
-0.000363550619986998
-7.23895967124227e-05
-0.000111832427003312
-3.72661359729016e-05
6.67851390840303e-05
-2.95013627812287e-05
-5.42385672464078e-05
7.81265376333324e-06
0.000125342056935257
3.69427840259273e-05
0.00706889955958028
-0.001455289924066
-0.000186007258458426
-0.000317126887189364
-0.000128443347117988
0.000100658922273564
-0.000135523209794496
-3.23211089159118e-05
1.06176104813332e-06
-3.34618770527362e-05
9.10766125562959e-05
0.00753077004141848
-0.00128990388062703
-0.000277902400679764
-0.000331448960526186
-2.88847033454979e-05
-2.33610797882677e-05
-5.35457968285714e-05
6.33625814267185e-05
2.67573213612978e-05
7.82084954341616e-05
0.00836666735060597
-0.00170641854543688
-0.000459883945084871
-1.75460529626825e-05
-0.000128592381670193
-0.000118376141767402
1.40623571411271e-05
4.24362833137989e-05
3.92312934926381e-05
0.0089798811642274
-0.00171872634463102
-0.000250671552585704
7.31448644861584e-05
-0.000153122795614909
-1.2942437305961e-05
4.2439132202319e-05
-9.09751025485375e-06
0.0101295474459214
-0.00191516910385529
-0.000342718798881777
-0.000165187861495614
-7.63590921999151e-05
-3.0950229300873e-05
-0.000146841179146536
0.0117562415616026
-0.00223978865962636
-0.000363367694532343
-1.54687316004237e-06
1.88435337935233e-05
0.000134868904408414
0.0100566048312495
-0.00175759770792305
-0.000230490824056301
-9.44321959153718e-05
-8.24712555791589e-05
0.00925915276574005
-0.00158720463536015
-0.000177660129879357
-6.37274422273513e-05
0.00933770858481712
-0.00176230979328536
-2.95363701273387e-05
0.00973882265894359
-0.00175259307347519
0.0100686769973744
