0.117677874743416
-0.0569832547949942
0.000342282644424797
-3.98012185130239e-06
0.00201217959246231
2.54766412613424e-05
-0.000285352467236741
0.000267983875333975
0.000109317508763089
-0.000771413802698387
0.000885293503875515
-0.000145491062018598
0.00184807263192502
-0.000537112663492167
-7.94780370770951e-05
7.82278095923665e-05
0.000124654772485004
0.000156825315939705
-0.000202901026415954
4.27012152205816e-05
-0.000116829412975282
-9.59970896153064e-05
0.000226039649760177
8.6517772805075e-06
0.148972596184472
-0.0680256841760147
0.00183016147660858
-0.000416722901744033
0.000884212574699181
0.000444313175288936
0.000460384589873348
-0.00120081764417439
0.000418731348481298
-0.000140442378552598
-0.000912737575681129
6.78352516977474e-06
0.00184939195785415
-0.000397917568164333
-0.000109544998232295
4.32053342800663e-05
3.4309798182792e-06
-0.00010336021599638
6.50791592350578e-05
-2.84672543529028e-05
5.016475811681e-06
-0.000168548879319802
0.000223896670955104
0.172593442367316
-0.0793748209043346
-0.0021396923602701
0.000114797923992349
-0.000348610588540927
0.000906575643337319
0.000947852671015415
0.000144466066040816
0.000145829720358379
0.000118972016912706
-0.000280643401226654
-0.000122794938527964
0.00205989518928804
-0.000127700134419316
-2.86924263377137e-05
-7.59856913500419e-05
-0.000301638496945532
0.000123431737620077
-4.93549938403013e-05
3.00597327970475e-05
2.92782260346861e-05
3.30135413129727e-05
0.195423518674439
-0.0800417781716541
-0.0053510793998533
0.000959028957569273
-0.000218941295293661
0.000341814956589366
0.000736586794595308
-0.000177268442829121
0.00074277272391897
-0.000107166367729205
-8.85641351591882e-05
-0.000402965969818161
0.00224095112023212
-0.000594039139402822
2.00598593284599e-06
0.000380966426498099
-0.000210611530499251
-9.52943462882679e-05
0.000135276934724373
-2.140204766167e-05
-1.57919668584744e-05
0.190715110436406
-0.0614857478128507
-0.00327439668966771
-0.00105784541643506
-0.00158444438235896
0.000146135621999358
0.000996541176439058
-0.00260430644767561
0.000117896882567551
0.000107078043894107
-0.000157922503881086
-0.000393381251273287
0.00200465084755363
-9.93177727296482e-06
0.000119710283263041
0.000175333085911465
5.43475715944443e-05
-5.68102056806238e-05
0.000134564358408118
-6.99902736408859e-05
0.151542564432552
-0.0468762091156357
-0.00189687694581
0.000458778227260566
-0.00079734089438503
-0.000166854351138933
-0.000983233586381164
-3.16099050936571e-06
4.91880661802633e-05
-0.000148552624584561
-0.000130515799423045
2.31342084011493e-05
0.00252859913838964
-0.000275134946833067
-0.000140591603631769
0.00012652510506111
-1.75938491981571e-05
-0.000137209883246903
9.67275618242817e-05
0.120409484961666
-0.0481674446536171
-0.0015755017094621
0.000928708339640544
5.73366669913992e-05
0.00131351503178252
0.000246468067714025
3.58009993911758e-05
0.00015693149584562
-0.000213090214243321
-0.000331841229292846
-0.000369374294070884
0.00293568492353695
-0.000888534252545337
-0.000179990197017829
0.000246624371957071
-0.000145106512619149
6.40872767602567e-05
0.114304920929117
-0.0449053354412187
-0.000601588472302039
0.000690241408684461
-0.000438648891389436
-5.08534346080165e-05
1.60358798006357e-05
3.33771829676363e-05
8.72591873520099e-05
-7.09786246382946e-05
-0.000155593860308642
-0.000402697912711781
0.0026693132044268
-0.000756844039661245
3.06680757517864e-05
6.93696934451201e-05
-3.72133400744618e-06
0.112931467804061
-0.0472753292345939
-0.000188170111887273
0.000225717732669776
1.93832699059602e-05
-4.64596732692289e-05
3.15704013093373e-05
-5.21035791683957e-05
-0.00017336091228034
-0.000302461080470128
-0.000315502638415346
-0.000313792458839977
0.00248998672323292
-0.00066363423789084
-4.40668078132368e-05
-0.000143183292820074
0.111371887969333
-0.045376672641434
0.00138028447002304
-3.45783082918046e-05
9.75625366268333e-05
0.000177069570968999
-1.79493855380048e-05
5.67245328717081e-05
6.40267596254936e-06
0.000151120140113584
1.68557904112755e-05
-0.00010972792855804
0.00271050614885437
-0.000697328828244072
3.75273362590623e-05
0.10467498724495
-0.0448445672902154
0.000150382143121519
1.62605578116358e-05
0.000170354413907757
-4.70031395230167e-05
0.000140788974823816
0.000159138678509886
1.08111355992036e-05
7.61046523326237e-05
-0.000191867462660644
-9.84891605753337e-05
0.00297108158320648
-0.000682293980515527
0.116768220815756
-0.000201589300978824
-7.66354893834731e-05
-0.000252835567418983
8.33820411646496e-05
-5.06127744734836e-05
-0.000200610312230039
-6.6760217068419e-05
-0.000177030246717045
-5.61706147152872e-05
-0.000249563811780132
-0.000587188337304205
0.00330416404341897
0.003829103082545
-0.000943751793253555
-0.000107903132583274
-2.39828794440553e-05
-5.26441772226121e-05
-4.84791791742919e-05
3.32064127441712e-05
-8.0911750618027e-06
-3.40112912306241e-05
-1.15762619945042e-05
4.72630802159834e-06
3.54367789226808e-05
0.00412939377385651
-0.000983927268581
-0.000142004559288195
-0.000115262051539687
-1.44323145431165e-05
1.45007108970941e-06
-4.05198408522671e-05
2.1812112904503e-06
1.98441217270379e-05
-1.67184622731998e-05
1.12104670617673e-05
0.00419239024971155
-0.000888305590609607
-0.000111595492715687
-5.77771829432962e-05
-5.66449955586307e-05
3.15836748649627e-05
-9.39098659984908e-06
4.86858349561342e-06
2.50531543547804e-05
3.92851833367337e-06
0.00464958348181657
-0.00110511159743112
-0.000172229807103997
-3.69174708971018e-05
-3.946377002861e-05
-1.05493629659338e-05
4.3458168304725e-07
4.86648752635369e-05
1.20304413440463e-05
0.00475862205169277
-0.000952664217791491
-0.000133776997623343
-3.98537231065018e-05
-7.80138480714547e-05
1.64009003941284e-05
-3.81647993191355e-06
9.09197460748053e-06
0.00520957982338003
-0.00121735874573131
-0.000255036085601259
-9.84409105175749e-05
-2.57904636388862e-05
-2.03444552995254e-05
-4.53011367500122e-05
0.00593974300251378
-0.001473715793494
-0.000251601618440088
2.57230787123478e-05
-6.10280810417758e-05
2.31353292309997e-05
0.00523057743237458
-0.00112550988029184
-0.000116581368297525
6.43786996980895e-05
1.0420634605187e-05
0.00498746016024952
-0.00108303125947744
-9.65818267730685e-05
-4.33798475085549e-05
0.00512823756089476
-0.00115314706048566
-4.58714826221037e-05
0.00533054995089563
-0.00116651255261027
0.0056650679291225
