0.0928122765264721
-0.0410050414102044
0.000803787204322192
0.000143767701176213
0.000197131555816101
3.88321499914813e-05
0.000400208058690065
-0.000136967952242981
-0.000244974391703524
0.000281801256593779
0.000286744413028545
-0.000734451180009792
0.0045641702376575
-0.000718992987395603
-0.000111824235451689
-2.66363004044006e-05
1.97056585054334e-05
8.44446909000607e-05
-4.39021552950001e-05
-0.000158182934177898
-9.98970124055547e-05
1.40761663383851e-05
0.000142762137495113
-0.000183759599203754
0.114742346294201
-0.0498258766679559
0.00100091282085053
-7.13619404659356e-05
-0.000348009403935619
-5.39001431383231e-05
0.000481943758317117
-0.000146056649676295
8.59736906183018e-05
-9.91143250433695e-05
0.000567326663276053
-0.000271976663227127
0.00459334687575097
-0.000739049599963536
-8.77692414048307e-05
-8.01802501280928e-05
-0.000105673758728335
-3.19995871663085e-05
-1.60638126616657e-05
-0.000124881162942988
7.54046871739976e-05
-0.00017191567234364
7.33402958923808e-05
0.128590884351755
-0.0545132231265169
-0.001986220156245
-0.00061932531925762
-0.00025666380363633
0.00033248471087867
0.000707369423624023
-9.79839214523429e-05
-0.000224904976109511
0.000170212027321673
-0.000339351235599525
-0.000152149222870577
0.00445899375974635
-0.000587874494392407
-9.3514042419319e-06
-0.000251084699364255
-5.89174627706371e-05
-5.43029249144192e-05
-5.1748210083357e-05
-1.32549635869278e-05
1.13016267676478e-05
0.000125117408003887
0.144608317859605
-0.0584492290468663
-0.00219045193634922
0.000457097403449697
0.000196676741536876
-0.000233596960458933
0.000391171094529286
0.00109672685416186
0.000442181337987395
-0.000167455572063184
3.91363108449069e-05
-0.000279364028883916
0.00468033835301353
-0.000654585382734008
-0.000247167948777697
-1.09991627592326e-05
-2.74712514784816e-05
-1.96281726940616e-05
-0.000140088511735668
0.000163426997325355
6.13426510261063e-05
0.147096451145347
-0.0464778385875303
-0.00228638942870794
-0.000352490355806338
-0.00172213405574935
0.00055078017674958
-0.000400703629343099
-0.00120742631425151
6.25262371094311e-05
8.41507184406755e-05
-0.000165362823533368
-0.000415542142277499
0.00422727006594629
-0.000391500316447807
-0.000145195128579718
-0.000121452017770438
-0.000127613256427623
-4.55597443786502e-05
-6.23998432991609e-05
-0.000153653597663296
0.121888595601591
-0.0365217295638668
-0.00144858424793914
0.00125469814381629
-0.000157488388301391
-0.000542183740499964
-0.000346596774293285
-3.58431388754704e-05
-8.50741398019609e-05
-0.000135985051868412
-5.44050043366702e-05
-3.9361367049768e-05
0.00477965343737282
-0.00055708918393904
-0.000257060391963519
5.99396815754798e-05
4.86378833057298e-05
-0.000132581655969909
-0.000214002819700746
0.0988242883738866
-0.0385570934196791
-0.00157388025998152
0.000190610274668655
0.00038043056794486
0.000225620927369776
0.000169609860203691
-3.27987763721273e-05
-0.000105990343923459
-0.000159735750344894
-0.000347110562678273
-0.000133688966372106
0.00471012551286106
-0.00110919822827801
-0.000316061960050019
-2.78454865455978e-05
-7.26092528714551e-05
-1.46788072968823e-06
0.095379265687154
-0.0354549633376619
-0.000800587608658574
0.000107488794903057
-0.000705299568666528
-0.000167082509449617
0.000156885861847365
6.07888074990215e-05
1.03242055963121e-05
-3.65328083237621e-05
-0.000436224779787938
-0.000291685872637552
0.00464443111153016
-0.000868672512971043
-5.88712077346788e-05
-8.89695880434498e-05
-2.219623796844e-05
0.0944804663112095
-0.0397303390454861
0.000490867129136288
0.000498212255256425
-5.1618699259616e-05
-0.00014698732429178
-8.78479012410368e-05
-4.69948695124594e-05
-0.00018442072308693
-0.000191290449246223
-0.000389806355586242
-0.000276666266701105
0.0045324323660357
-0.00082555917687888
-0.000158606159501367
-8.90602641545552e-05
0.0963479403538741
-0.0367742805172286
0.000603099111076979
8.47312152713148e-05
-9.35160630960486e-05
0.00012176617840847
-8.162248530993e-05
0.000168437136600595
9.77069560757581e-05
8.12726691600894e-06
-0.000208332850440431
-0.000268314521209814
0.00458401630195048
-0.000716216683963671
-0.000155340235533375
0.0872942085890033
-0.035504365220202
-1.29224178899697e-05
0.000263303154001738
0.00011320624896032
5.95107406279148e-05
-1.61510177537262e-05
5.70426413213228e-05
0.000267977171371831
-2.81820071578108e-05
-9.07583156665343e-05
-7.50079423477974e-05
0.004916124596017
-0.000764493195001958
0.0947220091463197
1.6814063136152e-05
-0.000246296543803
-4.47564253681041e-05
6.82100488030032e-05
-0.000128989361844008
-0.000138673971606569
-9.48024207766439e-05
1.52077088832848e-05
-9.04372062961966e-05
-0.000221483171775466
-0.00029511041291748
0.00514723582007986
0.00733895951228015
-0.00125594208348462
-0.000374069246078263
-0.000271821656894007
-0.00013049249025254
-3.78565660892457e-05
-8.43024520516219e-05
-8.17551671785326e-05
-5.75861509567242e-05
-8.07866174381425e-05
3.97668868190904e-05
-0.000128758126358481
0.00778971251504287
-0.00091965214370071
-0.000281245540463795
-0.000167064629573882
-0.000150273631548586
-4.33680297840396e-05
-5.29178361719704e-05
-5.75973120663995e-05
-1.39858638392757e-05
8.68220137686071e-06
5.99368532566632e-05
0.0072108783134071
-0.000924298049918514
-0.000253426330803066
-0.000236368751342473
-0.000134119700585773
-4.82679840507477e-05
-5.49399650717018e-05
2.97389163277579e-05
9.06105300703109e-06
6.1352196101597e-05
0.00789367054330494
-0.00114625322618363
-0.000341697742411549
-0.000112694065456875
-6.23958051426582e-05
-7.81476120236049e-05
-1.39808070013555e-05
6.8989390670016e-06
2.40759839423528e-05
0.00768663445133444
-0.000930128890524566
-0.000296829966680962
-0.000162734580132783
-0.0001091905064704
-5.41636881722825e-05
-6.07789867295517e-06
-4.2858620752962e-05
0.00840776511060667
-0.00105615055513452
-0.000548682173647774
-0.00014074641990778
2.43524918020368e-05
-3.61261804151999e-05
-8.59333218591778e-05
0.00853311685755221
-0.00158531429790922
-0.000369340781173575
3.32017747734297e-05
-5.2887311550146e-05
-4.28539339848205e-06
0.00807779839215421
-0.0012749215968247
-0.000261185981633872
4.6958672754933e-05
-4.14321714926141e-06
0.00766610826151048
-0.00118636762713298
-0.000143985917952742
-4.83248191492627e-05
0.00808998925428635
-0.00127666230640321
-0.000145061827955428
0.00818022018222715
-0.00117912712097381
0.00874657895605256
