0.12200078462403
-0.0606380873763649
0.000217243575140533
0.00117375081709688
0.000318821407917083
-0.00129091951823001
0.000955718017547544
-0.00070560457243724
0.000780125531304623
-0.000182607892236984
0.000362503253814553
-0.000224835546218645
0.00447545204726146
-0.00093805824194034
-0.00015740656429622
-0.000305222365390827
-0.00017011605074917
3.04948483993938e-05
-4.54745169710449e-05
1.8407455512152e-05
-9.90475647310547e-05
-0.000173613825260676
-5.52409737302272e-05
-0.000215458278797838
0.156798493552099
-0.0672228915739364
-7.01262919448103e-05
0.000508370881402748
-0.00072157386193669
0.000562846703313414
0.000767032028448517
-0.00115491448418688
0.000420581505969684
-0.000230654462199928
0.000405849468168867
-0.000426741677777296
0.00471112238856303
-0.000665098619923898
-0.000102704956662679
8.4619763212575e-05
2.70082943134871e-05
0.000168825315354033
-3.8583030664877e-05
-7.52334278916625e-06
0.000156499947159126
0.000229762471370261
-0.00012739372069735
0.170915974801015
-0.0740330726537751
-0.00417608965788195
0.00042349870639864
-8.57998360155891e-05
0.000568554174650692
0.00160082457391071
-0.00090157426441877
0.000439866199468027
-0.00130245383374865
-0.00040506505075619
-0.000587387023357421
0.00457742914340053
-0.000672712601499362
0.000104155089910313
-0.000112703979068767
-0.000155002619025875
-0.000252748160278412
8.26499229329277e-05
-0.000180380756799943
-0.000209159784768506
-8.51646242411979e-05
0.195756524888241
-0.081107856351162
-0.00277771176436062
-9.54019143138131e-05
-3.84276914682135e-05
-4.02167727445424e-05
0.00159308656580144
-0.000941718945893711
0.00132370272473406
-0.000319904396101541
-0.000130763472797929
-0.000414820736364676
0.00486071342374443
-0.000771403712766854
-0.000401237362771679
8.23670684901707e-05
0.000130153967747992
-0.000155392946506846
0.000186325315415467
-2.19876369642207e-05
-9.43773444274172e-05
0.196716882558383
-0.0632326919432796
-0.00264434036522329
-0.000610907425355916
-0.00214935576711271
-0.000941264453746379
0.00116450396834324
-0.000754691353826259
-0.000153109187731638
0.00022993222111901
-0.000729913587288026
-0.000767878316587727
0.00450733449522172
-0.000211100285329534
5.99080164896091e-05
-0.000120249146116296
0.000201594323987542
-4.73802074562684e-05
0.000327962606224985
8.2980005851365e-05
0.15981403882028
-0.0473405785307913
-0.00161503007609857
0.0013111589775694
-0.000729318085568756
-0.000670414625454563
0.000777568577796318
-0.000211012519637119
-0.000231875027870329
-0.000100209699090781
-0.000418042395251039
-0.00068204120892705
0.00528180381491679
-0.000751823455820915
-0.000417349340578521
-0.000174147753866964
0.000122096513091263
-0.000195834558655317
-8.89737454538771e-05
0.12426410149143
-0.0473743769838722
-0.00185680333581714
0.000967748841351556
-0.000135365834336687
0.000558563988360286
-0.000136697444821795
3.05327561595172e-05
-1.62990528033813e-05
-0.000223694090686549
-0.000425082071840176
-0.000344000387485
0.00557504462978202
-0.00097881408806387
-0.000145005443160572
0.000314889990364771
6.70632511086625e-05
5.66212938669953e-05
0.116132746712681
-0.0422867298107977
-0.00218311364796584
0.00139590858413635
-0.00153514269089747
0.000190399549164752
0.000398386481597866
-6.12638473141753e-05
-1.7594979939342e-05
8.56438101883413e-05
-0.000679511534007414
-0.000669106976129384
0.00575156919354373
-0.00103301735548862
-0.000197051427637914
4.87788664549044e-05
9.56931382309315e-05
0.114880177964745
-0.0474315366057472
0.00214428255199673
0.00100624831762549
-0.000305804689459129
-0.000308498204647561
-5.21812629922847e-06
-4.85061573861485e-05
-0.000248124510600916
-0.000520629662788323
-0.000691356909796136
-0.000643925228232303
0.0049854028972557
-0.000929984373525505
-6.72304895734801e-05
-0.000210914242138025
0.117661577031913
-0.0487483207496654
0.00122513978120936
0.000236099291318799
-8.1836308969877e-05
-2.22697273851691e-05
5.86425645446926e-05
-0.000106670861559072
-7.04670272318559e-05
5.838790443787e-05
-0.000396862756970762
-0.000328446907030055
0.00502488577186217
-0.000950786601289164
-0.000131743513930714
0.107276208389309
-0.0409591849357824
3.54350282211249e-06
9.59775301562894e-05
0.000135734064965053
0.000251034983086797
0.000199034853942034
0.000290502659267535
0.000280198948762108
0.000357145924971862
-0.000208140082855565
-0.000238066091655201
0.00574670959645922
-0.0010387481364298
0.113604493434657
-0.000141255635783024
-3.12158338846631e-05
-0.000110326300507209
-1.86003437354184e-05
-0.000233664761864909
-0.000242515223804569
-0.000231173744200057
-0.000136314815536673
-5.68584007781418e-05
-0.000549066449785817
-0.000628401129934339
0.00639705983725228
0.00694945313685014
-0.00142816713920583
-0.000422227634567353
-0.000263635220253984
-6.69471826093936e-05
-7.62603213192085e-05
8.91942019285894e-06
2.32485506790471e-05
-0.000116126158794347
1.55938794031397e-05
2.0878304072061e-05
-3.2664167427442e-05
0.00749084490782221
-0.00114846785278133
-0.000370729730908721
-0.000147318553697184
-0.000106407733814768
4.11838580481584e-05
4.76232321464168e-06
-5.79033306256382e-05
-6.94595530390791e-05
-1.22673728912259e-05
5.97542711301193e-05
0.00736008099391049
-0.00114797794314948
-0.000225024834789788
-0.000198958980364991
-1.88229198244093e-05
-4.94278421236704e-05
-3.32936337620355e-05
2.76552629502573e-05
6.70076764184557e-05
-3.6960719114844e-05
0.0080150537100546
-0.00139038378003103
-0.000445870095934658
-4.24156350489335e-05
-6.58540272909345e-05
-0.000107119905637861
4.13380465621718e-05
9.42687354556269e-05
1.83528876608775e-05
0.00808237583708595
-0.0012130177244181
-0.000378777048996829
-0.000273992673350918
-0.000125126401983649
-4.6380788705104e-05
4.96201748634829e-06
-7.26008487420488e-05
0.00921841842185111
-0.00138534274407853
-0.000581820369183747
-0.000136482695947242
8.45306524735864e-06
-0.000134068118353271
-0.000131606069832389
0.00955075947709777
-0.00170756761248702
-0.000523284318330092
2.89467814029112e-05
-2.7374965072464e-05
-2.14958004510359e-05
0.0088954707615961
-0.00137928469248616
-0.000310681540787572
2.43325732966215e-05
3.05226526080556e-05
0.0082122291199281
-0.00133479250802281
-0.000151397792022636
-0.000119629276406026
0.00858884362866065
-0.00144332458735587
-0.000262665181062136
0.00885898924027304
-0.00138073712567001
0.00938248565546371
