0.113166966421634
-0.0490954855788875
0.000391497246627563
-0.00140096405876523
0.00259495940240695
0.00059793465915222
-0.000872653548288356
7.30672267182968e-05
-0.000364278199131238
-0.00189891501593092
0.000816932036259978
-0.00215165017957359
0.00672864585987093
-0.000541844843694275
9.87578797924355e-05
5.02191316917011e-05
0.000229987697826658
0.000228497885568868
1.27432519853229e-05
0.000100179028600471
-3.51734861249004e-05
0.000118876660098119
0.00021966490548315
-7.15255535740082e-05
0.136496544450541
-0.0547545294416099
0.000831358328290717
-0.000805119912928444
-0.000572075443364667
0.000704745498163918
0.000395106322024938
-0.000473669327529124
0.000716973304992418
7.2129706092116e-05
0.000157590613070561
-0.000189017827863729
0.00689226504316108
-0.000469090922965069
-1.01768934273353e-05
1.12157483700524e-05
2.02029689011993e-05
0.000115880193359353
-1.00689765268283e-05
0.000120529985580997
3.84642497658823e-05
9.32354560152342e-05
8.39937367807206e-05
0.149804446782831
-0.0592028555430502
-0.00327503206095016
-0.000221633983937695
0.000592628899407682
-0.000104780309807261
0.00122470670308973
0.00109048398648751
-0.000314639514553091
0.00116559714851184
-0.000242893139892
0.000130468143902328
0.00616341524228939
-0.000232368949251665
-9.39263042293416e-05
-0.00015581330274574
8.42499925131867e-05
-7.34136129949342e-05
5.82785787031999e-05
2.66385612847826e-05
3.58965584477241e-05
0.000155757576372657
0.172005834227865
-0.065323343037118
-0.00564203100585079
0.00235156498025837
0.000179011453302795
0.000174723551396402
0.00170661581513692
0.00101973936830189
0.00192756045525318
-0.000336213266438536
-0.000194812786604917
-8.81058491158783e-05
0.00675741390829179
-0.000635300022437284
-0.000429734645260179
0.000127429360574186
9.33199358588393e-05
0.000100095650579415
0.000131718354508451
2.54694037861694e-05
0.000255849603147021
0.173633719994407
-0.0507019823251362
-0.00408600498332325
0.00245144390073819
-0.00324028400257386
-0.00203571541426416
0.000732809390942321
-0.00362670154778297
0.000318422788191384
0.00015822245618724
-0.000256301800978413
-8.67504235805745e-05
0.00665568752373227
0.000210941528142079
-9.17849551522315e-05
0.000106409404125229
2.45923116646379e-05
0.000128882707513203
0.000201193801289444
-0.000225188387023253
0.143705209024507
-0.0423016829978591
-0.00228692947383109
0.00162320652615349
-0.00318192390887191
-0.000233633009416884
-0.00189558970676982
4.29049549753882e-05
0.000137378601607869
-0.000232169485624131
-0.000353500674779442
4.88138138576097e-05
0.00693821380061193
-0.000210642271418186
-0.000109832151781564
-9.56061034621143e-06
1.24550517717607e-05
9.53178958645331e-05
-0.000191916055439002
0.113170589273437
-0.0419780870845953
0.000360692655754743
0.00258898183973945
3.62923729908354e-05
0.00275141367776455
-6.9264477046093e-05
-0.000133167784409346
-0.000114017372796624
-0.000148069709362134
-0.000605011976012339
-0.0002560188774382
0.00692860044768122
-0.00101230120007022
-7.26316730721038e-05
-3.90264933576063e-05
-8.30445595204771e-05
0.000207959675100494
0.108062893920729
-0.0396483372380398
-0.000575099606754154
0.00113724824651907
-0.00143494605174641
4.32853501931233e-05
0.000199840806519974
0.000154568506612039
-4.62183032152952e-05
2.61869843837015e-05
-0.000194123871473954
-0.000349633708481358
0.00686943952959914
-0.000644317466336322
0.000114270242616389
6.64683249600143e-05
7.04879236016681e-05
0.106746949738722
-0.0384638244481494
0.000808998917160987
0.00173768305936704
-0.0001751519337355
-9.92319092251923e-05
-2.19006678460741e-05
4.43552720734141e-05
-0.000232910016648558
-0.000400183549736724
-0.000116520425884964
-0.000295414019730597
0.00667263040760631
-0.000531813054837973
7.03896909561113e-05
9.55603338443385e-05
0.116683522831177
-0.0420682113732348
0.00522099407421931
-0.000118742357135654
-0.000147136782681
-4.09358837159172e-05
-1.23565373058818e-06
-0.000156512532750584
-0.000104637833068603
0.000124671816296005
-0.00039065742430127
7.52264270052781e-05
0.00662914516790671
-0.000843956696127568
4.03274112123996e-05
0.103102076563689
-0.0375449975464234
0.000180527856190398
0.000257982436257137
0.000209916866551283
0.000153563254885825
0.000193523611686368
0.000290794708152857
0.000146454470725766
0.000266523511122998
-8.61343480871648e-05
0.000362371939467586
0.00742796012273356
-0.000324889697297102
0.118560187019429
-0.00026840576263497
-0.000220840328837983
-0.000170538190521511
-0.000135526285076235
-0.000356128411633945
-0.000453137203671499
2.48783930175931e-05
-0.000358773545778475
7.99900273887127e-05
-0.000563880771097388
-0.000209656074592925
0.00868821951436315
0.0102606569157518
-0.0012369223288861
-0.000292717233169955
-0.000210972597235402
-2.99574205255103e-05
-2.47495614895466e-06
-8.03623027447423e-06
-4.74491542319069e-05
-6.23355287598671e-05
-2.50807251996236e-05
6.49382321447391e-05
-2.71123338296976e-05
0.0109646703969422
-0.000665143257718545
-0.00020948340929817
-0.000128288588015951
-2.90087431965608e-06
-4.29098794465461e-06
1.20199366866264e-05
-1.11485687777399e-06
7.32616435280098e-05
6.63624851511621e-05
8.77916376556982e-05
0.00947030451309683
-0.000679832727057355
-0.000277698844084199
-0.000219283797128769
-6.4048196952207e-05
8.82426947651106e-07
-4.19753685624974e-05
2.86848965896903e-05
6.94715177024062e-05
8.24389361679976e-05
0.0103803137451564
-0.000986174134950685
-0.000392497896072846
-7.82024862586075e-05
-7.0456287098018e-05
-1.77847726984976e-05
-8.82412386169867e-06
5.79914441272194e-05
3.66359637143469e-05
0.0104042809253727
-0.000882387452323523
-0.00038064009836032
-0.000141513555686838
-0.000114475605286097
-2.26460875562219e-05
3.40429375568587e-05
-1.54131100346686e-05
0.0109219589075292
-0.000878800287591016
-0.000491585036702353
-0.000135738170084593
1.6921251715736e-05
-9.76972981661553e-06
-7.70267113252742e-05
0.0114499191094971
-0.00124735859090281
-0.000368932707518657
5.16927245592591e-06
-1.62160762758622e-05
2.1796621260614e-05
0.0108691826337106
-0.000937145349158592
-0.000195408407021573
2.01409093629863e-05
2.34375005636508e-05
0.0104034731944763
-0.000758526701121174
-0.000163552112095368
-8.08156803460613e-06
0.0108562326762156
-0.000835381926825264
-0.000257420185860638
0.0114016578585019
-0.000793772140270184
0.0130013627782196
