0.101489458920215
-0.046290254028704
0.000398388207045566
-0.000188172795326092
3.18864007106598e-05
-0.00091784388408745
-0.000162220607702131
0.00010113796973366
0.000228784701324576
-0.000720448594278865
0.000227701334085724
4.59650802384681e-05
0.00611089113384715
-0.000985863516483982
-0.000382463214463507
-0.000349765807756979
6.93555342709306e-05
-0.00020280459898443
-0.00024742907887108
-9.62899219187644e-05
-0.000133987282594623
-8.65923227173446e-05
0.000125107025173571
-3.48551024101662e-06
0.123744850360763
-0.0485567777019649
0.000773873447266802
-0.00139116551831851
-0.000455531909141269
-2.81931189987101e-05
0.000118603105804486
-0.000851554898737183
0.000655198526943902
0.000326182020866105
4.06831080562481e-05
-0.000624839217057438
0.00640437206564856
-0.000892201442696366
-0.000144168885351557
-0.00022622327911574
5.2098907801653e-05
-2.88491202891496e-05
-3.24749890899977e-05
-8.15096419938178e-05
1.11987059940837e-05
-4.44615650776306e-05
-0.000242693472845037
0.132696619333591
-0.0527683157002669
-0.00254909457452533
-0.00128228982857812
0.000219036503481201
0.000653063677798952
1.32519023619091e-06
0.000494286173558167
-0.000438631716571932
0.000824038754882503
-0.000535759050450801
-0.00035633128032142
0.00601437236068457
-0.000770576398931014
-0.000110808683298865
-0.00051109037704195
-0.000307188525260572
-6.44484228388466e-05
-0.000328754508033029
2.0430189600616e-05
-0.00011271905547372
0.000211211852840233
0.151586654132805
-0.0589317317166726
-0.00197177357490232
-0.000409571760103801
-0.000406684337469029
0.000263570815505712
-9.08885441215665e-05
0.0009045940838549
0.000790223882916625
-0.000212843794994264
-0.000403068395509745
-0.000490081429482909
0.00626296743656342
-0.000848905962273582
-0.000260587075588225
7.5981182860781e-05
-0.000150895517445679
-9.39498120350744e-05
-0.000111793074115439
-0.000153326546809713
-5.10165498034093e-05
0.153885128384557
-0.0453773979568807
-0.00202811337662214
0.000330054706494472
-0.00141528651321175
-0.00118848222295761
0.000214501290433831
-0.001262583644613
-1.65292983705256e-05
6.92554337259972e-05
-0.00036732990799407
-0.000774235492435706
0.00579954007142216
-0.000603077699280927
-0.000105676979329434
-0.000263994067814442
-9.24465855779065e-05
-0.000321725934395049
3.29502101243273e-05
-0.000265317080956804
0.121704083680035
-0.0320341492176058
-0.000681474364995613
0.000329010454118398
-0.000998430239304971
-0.00010723365523342
0.000199500633800783
-0.00012735968808498
-0.000119653584956079
-0.000416393320917829
-0.000324941158955063
-0.000529161978582903
0.00646912811859621
-0.000678656064968393
-0.000526957113650577
-0.000124075530538549
6.66181417675971e-06
-9.73893838732713e-06
-0.000219273895673964
0.0918086285533961
-0.0344254400578092
-0.00190198518476489
0.00074996946787802
-0.00037329214684621
-0.000220943408117819
3.76388570412548e-05
-2.32904853350585e-05
0.000101821049634894
-0.000116693904238057
-0.000275119115338868
-0.000470156011712022
0.00659687093706651
-0.00122779584935527
-0.000420083902507479
-0.000155290151016702
-0.000168469672652014
-9.78666561247312e-05
0.0872748398083982
-0.0301968089540982
-0.00127429649622031
0.000542296612391388
-0.000935414558964163
2.72874947777055e-05
0.000108605753295252
-7.67210484645503e-05
-4.63111075398697e-05
-0.000182530818431337
-0.000639122086635393
-0.000844990470188739
0.00643074919525363
-0.00110831444005602
-0.000145905500831217
1.15271464091292e-05
-7.98692171223584e-05
0.0871110470241518
-0.0362872280393757
0.00195227841371073
-0.000218688627647611
-0.000341356277242332
9.88662898257459e-05
-4.58840233089627e-05
1.33897157302231e-06
-0.000169008769055843
-0.000127912023422204
-0.00063052322652654
-0.000585812312437545
0.00624191570330967
-0.000983195237315523
-0.000246162679500033
1.24468569732475e-06
0.0917019035112343
-0.0354546538054796
0.000691001175361706
2.68135097544218e-05
-4.74321046228171e-05
0.000123994675532529
-4.28954480459196e-05
8.51402374342469e-05
-0.000206990467126881
-4.53019972543747e-06
-0.000488798569349024
-0.000630552957865016
0.00622156214490732
-0.00090199609826731
-0.000328308814049526
0.0828814989848043
-0.0310263437643285
2.16561614922751e-05
6.63500002545464e-05
3.25980086512493e-05
8.83449832948925e-05
1.68050872506247e-05
0.000239424383735419
0.000106518044227627
0.000159133964398688
-0.000145792473653545
-0.000446212547301625
0.00649281143511789
-0.00112434512482681
0.0885840896415601
-1.56916676002053e-05
-4.08574005025991e-05
0.000162750943412782
8.91566994925494e-05
-9.93230812316548e-05
-0.000262728285226904
-0.000181175049616454
5.21354808105175e-06
-0.000137828408128961
-0.000489374156493719
-0.000606426787025439
0.00711798320210305
0.00862031397407881
-0.00150903269650351
-0.000520700635532544
-0.000365874050828863
-8.90529885797889e-05
-0.000146573192864916
-2.6831707670534e-05
-0.000165707332305467
-9.92615957422911e-05
-9.69387978680789e-05
4.47596089054921e-05
-9.92041198617607e-05
0.00910640517638742
-0.00107471011639888
-0.000391789782918867
-0.000232478708545194
-0.000117809833584118
-6.69870310486322e-05
-1.94396487258866e-05
-5.05749430369559e-05
4.2966879565191e-06
-5.49281445510343e-05
2.66718845339134e-05
0.00847133748608935
-0.00104696503139779
-0.000353811537369279
-0.000295552097828865
-0.000127415935410753
-6.24915833060939e-05
-9.09666864756291e-05
4.35988499042919e-05
-1.87859632078308e-05
5.40141622580041e-05
0.00927488251314314
-0.00133545961670486
-0.000409569758515612
-0.000137871409972977
-7.33349826322949e-05
-0.000129568700483775
2.94937695457709e-05
1.03050537208013e-05
3.09856431577737e-05
0.0091696406182678
-0.00113597908668229
-0.000390419296462283
-0.000267444154262144
-0.00015255568753756
-7.5297605707856e-05
-6.36820623322996e-05
-4.01229307363182e-05
0.00965029130129105
-0.00115558519157906
-0.000678578199310905
-0.000165817795581855
6.24253681827461e-06
2.26627458196593e-05
-0.000175840310129386
0.00957048231614325
-0.00158999315816038
-0.000467871042953262
-5.06282856543101e-05
-2.59733978452727e-05
-2.95551132404491e-05
0.00914736730658433
-0.00133237676907199
-0.000285881259996364
1.4556418330184e-05
-1.8870863754031e-05
0.00864761909854869
-0.00115352597839646
-0.000229443545386283
-6.51873314220216e-05
0.00894955724121466
-0.0012589735786909
-0.00026894032460967
0.00909577976968881
-0.00129745859475034
0.00970973242462343
