0.0763177273118375
-0.0333017605107443
-0.000852813769870298
-0.000857084534543026
0.000440658971638766
-0.000162836777829618
0.000251367983225925
4.18494986058779e-05
2.29894654228716e-05
-0.00103883202883312
0.00112183331483279
-0.00111608052455365
0.0101608063394621
-0.00126611471489554
-0.00067996449263025
-0.000557106147858964
-3.78709981119122e-05
-5.42543817020895e-05
-0.000215162283548929
3.41365380505908e-05
-6.86615519192073e-06
-7.77623607614159e-05
8.29378084284949e-05
-0.000157669211513006
0.0849286877281453
-0.0327740672546536
-0.000473861040891177
-0.00118047275367381
-0.00017101196242657
-0.000166229104254419
0.000227832307177363
-0.000731360426383137
6.65670763404631e-05
0.000106367371211813
6.06714019419737e-05
-0.000868525511569788
0.00999476918078336
-0.00102843296452766
-0.0010390757681546
-0.000119479598255627
-8.77616947895123e-05
-9.46090969433061e-05
-0.000187490065899626
-0.000102643096020369
-0.000169964907851118
-0.000118360574243973
-9.35876686849295e-07
0.0876172610837747
-0.0362093368745142
-0.0012197433485921
-0.00196838066461311
-0.000216528721162071
-0.00030768299748096
0.000183980509197323
0.00016063860852287
4.26800411109267e-05
-0.000316098218442368
-0.00085207591190834
-0.000650187611919545
0.00898640219365269
-0.000898660284684756
-0.000636537931309024
-0.000958430486137279
-0.000490361238580552
-0.000343956190694083
-0.000299219354226222
-0.000161874477148343
-0.000127348987028401
-0.000144008525162351
0.0981010385841667
-0.0390877220217864
-0.00090496156558738
-0.000671307022112603
0.000237830750436423
0.000405679110003333
-0.000114830942753885
0.000351290808532709
0.000532374015202654
-0.0010276539130301
-0.000681740362410487
-0.000793543894539187
0.0102986532671479
-0.00134490462912229
-0.000524466021888769
0.000123585098087121
-6.25868705274272e-05
-9.82070169088813e-05
-0.000102645811878375
2.11881953033427e-05
0.000205487003085416
0.0976495013114478
-0.0340477635739865
-0.00055632379174276
-0.000704330052636537
-0.00110333021913421
-0.000290454626794387
0.0003681366074495
-0.000701703077183781
8.38162796313685e-05
-0.000231027322600831
-0.000365619884454612
-0.000967235662135906
0.00971566926044201
-0.000744493533034547
-0.0007417808942626
-0.000288757574097666
-0.000357466009638669
1.68883853760162e-05
-0.000147920664039046
-0.000253243756763947
0.0869482515257895
-0.0269528021154182
-0.00109239207433196
-0.00024000636516325
0.000144777100642482
-0.000910867533537259
0.000410159495185115
-0.000452454148469466
0.000264144318060654
-0.000746353013985016
-0.000372219036548416
-0.000674746102976273
0.0107005240238904
-0.000677425529045582
-0.000682916240040508
-3.14035673385898e-07
0.000184739256921919
0.000186308131516448
-0.000113056716383812
0.0722687066724934
-0.0283696947739146
-0.000169418449983702
0.000137253784054428
-0.000424207890187959
-4.60455750778207e-05
4.93973715378956e-05
-0.000161004416034176
-0.000105338414369497
-0.000229226731221563
-0.00056697106183116
-0.000598279585388977
0.00970917024869726
-0.00121360620224907
-0.000596676421997245
-2.7525706045818e-05
-0.000133428684131333
0.000107463279152627
0.0720179047250222
-0.0273721865714325
-0.000663256281542784
0.000514464686927697
-0.000276688400090624
-4.93674774151049e-05
6.62084716611834e-05
1.06958228342781e-05
-2.27794865886024e-05
-0.000294496246341996
-0.000847162233725274
-0.0010003413061256
0.00919244182846013
-0.00101453142387967
-0.000374165729977053
-7.17618195757504e-05
-0.000154633188265947
0.0733352513687118
-0.030848483884905
0.00149255644663142
-0.000519330434684607
-0.000380860322086643
5.16192686920071e-05
-1.75927102432632e-05
-0.000166176775751322
-0.000402092830379667
-0.000203575350742843
-0.000605395329025453
-0.000618967819087232
0.00910467019928149
-0.000750977188192289
-0.000359076917307408
-1.6443339467788e-05
0.0790299736393535
-0.0316377960641878
-0.000431346301133751
-4.29722725149732e-06
-0.000124553514935656
0.000114631170846993
0.000202072942176917
0.000103466992553367
1.73672475433981e-05
-1.02472341664449e-05
-0.000545438659888709
-0.000600810707548952
0.00883640211374195
-0.00103418375306903
-0.000408012012538428
0.0713963913647462
-0.0258110185646274
-7.94389454691752e-05
0.000156722006349636
7.22502956134985e-05
-8.23283067593022e-05
-4.39876887968731e-07
8.11296739877984e-05
-8.27788483153223e-05
0.00014547449412079
-0.000439611978977897
-0.000490805020324303
0.00876228022581873
-0.000866029814700659
0.0743199703756886
-0.000328706466350884
6.19738890955763e-05
-6.21911136811735e-06
1.62704538646103e-05
-7.68688582041016e-05
-0.000195905597862815
1.88939158193944e-05
-3.92698596584236e-05
1.15356337703899e-05
-0.000692326065459006
-0.000418581696260012
0.00908502887626049
0.0125070435577369
-0.00190847252741145
-0.000843599396580206
-0.000948806993476385
-2.51778218687731e-06
-0.000259520736084773
-0.000143801361554589
-0.000232863129186726
-0.000160652347139946
-0.000112121565656747
3.0755244221555e-05
-0.000104256839433771
0.0124971688110485
-0.00121225111286194
-0.000718975914578093
-0.000231414385203448
-3.67934243874364e-06
-9.97612026981428e-05
-5.45771471278336e-05
-3.30556926711221e-05
-6.02669751895391e-05
3.89143400835262e-05
-1.71924702151598e-05
0.0111592541167896
-0.00113635136812005
-0.000551298340870208
-0.000477923843806744
-0.000207680750500839
-0.000152703968794734
-0.000195069254697051
-0.000106314742955086
-6.90626198838185e-06
7.30606884019082e-05
0.0127349983795494
-0.0017806844644138
-0.000438566892657534
-0.000160318082508611
-0.000140275486621028
-0.000120475396302105
9.03397670341539e-06
3.82335669868167e-05
-3.79948355768933e-05
0.0121848809196395
-0.00134774613388189
-0.000745802297600088
-0.000392735443628246
-0.000230652575157885
-0.000131145194288363
-0.000106498296938492
-4.48118505170631e-05
0.0128656551069515
-0.00113485015089227
-0.000812846353856134
-0.000199222145085127
9.240527709603e-05
3.74969145479433e-05
-0.000157058172845583
0.0122018212461489
-0.00148740240911735
-0.000601232690134964
-8.73777216664685e-05
-6.93562077044771e-05
5.62054253969682e-05
0.0115169467775888
-0.00131683187500971
-0.000363645120050883
2.17217423507225e-05
-0.000154189776618652
0.01112791823186
-0.00108558208896532
-0.000351130860864361
-5.64997170141874e-05
0.0112723462595559
-0.00121310216461211
-0.000466296719545318
0.0108088105541847
-0.00110255883823632
0.011450872349336
