0.105953848286983
-0.052112045835389
-0.000260711543173044
-0.000121420699662401
0.00176040749507817
-0.00132044980720862
0.000122472519114486
-0.000311740919256784
-0.000789062645186525
6.92137287178289e-05
0.000497436946272186
-0.00132771970082194
0.00779836404977891
-0.00113157720188758
-0.000573365865467056
-0.000425901804804558
3.97460750755199e-05
-0.000138803693990686
-0.000369427103063285
-3.14379602303122e-05
-0.00037317546537412
-0.000112183127157116
0.000300483841975963
-0.000389018962986586
0.126390705944263
-0.0501558109224063
-0.000640783016950294
-0.00206190989679717
-0.00058000990894647
0.000609656078007967
0.000583367004013575
-0.000255778526877251
-0.000698066865423633
-3.24825445283708e-05
0.000255147990181818
-0.000752917425281137
0.00808329673470387
-0.000917613643658401
-0.000525784232550301
2.71032227588659e-05
-0.000186432122140397
7.83862056132424e-06
-0.000234859121201697
-0.000114936443923144
-0.000167083835521926
-6.90597811669294e-05
-0.000131186100179867
0.126904334765687
-0.0527803327157708
-0.00192675797295754
-0.00109951235045339
-0.000747093840795576
-0.000479426741927686
0.00038549178515152
0.000447271422790526
-3.03828800698613e-05
-0.000230165260266606
-0.000595868015685931
-0.000587928676516695
0.00742892234056962
-0.00067381423807608
-0.000293063315719959
-0.000447909172709963
-0.000275993527803591
-0.000123092957156223
-0.000324837587074757
-6.39924228249658e-05
-0.000182493915354542
-2.40027748036984e-05
0.142665770802259
-0.0619314857864702
-0.000970664210540337
0.00014480882538247
-0.00088487553286321
0.000369791780323108
-0.000197995851415591
0.000972066812606045
0.000552140502434589
-0.00052912383991013
-0.000374133475872874
-0.000513090240111821
0.00868953068668954
-0.00112345837678402
-0.000784684850092777
-0.000358375944188412
-0.000252148496426088
0.00021239146561825
3.13151985557116e-05
0.000211367228053334
9.17788108566349e-05
0.144267472697962
-0.0513184939061596
-0.000446870675015003
0.000421414984319328
8.26376262111548e-05
-0.000951791389666762
-0.000450967964726027
-0.000445081289327997
-0.000164869945156425
-0.000116396952768513
-0.000754143996831741
-0.00120107827971914
0.00843723740456218
-0.000552248314298614
-0.000436307898665973
-0.000327258047862677
6.58119921230738e-05
-2.29045887750161e-05
-0.000188803853625156
-0.000138009629842001
0.122675247676661
-0.0400194721285518
-0.000561307735990062
0.000137987269848271
-0.000187401671955877
-8.36484833717669e-05
0.000310767449779637
-0.000261680073029813
1.32464780707026e-05
-0.000367816782032172
-0.000538067868844658
-0.00101549907893987
0.00886047738207699
-0.000484337068848116
-0.000589750752771243
-0.000134450004981955
0.000122542791000991
-5.94878881983549e-05
-0.000249234736443257
0.101580382478121
-0.041113981172797
-0.00136358025217068
0.00150243300275787
-0.000636175257439622
0.000984857798927576
5.07285180468811e-05
2.39065218394983e-05
-5.97255732021439e-05
-0.000266365843781019
-0.000793310809501469
-0.000500147738987081
0.00857981753786098
-0.00136654512237569
-0.000435349979288557
-0.000146424260255881
9.54394827591405e-05
0.000306820372011763
0.0988494426157397
-0.0377412580333623
-0.00205896455083334
0.0018681274878612
-0.000763817996902342
9.23400981668798e-05
9.83996710096389e-05
-6.74984201509387e-05
-9.04391253257023e-05
-0.000218594720229675
-0.000810095766683282
-0.00120841216937556
0.00862084540026779
-0.00130270353655031
-0.000369807302044514
-0.000139869915010019
-9.80929027862081e-05
0.100364339902037
-0.043748610632008
0.00488550359094668
-0.00082755327550119
-0.000350679855452482
8.48806473301479e-05
-0.000128775919792672
-0.000262416696910375
0.000103622018999463
-0.000625641496876395
-0.000815996935037199
-0.00108463115407623
0.00805970631182972
-0.000706134420014802
1.30545646740568e-05
-9.08124003302254e-05
0.110630649214403
-0.046985107466489
0.000524717078467355
-0.00012152828901356
-0.000182830999899933
8.73844035956121e-05
0.000149956153275692
-6.99430940532789e-05
7.11509444064467e-05
-0.000134127413821067
-0.000430703743175059
-0.000547797598384218
0.00776967397594656
-0.00117070039778358
-0.000359687715018992
0.0971472434124067
-0.0344616984257379
0.000307169948689298
1.79676092427652e-05
0.000323641680199863
2.62710871628479e-05
-0.000156557699901289
7.32829645503507e-05
0.000472418873115255
0.000161775024865667
-0.000525018603182905
-0.000373070055093238
0.00838904388255957
-0.000959343680256445
0.0985857684969739
-0.000684418154329118
0.000242955531541413
0.00011358422767339
0.000323716237128464
-0.000192574881342246
-0.000375451155832347
-0.000215221171905442
5.23406131735416e-05
5.46355745636362e-05
-0.000453856778647348
-0.000669206836837923
0.00880991857162825
0.0107579424848191
-0.0019078085284333
-0.00065668946447135
-0.000589150304140866
-4.78635054524535e-05
-0.0001104083025657
-4.72461484192722e-05
-0.000199930723344981
-0.000228557651793536
-8.33656069985528e-05
6.66427679430852e-05
-0.000230683441197927
0.0111651230021529
-0.00120188331325995
-0.000613352538987965
-0.000211324762668351
-0.000139649349437176
-0.000198697090575796
-3.07165966127951e-05
-4.23579919758758e-05
4.08411600365175e-05
1.37352477861466e-05
0.000105882064490299
0.0103838822698844
-0.0012033532003444
-0.000489959146531027
-0.000444562327247579
-0.000177138794246266
-0.000217029188216859
-8.09527481257096e-05
5.33172397574741e-05
2.88401249469941e-05
9.33564713848369e-05
0.0115730687381171
-0.00175168346802247
-0.000679437438810371
-0.000265893706637673
-8.61374738185993e-05
-0.000114955342429371
-0.000130321633623809
9.94671595667832e-05
-4.92889043364914e-06
0.011547588815223
-0.00142329876940535
-0.000624961346989501
-0.000348376342207751
-0.000132533328789576
-9.27834082735825e-05
-6.31456935448325e-05
-0.000180575231216189
0.0122759159664511
-0.00128765158114711
-0.000868664608764086
-0.000304373182892001
8.98862239783581e-05
-0.00015917434297203
-0.000178731778459706
0.0121384678154567
-0.00188853760787049
-0.000605809406043286
-0.000107880637303159
-7.67259514601516e-05
-4.28755508372084e-05
0.0116526185976792
-0.00157653351881504
-0.000473431596542707
-0.000123535581312815
-2.03754136489196e-05
0.0110534558487535
-0.00128614106563957
-0.000262727598285694
-0.000164950011290245
0.0113608764128531
-0.00136892319781351
-0.000435574021634957
0.0112758729651883
-0.00129582537882077
0.011782526367179
