0.032605078112712
0.0449283430136076
0.0332726524873116
0.0391574243180863
0.0516406943685258
0.0449868238026592
0.048392287823739
0.0342637708152336
0.0351017820324583
0.0550053109714987
0.041288097644858
0.0600808034551148
0.0355491268367462
0.0356472199561319
0.0353844232489902
0.0422746548451589
0.0428869804199439
0.0484889673187028
0.0371792277868969
0.0362322302339384
0.0334023602648447
0.0441658775167672
0.0403109901214323
0.0476313443234008
0.0384110359891676
0.0344057620389388
0.0317462499115354
0.0422197769364667
0.0399095961067185
0.0469313499220107
0.0368525978808111
0.0331882591218127
0.0327033679945649
0.0424841696153348
0.0403560284781096
0.0497926602541845
0.0346882551753384
0.0331472599854845
0.0317850643991758
0.0415173088127763
0.0407402497525089
0.0486963899075728
0.0345871797514302
0.0319657573073949
0.0310089192709591
0.0417477787109699
0.0394359481189954
0.0488586039878737
0.0290604604579857
0.0313934885963335
0.0283096498417014
0.0358347228673303
0.0344758031194977
0.0384129003421884
0.0344425953188576
0.0295070084645624
0.0298719936865027
0.0378441536166618
0.0348080028010808
0.0413799914661749
0.030701716522403
0.0305297193724069
0.0300280954542347
0.0358294948547396
0.0371848950642048
0.0414960231606439
0.0318457323011524
0.0308006292830812
0.0282910418509483
0.0383972785333785
0.0343974324657286
0.0416222009682576
0.0326326569288018
0.0291113386767836
0.0258724897645263
0.0360628170894738
0.0335185883035836
0.0394848882707614
0.0311181022935739
0.0272737266725026
0.0264798616435042
0.0362314751112457
0.0323978580619938
0.0408583462980996
0.0284709192020235
0.0269036090960409
0.0265064828157367
0.0331766412645861
0.0332244244860353
0.0392623303573112
0.028251283754793
0.0270454840889473
0.0257972122537277
0.03453006346516
0.0330253192129118
0.0402364282296171
