0.0160415317562632
0.0230255870558587
0.0177094281136361
0.0203890592570709
0.0266468558913701
0.023821699538011
0.0233800057997526
0.0176269296327797
0.0185136138202365
0.026955637413285
0.0221948842903974
0.0315242945430393
0.0179483253648201
0.0183575796676731
0.0207614941881512
0.0222819687338166
0.0242730079364169
0.0281071233278834
0.0186128029300052
0.0206106692418495
0.0190321129018619
0.0242815721722879
0.0228943394632775
0.0265847925125549
0.0209100419050766
0.018740822562874
0.0185699504295916
0.0228865521187222
0.0219457875291315
0.0257356851774767
0.018635690631251
0.0181828064605151
0.0193891441349123
0.0215438902613755
0.022714025595065
0.0259396336872738
0.0182929791149221
0.0190830544735426
0.0198247456320702
0.0224778887020099
0.0239538508019746
0.0271325194773659
0.0194469655607004
0.0195116971451309
0.0202621426611281
0.0240061933033115
0.0246158987941277
0.0290048171771917
0.00991679049941302
0.0100481587739718
0.0102586710955998
0.013085100086877
0.0121728094434663
0.0156328413117329
0.00937318332767645
0.0102867393836778
0.0107901719177037
0.0119091760262869
0.0133982847946953
0.0141995305269949
0.0102141858670084
0.0114007955745795
0.0121224471401272
0.0134741283157951
0.014569520431482
0.0164685991994312
0.0111725601688957
0.0124143504675295
0.0107219051478909
0.0143500839849715
0.0146365754423379
0.0165067619394436
0.0132089365750522
0.0110053491629138
0.00922921207577561
0.0149834537056325
0.0114911905234653
0.0157771587871317
0.0106073856112627
0.00968669847990987
0.010126151279835
0.0117622821367709
0.0125955685148972
0.0147431266692311
0.00951355677586164
0.0100831295927137
0.0113143740145604
0.0126080653639541
0.0134677818435996
0.0163513239866
0.00992618613771765
0.0111721305810975
0.0119801724668186
0.0129104635727426
0.0143656217478275
0.0157168461468305
