0.0184081842689563
0.0266744383891148
0.0203987053375036
0.0233895159059145
0.0307044745955354
0.0274336570390319
0.0279204118053712
0.0202795348139428
0.021379255669102
0.0316245986126087
0.0258094438177321
0.0368206910442632
0.0209055993642006
0.0212345239915685
0.0230314949163862
0.0260919028261822
0.0266672838581741
0.0309634606127594
0.0217195198647261
0.0229611932214565
0.0205681548894974
0.026884389323357
0.0254818734868728
0.0291973034115667
0.0233786376616446
0.0206347718763421
0.0197095221103473
0.0257946250347162
0.0238016676757085
0.0287211301845498
0.0210675831015654
0.0196054976056177
0.0210696929786841
0.0240297175785734
0.025023875120972
0.0294548525072608
0.019693599669481
0.0207359673792303
0.0210428393703605
0.0246680278542209
0.0258699769943925
0.0296461266743708
0.0212598212716399
0.0208154383104675
0.0213821030370519
0.0261043697471288
0.026093308451161
0.0314696847046652
0.0136326155304553
0.0154068102575811
0.0141410185716841
0.0183583180321006
0.0180206252712338
0.0210439792344775
0.0158577808811743
0.0145111240568019
0.0134150187047104
0.0187846040782611
0.0174269651571929
0.0212393732962302
0.0147201941047932
0.0135589237059424
0.0152684940395526
0.0176910260105878
0.0178151835922867
0.0213167189346957
0.0137753125044321
0.015615569801839
0.0145502509261546
0.0182174046462433
0.0179518036356842
0.0201941640589059
0.015815540673416
0.0145054060569332
0.0124043675531626
0.0180912482099443
0.0156325452223367
0.0188809235126202
0.0148563995295161
0.0131441236721925
0.0141793582597598
0.0162631099788126
0.0166907282827976
0.0195294755675087
0.013031696955062
0.0142810226480137
0.0153037125820191
0.0161844073367933
0.0186164320843102
0.0206344334090872
0.014412558595526
0.0150140006429277
0.0150173974046667
0.0181927501396767
0.0182759679057083
0.0216952033014319
