0.0170477943858292
0.0247787208325593
0.0189227878900257
0.02154187404839
0.0287609001588922
0.0256001006603522
0.0256174301120672
0.0186678599957019
0.0195783300095475
0.0292233021623061
0.0232151994823044
0.0337696421104534
0.0188734924101021
0.0195190631473004
0.0212522714308929
0.0233922164464241
0.0250853394411251
0.0288529251874451
0.0199062548281373
0.0210607909567246
0.0192257489148189
0.0251930127099031
0.0234268756296055
0.0274432614928543
0.0214594564695281
0.019071571689075
0.0185777248134197
0.0236152898202202
0.0223470872723253
0.026606467348394
0.019539032034972
0.0186221341640742
0.02027113983778
0.0225133639448728
0.0232501365862561
0.0271310835081344
0.0190469731387933
0.02010843461649
0.0199228699780844
0.0233158049224376
0.0250006312045244
0.0281388578267428
0.0202794449391215
0.0194931910852844
0.0203741961922075
0.0248762792574296
0.0243141792038994
0.0297799718490323
0.012353734530683
0.0129710657679643
0.0121942795222827
0.0156887247830366
0.0148755440761468
0.0181893830019137
0.0129124016887694
0.0125624918115605
0.0124136488751487
0.014930696021753
0.0156554561933385
0.0179469325623509
0.0127555410539323
0.0128610564194351
0.0137113209847936
0.0159730058263317
0.0165714381141526
0.019625180041831
0.0129492570029853
0.0139875643824575
0.0123268128598698
0.0166497923069615
0.015804222262309
0.0182340974687663
0.0142179773768062
0.0125010385793865
0.0110165487085286
0.0161080945071376
0.0138203417734938
0.0171514279884271
0.0126387673957146
0.0114626985800967
0.012923155130594
0.0140983265736987
0.015035922776574
0.0173264779244025
0.0114842291783768
0.0130059114602271
0.0136651027243001
0.0148614828313344
0.0168336623498699
0.0188305082036284
0.0130980026559673
0.01329295284914
0.0137011989451704
0.0163426233894638
0.0162235060426698
0.0192775443344118
