0.0213768985721815
0.0307450355621437
0.0227389608727582
0.0267558727456808
0.0350521423315239
0.0310352321336107
0.0328385975113936
0.0229476866263018
0.0237911101766701
0.0370146227242063
0.0287019174259654
0.0422370263058648
0.0238322297477717
0.0239243098853025
0.0250730186940981
0.0292373176945648
0.029676865635854
0.0344374020093577
0.0246023403654261
0.0252672744958165
0.0225624726568115
0.0301817186006124
0.0279357299142307
0.0324606311594775
0.0262536680016302
0.0227980635758316
0.021818301012642
0.0287537359573246
0.0265476945327179
0.0321183496391489
0.0236975711035585
0.0222011100951347
0.0238992470024538
0.0275624566243443
0.0277251151674001
0.0331549529997238
0.0227577025174603
0.0234845579556947
0.0227811912512629
0.0277829864133032
0.0287219760566547
0.032867379122229
0.0241630775793707
0.0226773671036656
0.0229128092872421
0.0292941993455582
0.0281721152935821
0.0348465707837059
0.0168859628184744
0.0186811294580145
0.0164427402840294
0.0209404644335324
0.0211780736126275
0.0240605349803852
0.0199348246295694
0.0169977010378383
0.0167106076214921
0.023006731451148
0.0206917789909579
0.0254138121199359
0.017941813897356
0.0171177285062411
0.0181601822823082
0.0214933582918067
0.0217379398053375
0.0255882624297397
0.0176578221461242
0.0183919828687445
0.0163137107596154
0.0220759800842942
0.0206318123350187
0.0237508890548948
0.019104803913309
0.0166259651789776
0.0148816599787805
0.0211464785098871
0.0184320840288882
0.0227519438839811
0.0168418069234726
0.0156665096290415
0.0169775579190882
0.0190773058794392
0.019547405219681
0.0228402766602394
0.0161108185991044
0.0168222051586421
0.0171613655593938
0.0195497483308718
0.0212435594874221
0.0238712250303344
0.0170025633034216
0.0169813744506978
0.0168340230464598
0.0213385143674296
0.0208350895508045
0.0246878441028069
