0.0170442673254234
0.0251928410554937
0.0189184591483774
0.0219565878621614
0.0287791848046337
0.0254943270444131
0.0255772649524984
0.0184456452656342
0.0195743516158194
0.0289588394740098
0.0235468789329731
0.0344552271909654
0.0187379623900393
0.0193925728356256
0.0222950656790551
0.0234859889084521
0.0258173859703044
0.0299022930785402
0.019432747215331
0.0221248985396965
0.0208075874242941
0.0256748666810323
0.0250334670315756
0.0285230391727883
0.0221707680013686
0.0204482012790001
0.0201827786119415
0.0247192708639127
0.0239308697097456
0.0281091721248531
0.0200118911469203
0.0193512102055307
0.0204800608458415
0.0230621880197956
0.024242717094318
0.0278488569937326
0.0195109564284719
0.0202209867856818
0.0206004944451326
0.0241707268007328
0.0250931552702191
0.0290706019266812
0.020344947372019
0.0199583832019724
0.021656967211373
0.0247384866019981
0.0253657415175626
0.0300977305612878
0.00918419826596116
0.00993217452923844
0.00923847633413746
0.0122786859524493
0.01152072142219
0.0149261565581117
0.00968772240067889
0.00975546750983569
0.00985591455911176
0.0116815221258218
0.0121688886275204
0.0138539394068577
0.00969720101455119
0.0104779330351207
0.0121798893063935
0.0123130849178745
0.014110258664585
0.0155484181130848
0.0111161834023133
0.0126271288343855
0.0104239914481623
0.014090508261652
0.0150282597857116
0.0165227281759484
0.012736598096574
0.0104001570504232
0.00754357060404074
0.0153551980017656
0.0108910561206087
0.0152186309408571
0.0104275718974851
0.00799341543250866
0.0093418961040871
0.0112012054650983
0.0115053789385269
0.0143144113407427
0.00779849964167586
0.00928056968203669
0.0111830802287412
0.0111782194631885
0.0134002486055583
0.0157543597214907
0.00928320101838476
0.0105070455355398
0.0111945361770879
0.0127043457081406
0.0127120558239972
0.0148218727354122
