0.0242670636431561
0.0321697524081311
0.024329586186363
0.029916405119811
0.0374003220117729
0.0345751882292313
0.0339682834280301
0.0248039844112777
0.02597007959021
0.0392468634901682
0.0312701758213473
0.0456278878981815
0.0257533361880651
0.0264068936113373
0.0287077338947758
0.0321057935466438
0.0333024611382279
0.0385956260557903
0.0273308834292614
0.0288899304875396
0.0264025913108009
0.0341179107312587
0.0317436359646435
0.0365656679518579
0.0304241370528494
0.0271627922156204
0.0271908211498424
0.0332310030954771
0.0318794195926609
0.0373255905934081
0.0285366878002137
0.0280759926840804
0.029880131914429
0.0330873780387308
0.0341088729580087
0.0387179036741204
0.028508292677899
0.0290081698174058
0.0289563398225039
0.0338560151248415
0.0354432601782669
0.0396796568213123
0.0297123708388185
0.0282748739825549
0.0289422179314706
0.0355257542268564
0.0352051782445578
0.042221911995803
0.0182691968768045
0.020625149813997
0.0167940964950133
0.0224897698682366
0.0239231794619159
0.0260845137149395
0.0224970590192925
0.0177061283837785
0.0173720378613933
0.0262236081778474
0.0207932599977676
0.0288814977455115
0.0183177221784267
0.018292932625931
0.0201083888436775
0.0216953436480642
0.0235480963928316
0.0264447203712682
0.0193529205864172
0.0207379795341286
0.0185279643330639
0.0248450696495356
0.0224694064226912
0.0262715144783729
0.0220858727827383
0.0195831169822016
0.0181583780361816
0.0240169825691478
0.0221526496960703
0.025808946680582
0.0208227184406158
0.0196120359109796
0.0203030631476995
0.0236852315443133
0.0233770888651384
0.0273964914362845
0.0197152827230149
0.0199150618419858
0.0205499196888387
0.0232332656141118
0.0251617141829839
0.0280844310962298
0.0203302508056571
0.0203191298786706
0.020206649706712
0.0252203078893153
0.0250365047385893
0.0291299301219883
