0.0104893843335301
0.0132660342931571
0.0126260587880018
0.0130783741571782
0.0155974140203196
0.0152398483365751
0.0134297035767204
0.0124779701891257
0.0138315394097872
0.0156424297876723
0.0161260709319775
0.0191833480594975
0.0129973539145878
0.0140514058012557
0.0160329579395508
0.0165466619814805
0.0182642161478151
0.0207331686754205
0.0143185033360213
0.0159754859520206
0.0143939581444502
0.0183124815705088
0.0176142572673993
0.0199821681387853
0.0161729250246237
0.0143077744159534
0.0143636553662203
0.0177012454670383
0.0167432302277779
0.0199825995540156
0.0142702650132112
0.0138984868931746
0.0150103816562615
0.0163759023725665
0.0173032758276408
0.0197449577930545
0.0141185422582869
0.01495131353035
0.0150094971938204
0.0173661861501946
0.0185321846076399
0.0208254037860458
0.0150661843273505
0.0147042898863072
0.0155064447158088
0.0183994067991504
0.018485271889807
0.022306786290127
0.0068556683235369
0.00772910918581989
0.0074863418562179
0.00824863232883447
0.00877204199441616
0.00977693944167382
0.00741993790117398
0.00771754454498506
0.00817599754708839
0.00871709802023815
0.0101063915936097
0.0106469702311807
0.00830751036334343
0.0084937160445111
0.00955619286137854
0.0104761494401462
0.0109559739629744
0.0129064382409553
0.00917713058356296
0.0101476823100628
0.00881186768964053
0.011488991212904
0.0112936356837186
0.0126513512482238
0.0107483151650854
0.00910442383272961
0.00742363873886185
0.0119102059092358
0.00932550573982299
0.0122023153050096
0.00926740585786628
0.00780234985999416
0.00863861085947007
0.00964484113661599
0.0102274206533936
0.0118857466568752
0.00776855249938
0.00866323165213388
0.00970331066973144
0.00997571695802609
0.0116822505674573
0.0130109035649965
0.00861820130537996
0.00938161644230945
0.00947707647753783
0.0112980743925649
0.0110142244978221
0.0130650567228724
