0.0234104345823969
0.0333418705702261
0.0247563053067973
0.0290232758458839
0.0380610854857174
0.0337403129771844
0.0354663144588322
0.0250843443259711
0.0258003792729347
0.0402670259458009
0.0308608493538271
0.0452745723249073
0.0258975088842169
0.0259820302142523
0.0267811774307462
0.031487685342732
0.0318611709675552
0.0368583281677296
0.0266558890163964
0.0268945967845452
0.0241900203047338
0.0323296992969057
0.0297958653347147
0.0346896774230895
0.0280598480944557
0.0245970625468842
0.0232730476936912
0.0308190037330754
0.0286947963555887
0.0344118453968008
0.0258168318672295
0.0238065916904347
0.0252398476278148
0.029840028073112
0.0297238064859564
0.0359214503389857
0.0245522167015182
0.0249628979829055
0.0243909573802582
0.0299243707709384
0.0307072491031197
0.0354208496473155
0.0258310952137775
0.0243801237103867
0.024576429648705
0.031355979270842
0.0303297606429091
0.0372378783159651
0.0190395081070839
0.0216386751500572
0.0188481186508781
0.0239091146852587
0.0242666417159863
0.0270161054999957
0.0229131434100325
0.0192646862690501
0.0191955293297604
0.0260743333329439
0.022868811052069
0.028686992886701
0.0201595733594675
0.0194942002753643
0.0202525835549013
0.0236078942193631
0.02454003158622
0.0282517391012141
0.0200214385230253
0.020326200949911
0.0184745203795636
0.024855540421386
0.0227189409914046
0.0266350172921947
0.0210160450761188
0.0188789610739375
0.0171494396414545
0.0232614491368682
0.0213030367451506
0.0252666276697187
0.0194947561141088
0.0178161281766934
0.018679992526442
0.0221742095035474
0.0217519102803597
0.0259864535017247
0.0182343560297233
0.0185303488695728
0.0188259477882855
0.0217007479331055
0.0234253322912173
0.0264266450646093
0.0190479390498469
0.0188196384584563
0.0185913051756001
0.0239100725677776
0.023060565529725
0.0278584815284069
