0.0177188842566034
0.0257308181075234
0.0196515096386517
0.0224542812552447
0.0297348920335337
0.0265047255190068
0.026773468089175
0.0194640706506018
0.0204673878584912
0.0304266875772271
0.0244960626322125
0.0352918484735496
0.0198767136090323
0.0203651864944419
0.022130797592921
0.024724312637864
0.025865600569356
0.0298933430693324
0.0208018358385827
0.0219998496094745
0.0198916387345437
0.0260280487939032
0.0244435318891462
0.0283098198102912
0.0224144284167395
0.0198520535387935
0.0191436804601892
0.0247009569781582
0.0230748399498917
0.0276610402442613
0.0203037733286356
0.0191154606433277
0.0206731280788973
0.0232732608999677
0.0241426980345829
0.0282991866143661
0.0193725360817004
0.0204251749244957
0.0204857508225801
0.0239979086555868
0.0254391215415591
0.0288995792946079
0.0207733442462503
0.0201581065984514
0.0208825643344992
0.0254950318842057
0.0252106366718688
0.0306332175672729
0.0129857002065251
0.0141751178477512
0.0131521442923361
0.0170079520535672
0.0164146643519898
0.0195983211680407
0.0143717582573821
0.0135235046185494
0.0129074219441711
0.0168287383317454
0.0165289630532652
0.0195609939060735
0.0137242071351822
0.0132044585706308
0.0144925634667098
0.0168190587172664
0.0171946113938052
0.0204653137911841
0.0133541134560605
0.0148028777436188
0.0134378181977931
0.0174308016242674
0.0168833173066849
0.0192162699231706
0.0150222923389829
0.0135116169403233
0.0117154762187136
0.0171127756729674
0.014738452147903
0.0180341397588732
0.0137553041515628
0.0123080928427254
0.0135554003959371
0.0151906289410819
0.0158776023821389
0.018450672274718
0.0122626706083871
0.0136467560698178
0.0144888431374654
0.0155325600958419
0.0177312445885523
0.0197463838004418
0.0137603798632942
0.0141578433361205
0.0143634297285878
0.0172745398379432
0.0172560174516252
0.0204965466889953
