0.0208376130696491
0.0329616554469074
0.0224389866955598
0.0262713954294107
0.0382549124148339
0.0309362809470519
0.0344305172806845
0.0225343739959175
0.0235392359370782
0.0396995549725363
0.0287193591090797
0.0469561142084632
0.0229344852087853
0.0233003783366118
0.02592899945995
0.0289355766835796
0.0308434805319893
0.0363587076014349
0.0236331746010953
0.0257078683934382
0.0240139982900604
0.0307498077296444
0.0291276338313105
0.0339947099973662
0.0263193124516802
0.0237336905003316
0.0227823353614115
0.0293630250459018
0.0274552012275949
0.0326632891880595
0.0237491593027191
0.022313426924681
0.0235851076682572
0.0271183849505051
0.028181793303666
0.0328605957322732
0.0222554347071425
0.02289811279517
0.0240014855193446
0.0277241379180739
0.0289569186007796
0.0336711226301849
0.0232993772443588
0.0236333849256275
0.0250320435734687
0.0289341739587748
0.0298518332473304
0.0351245738862574
0.0108408531302348
0.0108333490747894
0.0104381596784343
0.0134826826292059
0.0134091874243285
0.0168214835484034
0.0117305927746829
0.0108676166457394
0.0116084290542618
0.0150983743168323
0.0143013336218865
0.0184973822165213
0.0110844975673577
0.0120241097529283
0.0121967707680804
0.0148858834934979
0.0140248284685412
0.016857622410938
0.0124773170098422
0.0126436659029531
0.0101057711298386
0.0144385056168507
0.0148418138035793
0.0167793495576136
0.013763846736898
0.010458069371173
0.00851454928590375
0.0160004868431644
0.0114229784856521
0.0163650604232716
0.0109927778801114
0.00891618697222749
0.0106879106855686
0.012202100756231
0.0129180285945829
0.0157308128270419
0.00869425889654884
0.0106591317831226
0.0114890231975038
0.0127145280418326
0.0142307739632411
0.0162047436107011
0.0109490198554929
0.0113956048209629
0.0131887487059909
0.0140398430661314
0.0172988481891953
0.0192356884894045
