0.0194354937857543
0.0286351698340846
0.0213554955060821
0.0243793520475589
0.0329907490928783
0.0285491494038441
0.0297684908604279
0.0212267919404906
0.0222124263830738
0.033885974967672
0.0265984166744987
0.0388086610831095
0.0216934505198871
0.0221002091232072
0.0232113203743993
0.0268298884289912
0.0276148437482881
0.031887689130501
0.0226510246039981
0.0233870867734432
0.0213451338868798
0.0280405737134917
0.0259615546548052
0.0303858119587496
0.0242536629508356
0.0216681791723994
0.0206729074646006
0.0267683513869778
0.0253159366285292
0.0300393763334957
0.0224248847208033
0.0208418266662623
0.0221969974300138
0.0259204482931983
0.0261262833194574
0.0312471637028269
0.0211852126350774
0.0220200081547473
0.0219937859203502
0.0261436225602555
0.0272641453377295
0.031122243284308
0.0223004860923789
0.0217031227381129
0.0221754725829788
0.0272708623124076
0.0270548280483512
0.0325252430897338
0.0144280803694233
0.0154307712654554
0.0147210364144176
0.0185993135953462
0.0179645729683079
0.0213783449938166
0.0161057783665189
0.0149093025928806
0.0148874895924914
0.0189610477498076
0.0186186181311052
0.021966972087767
0.0151137962426288
0.0150602221208122
0.0150296586944369
0.0187921125177514
0.0188829374520389
0.0223009450272638
0.0154996614204091
0.0155066652053632
0.0144887481989911
0.0194637694804275
0.0178681189566362
0.0219188457627917
0.0163284323844861
0.0147894340987514
0.0129536823983946
0.0188151286010962
0.0165808509462666
0.0200059829296377
0.0151915429994825
0.013455403795649
0.0141878829406522
0.0172339004375638
0.0170166520155047
0.0209969960091321
0.0132992936668939
0.0140471627832217
0.0148945524097898
0.0165948930193152
0.018226431804942
0.0208887452218219
0.0140747267009108
0.0148232951938485
0.0146907354493479
0.0179439965357781
0.017945616443873
0.0208770961241451
