0.0134135993400964
0.0174723022873317
0.0160120385256717
0.0171847486424536
0.0205301055328906
0.0200629772240538
0.0176994236287839
0.0159837271048418
0.0172111976795999
0.0206355384900082
0.0197286109805356
0.0243194602752162
0.0163558940990282
0.0170527055621173
0.0204967519211989
0.0197166238164078
0.0226615060014535
0.0252550752064227
0.0173659353335104
0.0200964321932862
0.0185584260497712
0.0223009780594953
0.0220797253480965
0.0242317615869505
0.0202847307609793
0.018241515511589
0.0188099057112074
0.0220582524039451
0.0214425188024295
0.0249806766080545
0.0183068454295782
0.0181027979453985
0.0191082018056707
0.0210475082109209
0.0224206710714521
0.0251718042455324
0.0180656268478756
0.0188451362784373
0.0187970589494434
0.0219454185620118
0.0230795924971368
0.0259589522298998
0.0190947826192523
0.0182850754001111
0.0191266427894428
0.02280682233777
0.0229853576265436
0.027327223343604
0.00861786450501332
0.0090960891117122
0.00893287227971348
0.0100290679421491
0.00970645127743222
0.0108281858689361
0.00886332074948964
0.00901907287233786
0.00860512400999889
0.00935162301641849
0.0101626246607825
0.00911545215487989
0.00972704841212047
0.00962303141263204
0.0144850086420528
0.0114975496231707
0.0157499196371727
0.0168531599255323
0.0106485782088443
0.0141234637843077
0.0127172182179295
0.0156466985228312
0.0163781208793262
0.0168588500736478
0.014500995784929
0.0127972885179052
0.0110132402703757
0.0163151907996442
0.0136716341555294
0.0172432607966279
0.0127477154576807
0.0112258838965719
0.0118540534377728
0.0141291965327141
0.0136933321468188
0.0165155296513051
0.0108346026192498
0.011531288193379
0.012580407643401
0.0130653237416787
0.0152347296485942
0.0173590923494229
0.0110397888158494
0.0121781650723664
0.0131747863158037
0.0143755207206074
0.0154675758551715
0.0178243045937032
