0.0207804178011701
0.0290725739831958
0.0243028222608063
0.0258685026043421
0.0336537504575842
0.0303161097155883
0.0302516768171144
0.0241565077209719
0.0260495372837871
0.0344185772707904
0.030409201940115
0.0401663760916602
0.0245339303168515
0.0257565957287864
0.0288799159121374
0.0305636872994705
0.032994983753742
0.0373513039033627
0.0262640855137704
0.0287502384164542
0.025838509334358
0.0331968057125078
0.0318270743751719
0.0360311618789637
0.0296314193557814
0.0262568623174924
0.0252334000968449
0.0327758969287141
0.0302614282728246
0.0366265562114997
0.0273870223663911
0.0259431821820557
0.0283176599324573
0.0314356923321061
0.0329657281980658
0.0384910193027889
0.026376751430256
0.0280756818952174
0.0280461543542348
0.032834686463766
0.0349568748820451
0.0396061231987597
0.0287394012997571
0.0276879812832616
0.0279750488471394
0.0351571774425827
0.0340963039379702
0.0416490962147176
0.015066644308796
0.0168811358186727
0.0158884997070843
0.0194629692159563
0.0185313060388634
0.0214578610261159
0.0180087331331444
0.0161285025472853
0.016167358624746
0.0198110238710866
0.019934085045051
0.0232935424060299
0.0165601938663173
0.0162997749003454
0.0186586745699485
0.0204994237876422
0.0216638020835832
0.0249597806573772
0.0164715049660671
0.0189665338931663
0.0178623023600873
0.021918432000584
0.0219385331823882
0.0243415586574441
0.0200252296992457
0.0179806262769993
0.015944131377651
0.0228326881196214
0.0196622587165896
0.0245808784726312
0.0186467806735992
0.0167218568274484
0.0183906174117699
0.0205756558513115
0.0215559666386213
0.0250762492015821
0.0169299483706397
0.0186578194315008
0.0200400009732344
0.0212847151500136
0.0245478437544732
0.02723770184455
0.019144932360972
0.0197046692421186
0.0196561832080625
0.0242941307932756
0.0236595494314696
0.0284473672000975
