0.0179240499841915
0.0272732015524991
0.0189917044590054
0.02244584799984
0.0310094813520638
0.0262038326171425
0.0282974507702545
0.019115712796636
0.020347280442434
0.0319275352389285
0.0245000638175424
0.0374819195966741
0.0194223036811244
0.0202778530669468
0.0218997236519188
0.0246760207699194
0.0258334928214543
0.0300737468490382
0.0204471000937761
0.021709670400274
0.0198552444786596
0.0257613840269313
0.0242313139963735
0.028110460094326
0.0222007494870186
0.0198655113961919
0.0195629456495999
0.0245549234802021
0.0234034592404446
0.0278928006987047
0.0198751737912098
0.0191538690072062
0.0208059517232548
0.0231735150766356
0.0241516562502271
0.0279195775351242
0.0192968804911297
0.0204470676692118
0.0207889644624024
0.0239199889772523
0.0254066213381
0.0288103976650967
0.0204771310101213
0.0201923176438323
0.0209291832506725
0.0251283196130058
0.0252123214598179
0.0302614812362747
0.0114747215343529
0.011950232581961
0.0114852496062133
0.0147750877042173
0.0142401063759986
0.0178595479389332
0.0122530730659732
0.0118446962491664
0.0124572968888211
0.0148093212586307
0.015245310238212
0.0177881957986559
0.0116809485794954
0.0128390612700817
0.0129897988293645
0.0153870752569586
0.0155845008530216
0.0179852623061424
0.0130450214942162
0.0131596767091565
0.0109057524198798
0.015724943771023
0.0150747207419096
0.017607447923882
0.0137069341962691
0.01107309607497
0.00910323111362363
0.0156950469250228
0.0124824277403226
0.0169370251718302
0.0111973668654872
0.00941355562256856
0.010916257123931
0.0127353305433621
0.0129791355240843
0.0159435121180045
0.00937033310338727
0.0107760643645585
0.0112356988832284
0.0127467859651513
0.0135863589208008
0.016066038156458
0.0109969620583895
0.0110175444151176
0.0114236968883782
0.0134690386316429
0.0139128397030479
0.0163885155911486
