0.0236782391219497
0.0335982475551509
0.0256411810195821
0.0292781594242339
0.0387113418041876
0.0336289925968471
0.0362178812423265
0.0257503563575264
0.0263124936476202
0.0410853835947805
0.0311612028136752
0.0459728975277674
0.0265554831134035
0.0265695021546611
0.0283843565412441
0.0317598049890759
0.0329181290916799
0.0375734841690314
0.0274274171015842
0.0286343138377972
0.0258594919564127
0.0335955897189348
0.0314065878494867
0.0359767094256919
0.0298185510348948
0.0263539332710223
0.0248194176473993
0.0325496778069667
0.030259999848541
0.0356551232342819
0.0277275047737792
0.0254723004756709
0.0264845228955116
0.031547624295171
0.0316541337410245
0.0377430328924314
0.0261886076236228
0.0262944206747429
0.0257873179185173
0.0319569778262338
0.0322388966507012
0.0375760671770399
0.0274086037749528
0.0258267912331421
0.0257753773267786
0.0331429949981586
0.0316567240507947
0.0386800054192474
0.0181317617265048
0.0212359266656702
0.018850868790524
0.0232877574388305
0.0232244932033978
0.0256301670860744
0.0224719437908205
0.0191461733612974
0.0192519113527556
0.0244101727356045
0.0226419803156721
0.0269232742708073
0.0200148015736698
0.0196609703125233
0.0215133526225605
0.0235126414239374
0.0246285595629106
0.0277502160605787
0.0205932012325579
0.0218987631955017
0.0193326597192829
0.0253840992917358
0.0247084832621689
0.0276769424960505
0.0231092079563982
0.0201509280716434
0.016797426679339
0.0261961281544349
0.0217233629984691
0.0271708303721397
0.021201229171918
0.0178492409017666
0.0190915803576119
0.0230753699067953
0.0227205588581584
0.0280399293172073
0.0181097341049565
0.0192237555289668
0.0196792046692146
0.0227778787330679
0.0243206323302448
0.0278172924414233
0.0195032544827312
0.0196473739129381
0.0187439103593621
0.0247176050576496
0.023354833708159
0.0282304774931853
