0.0320001277849144
0.0442527196649093
0.0360530249832488
0.0401596086349044
0.0509299709989492
0.0464202342727183
0.0466663478017419
0.0362702682592657
0.0379026447776411
0.0536212958422205
0.0453909022700204
0.0622202772446653
0.0367977787055699
0.0375848019049257
0.0400057777696607
0.0453662155577493
0.046845605413906
0.0540522526610691
0.0378381002846436
0.0396425125480772
0.0354672560190259
0.0468835054468058
0.0443053550841764
0.0505291040702278
0.0410871533657047
0.0361784811578979
0.0340422972427662
0.0457904864047704
0.0421865533125717
0.0512138760428061
0.0380648762479762
0.0351550036858561
0.0378064150420178
0.0441911450237633
0.0443731601346411
0.0537923678481542
0.0364765292945617
0.0375177276071927
0.0364069859281061
0.0448106383559142
0.0460798951709896
0.0529445459941864
0.0392895246460702
0.0367526538285491
0.0358949236016833
0.0476076136814071
0.0449239240351557
0.0556698127779246
0.025047778879691
0.0302027855595221
0.0276324043146119
0.0322467294952169
0.0340711599509941
0.0367411864759253
0.0319287817224876
0.0278560617452835
0.0274576574966234
0.0366598709065409
0.0334368773191064
0.0406542759982905
0.0289604753963037
0.0275409145480064
0.0295683230387936
0.0338158291372389
0.0355980416990073
0.0412659877752517
0.0277501291833841
0.0293416153326728
0.0269036919389474
0.0357958146546115
0.0331197243600958
0.0384165381140972
0.0302630025291277
0.0272208927188726
0.024920315952936
0.0339700512857522
0.0309722486923581
0.0375310866091438
0.0284171486268848
0.0259670028132338
0.027827353804328
0.0324269047763686
0.0324062380697956
0.0388061154356154
0.0270220873577931
0.0276357790751466
0.0284687138719232
0.0326595277938638
0.0353819839031686
0.0401151915267652
0.0290480446006699
0.0287475149615638
0.0276512915657382
0.0368085040890802
0.0351141803910698
0.0428737872435835
