0.020154456032151
0.0270023366488415
0.0267662590551718
0.0268889416470701
0.0309581455332252
0.030265637515793
0.0274095136854522
0.0257222339753657
0.0286173949490423
0.03093594641935
0.0305095807226765
0.036086517388548
0.0259497252867897
0.0277660727520395
0.0365562145762615
0.0300311993807652
0.0389159939106982
0.0415930974353458
0.0275631792430509
0.0350642975761234
0.033709530110939
0.0375692475452145
0.0388175234062652
0.0411766666928343
0.0359054395222891
0.032964572125345
0.0342123005413269
0.0385928303433836
0.0383621796670774
0.0442599169455349
0.0322795948406397
0.0325641911167569
0.0348257141021996
0.0373282263455812
0.0392521890013714
0.0440897755167557
0.0323481515934969
0.033808330510653
0.0343450774150889
0.0381908098513208
0.0417273453279424
0.0455406152595851
0.0332309404470562
0.0327784009938896
0.0378665147013196
0.0406946425504106
0.0437350545110994
0.0512894242986555
0.0111771860151793
0.0144980527864098
0.014762398138021
0.0159022836577827
0.0167511777876112
0.0181987775095073
0.0149642997618092
0.015122874735641
0.0140271964590764
0.0165232506575293
0.0167748169188994
0.0181949857066272
0.0151879527998868
0.0140651729968966
0.0219820000425247
0.0164999183967753
0.0221693489486888
0.0239893513412715
0.013299546293451
0.0215142689794541
0.0206135314497537
0.0208477003284135
0.0257258401682008
0.0243050397177517
0.0220996615921568
0.0203057065299486
0.0169189942969779
0.0260091451781749
0.0217544544648966
0.0284283484797446
0.0204414289670977
0.0169323618985112
0.0176350416823003
0.0222939294064012
0.0218911518522936
0.0255120648425382
0.0170167366387538
0.0168064530912958
0.0188581897513572
0.0218352418570837
0.0222298036353729
0.0271316116402533
0.016858905779619
0.0182600671902084
0.0205946162191498
0.021863191619652
0.0236101922508067
0.0276094558011396
