0.0111902695358476
0.0144119033203946
0.0138100848470184
0.0147432041404619
0.0168092753980454
0.0167114401405687
0.0146321911517041
0.0134932905305003
0.0148210368420135
0.0168547909987322
0.016449021594028
0.019454654704409
0.013763749257578
0.0147331895248736
0.0183293800975507
0.0166114654390212
0.0201092875682732
0.0219217671235657
0.0148880170195823
0.0183533936381774
0.0169759258684243
0.0200188031179465
0.0200578749127715
0.0216228514567518
0.0182959833216333
0.0165819763548468
0.0171376687186777
0.0198423274227731
0.0194146726669867
0.0224138580954314
0.0164914982410556
0.0166677684999752
0.018768120175133
0.0190504913716876
0.0208477263696392
0.0233316571805804
0.0166240093973581
0.0182929703847205
0.0183587461241825
0.020513897822939
0.0220025641875574
0.0242962137114939
0.0180541199543377
0.0178497836677779
0.0195160025716513
0.0215945515445062
0.0229070599231941
0.026658402997009
0.006236427262961
0.00908339750786082
0.0066039003969874
0.00956791280654409
0.00885133046778696
0.00973038057544382
0.00935159813164717
0.00699543517822904
0.00775767940855532
0.00922046791360592
0.00915307287144377
0.0105865462716876
0.00708985814286789
0.00789407145385505
0.011168935946007
0.00912182390821568
0.011757022596547
0.0132155734322709
0.00824660982126745
0.0115341522194428
0.00979724223734821
0.0124577838743979
0.0135962139110166
0.0136557280445943
0.0117963020996594
0.0102109079180649
0.00853763413568864
0.0140225858423687
0.0102677678964616
0.0136959618815853
0.0106491319883711
0.0089971005732247
0.0102874851457488
0.0113589094980694
0.0123558619164634
0.0140395431411124
0.00920786802483812
0.00988724995903142
0.011314833889058
0.0121877567329503
0.0135490233595032
0.016512228116185
0.00987064560821162
0.0107521956790339
0.0122482865026625
0.0128408274624491
0.0138788851834511
0.0163880485634675
