0.0161456607358952
0.024676189660289
0.0199241663614231
0.020363047865018
0.0281997892118394
0.0235947863108397
0.0254514482419737
0.0195780831315767
0.0209790128859
0.0288883538158325
0.024191747509218
0.0334850655322204
0.0201702024657629
0.0212389994026953
0.0260226708034992
0.024730464177456
0.0290103429476795
0.0323420103522063
0.0217458943957055
0.0260559472159759
0.0249064144908922
0.0291900671716227
0.0288192023306457
0.0318373765502102
0.0273661460794619
0.0257832898170477
0.025877310529116
0.0303496221335567
0.0296749015223625
0.0341076940460993
0.027017258034158
0.0267287440399849
0.0281852159660047
0.0310905308149407
0.0335641536568292
0.037925129168595
0.0268591967841341
0.0276425185429665
0.0283123082088224
0.0333069501638269
0.0344341781908259
0.0403029296737987
0.0279430481711745
0.0275368494724012
0.0299293039737099
0.034123412217224
0.0351534365332051
0.0416903983018154
0.008411130437793
0.00880164598853719
0.00900927410595907
0.0106110532600031
0.00955737376788753
0.0123044856701392
0.00921865461541509
0.00933449524085342
0.00913408837733005
0.0100400747753091
0.0108922306780203
0.0116053978419791
0.00975822055372157
0.0098765324644847
0.0122267426897159
0.0117670533424938
0.0138289789053549
0.0152993247033431
0.0109774913925937
0.0128725912804462
0.0116839304649666
0.0143624897372462
0.0150919172035952
0.0165220249451904
0.014032073245969
0.012003996644746
0.00900057908546119
0.0165079637604602
0.0125341756790507
0.0168785857970127
0.0128430542699641
0.00939992409641345
0.0113912879419868
0.0131966754462526
0.0139672635463306
0.0169164987676124
0.00932746613822009
0.0113582773132084
0.0136267161453105
0.0137071427775399
0.0166953419194591
0.0192607727690231
0.0115404716439905
0.013147175878241
0.0135597244489955
0.0163953917712177
0.016328999661893
0.01904115779672
