0.0283459474930964
0.0350608555106138
0.0298969268926382
0.0344781341243719
0.0409574842159381
0.0398408352112978
0.0378245237000907
0.0307279031001382
0.0319356322379767
0.0438229452186235
0.0380549348810994
0.0509164269294845
0.0319229299742204
0.0324537304715512
0.0334971578301341
0.0390027760982777
0.0394353727295729
0.0450754718029271
0.0341189179124435
0.0347283773422913
0.0309828454386599
0.0411394270585047
0.0379743058184287
0.0434568133463887
0.0371131011378897
0.0322609585567775
0.0294405237960882
0.0403011955274471
0.0368652870043872
0.0439454502417237
0.0348788096248395
0.0309257135296507
0.0312427440738453
0.039437303446486
0.0381576659220045
0.0466119873355342
0.0317442566524114
0.0309714707986195
0.0298523455973546
0.0384230115285605
0.0378334904710504
0.0449193258989411
0.0319670755421769
0.0297977327152838
0.0289181549653679
0.0383685744470781
0.0364899448928158
0.0447164234641094
0.0223607380587197
0.0231625155983382
0.0229090502067184
0.027434998129933
0.02751527298084
0.0314944139772238
0.0257226783362878
0.0237895532849131
0.0248631207252529
0.030502837548567
0.0294833367527848
0.0357038912541883
0.0246006507840674
0.0252760139606469
0.0254183720316
0.0301091178736061
0.0304868056066056
0.0344490965111581
0.0267072466005507
0.0268548254554864
0.0232384821023448
0.0322113258298262
0.0294045509929046
0.0341571386023097
0.0290642989785141
0.0244202645231031
0.0210906728943456
0.0315528624313398
0.0280571917347903
0.0344102243816274
0.0268368963046552
0.0227387752026634
0.0232460005095223
0.0307709200160635
0.028268037639349
0.0359030473402589
0.0234921084954959
0.0232977088565753
0.0223171748787516
0.0285579225303676
0.0283178835611909
0.0336036025138555
0.0239007532457193
0.0225581440945151
0.0216866584522248
0.0290744113257228
0.0282310680491821
0.0345224929530471
