0.0575531881722799
0.0798399785392401
0.0649986441341774
0.0705028198911233
0.0956209149213677
0.0835787986633982
0.0858212825264345
0.064989488438304
0.067382804648012
0.100550107293846
0.0791804461312153
0.112360462631729
0.0655315807211265
0.0671918890395287
0.069581589360195
0.079073899066008
0.0812888228240074
0.0912371235628063
0.0693009816604648
0.0696913926685547
0.063508751626678
0.0829609602734052
0.0771030914364631
0.0887525162114303
0.0729457671024599
0.0650586272432471
0.0589367880461572
0.0804544450768209
0.0746957728909353
0.0887679703342366
0.0692208776483443
0.0616877495992071
0.0608921517655844
0.0793903977184281
0.0757158976296592
0.0938837481665462
0.0647634479340391
0.0616890280044305
0.0596120395019371
0.0781235122220075
0.0761590050438679
0.0914612052240568
0.066397523485626
0.0607742169226319
0.0560636793263819
0.0802343491732853
0.0731043514154324
0.0918233609425403
0.0503212280235177
0.0609387732549107
0.0566039143471153
0.0625279707094584
0.0716690041029397
0.0728119495363128
0.0665233986742353
0.0568471950931099
0.0577233901532525
0.0762013972916662
0.0676643720278042
0.0839158435650941
0.0571385465816161
0.0572073393023212
0.0582299988473909
0.0673100540072379
0.0693525295801693
0.0773692633232468
0.0583456289812153
0.0584025045893323
0.0534465088569495
0.0702409048362738
0.0655310949127728
0.0761966494130483
0.0609992484305036
0.054861531853896
0.0486950121147824
0.0681876868921061
0.0625727677750089
0.0747182053385524
0.0580290300878978
0.0511294078997505
0.0501941759751134
0.0666629031845434
0.0616996813495277
0.0774388227192777
0.0539626433511297
0.0507517494743433
0.0506063061639692
0.0641689454772536
0.0635102302072811
0.0759385567240771
0.0547408914088309
0.0519995825084846
0.0472762170438831
0.0671737913470982
0.0621657681519114
0.0772025651238678
