0.0292132273005184
0.0419757334105743
0.0301423675704177
0.0351131408591426
0.0478414124913478
0.040342183319776
0.0449256958734695
0.0307165604304886
0.0316698831243419
0.0508984062411222
0.0371260001470556
0.0554091109455235
0.0317499159832767
0.032015522416985
0.0324461773909728
0.0379880079944212
0.0388833404750644
0.0437909691538553
0.0331363061136163
0.0328452471981762
0.0297253078012343
0.0397764822547097
0.0363450831119553
0.0427494173576889
0.0344483076922984
0.0305181908490267
0.0279642250327803
0.0377628851496897
0.0356347731516469
0.0420930926041394
0.0323944930697661
0.0289135136141825
0.0287607901325776
0.0374472132601644
0.0354361875519051
0.0442788214959457
0.0300008902465087
0.0288720735648648
0.0279762027705856
0.0361303448438853
0.0354264042070363
0.0424593095663584
0.0302307876742251
0.0282340510239713
0.0273061125846074
0.0364779618127224
0.0349981336198643
0.0430470113646084
0.0258704234966364
0.0273349181912882
0.0262971255290534
0.0308015462548219
0.0314849175529082
0.0349749513811689
0.0293923205940498
0.0269024774785843
0.0276176314503076
0.0337133210841373
0.0321514746806725
0.037647388704844
0.0279367801933534
0.0278911616688272
0.0281879084533984
0.0329245181156908
0.0340639283931976
0.0381255169090284
0.0288754765599904
0.0287673458047863
0.025479450510617
0.0349204560268546
0.0315565018426747
0.0373728765458384
0.0301712995342334
0.0262061926698028
0.0229303590627421
0.0329149386529172
0.0303289140112703
0.0363632779281154
0.0276499859007742
0.0238582757394911
0.0236158786340571
0.0320605241971779
0.0290780490391371
0.0373760386237518
0.0248627399787095
0.0238544660785639
0.0238432052170247
0.0297421462951967
0.0296012866863727
0.0354131381199023
0.0251276761006552
0.0241567885397267
0.0224940604772168
0.0307692692517958
0.0292503058401787
0.0357998757618786
