0.0165832113051363
0.0224944027132209
0.0191231036629252
0.0207251147812188
0.0266726824998766
0.0244428758345598
0.023488344370494
0.019153471284886
0.0211737143100004
0.0274876358995678
0.0245603404540026
0.032615820404624
0.0199098407550091
0.0208886807539734
0.0237504833450818
0.0247636287586933
0.0266099988563858
0.0304478532362885
0.020889104002666
0.0229551573696204
0.0214005257426328
0.0263513856395149
0.0254359061142193
0.0287076744434313
0.0234519965290913
0.0211429154773096
0.0203811155424348
0.0257135799576167
0.0243926506290895
0.02881071242457
0.0214273266652689
0.0201895318217466
0.0208968352235223
0.0244040191782109
0.0248112779100454
0.0290153123448165
0.0205479440743295
0.0207685831764637
0.0204718373200231
0.0248749136620682
0.0251552957671005
0.0289588594301529
0.0211445112738337
0.0202398210528919
0.0208447387416712
0.025099711224811
0.025208200657253
0.0301483925811021
0.0112873734401527
0.0161630942873616
0.0116770274059123
0.0160572315573096
0.0156716994930021
0.0162410696728633
0.016720746541805
0.011881985652622
0.0112430940408019
0.0164558381284785
0.0138517137228706
0.016177508258428
0.0126361006225168
0.0122726782059299
0.0158544912938337
0.0148644557472478
0.0178203583400293
0.0205185367528361
0.013001802525862
0.0155556724788154
0.0140520608046006
0.0180076500541603
0.0179018576955859
0.0206078539034227
0.0155185190960517
0.0138091790988796
0.0122427714018039
0.0177493003716266
0.014238526317527
0.0182982395817971
0.0141793006383774
0.0130310847753635
0.0128090343436286
0.0152906367248975
0.0156810122819847
0.0182765514762989
0.0126031593067523
0.0125563180515768
0.0150543912149009
0.0153508084851495
0.0173186888716727
0.0203184726142916
0.012624095039454
0.0149362735286344
0.0143251976288512
0.0166832712278801
0.018058257414571
0.02009551715343
