0.0297026891050238
0.0359560130544027
0.0308007470011322
0.0359264536022094
0.0422672923347585
0.0413640506305865
0.0389239739233193
0.0320124853884545
0.0335527561454467
0.0453941995645314
0.0400593896581747
0.0536773491500085
0.0330124475577956
0.0340465895249329
0.0349833340123709
0.0408979026485374
0.0410691578316325
0.0469957557795043
0.0356122117113575
0.0359088897205169
0.0320270593107278
0.0425838117331626
0.039209081346346
0.0451055114512443
0.0379342333986888
0.0330682352941754
0.0301102848711332
0.0411737462753372
0.0380090759269179
0.0451687271163092
0.0350659652567153
0.0313524707251679
0.0315039736933813
0.0402037314358639
0.0384745169468368
0.0473060889284562
0.0321951337475578
0.0316079386444908
0.0304420477810523
0.0389004851917853
0.0385992307042754
0.0454654542087885
0.0325536219383865
0.0304309336402484
0.0295900029751626
0.0390906238541469
0.0373770960312702
0.0459032262253409
0.0232016414791811
0.0257470357046808
0.0232653306227906
0.0288495275278767
0.0295321991369262
0.0324982446875177
0.0282633526600766
0.0245217688888869
0.0249688101365632
0.032642043321165
0.030144284048098
0.0377651281562441
0.0254668045057032
0.0258755951314781
0.0262821273081046
0.0312842670791672
0.030738515879115
0.0358850155190461
0.027163072387075
0.0272874671429292
0.0244567337174804
0.0321035752174492
0.030077740575179
0.0349202014063025
0.0293102473695216
0.0256718698020635
0.0215181806701366
0.0322636475167549
0.0287810948875683
0.0348839112016629
0.0275851760643871
0.0230683171886237
0.0235328169587627
0.0313083030364262
0.0284480157652206
0.0365726093734176
0.0237359828161741
0.0236884909924371
0.0233788315930583
0.0287252818345073
0.029204419883273
0.0342032574766001
0.0244819921086556
0.0234415490887042
0.0220639897225792
0.0296300636958132
0.0291460162637219
0.035360959462342
