0.0213450390893449
0.0355547441254214
0.0228881949496195
0.0275294984338689
0.0409047469476621
0.0320602106740877
0.0368871326100587
0.0227014997314496
0.0230649583209923
0.0420452049563266
0.0280735864113452
0.0488235025311733
0.0238112069361271
0.0231544244672822
0.0249089878731846
0.0288782610781577
0.0294547292954368
0.0348897246967403
0.0240456340655335
0.0248249439770474
0.0221672872577827
0.0297999417927948
0.0274275740176988
0.0321264913515995
0.0254818537372913
0.0225365753433894
0.0214789496810411
0.028005500984731
0.0262017480301219
0.0313991179975823
0.0234346611058378
0.0218046960533148
0.0232268836052427
0.0270225669604484
0.0272873345263813
0.0325532913436497
0.0225053921211872
0.0231738410845614
0.0233970745155388
0.0277174610098158
0.0292321110277264
0.0333276565481245
0.0239710819682343
0.0233489526229554
0.0234061449926494
0.0299042561412613
0.0290087954124866
0.0354117678056128
0.0147309968444407
0.0188623835652792
0.0138353803804703
0.0192311574491714
0.02114703630764
0.0218205072644049
0.0183833326268579
0.0146926617123918
0.0139129134363685
0.0210055428857645
0.0173658883805383
0.0229662851472817
0.0150829275458599
0.0144540341496925
0.0157059769523035
0.0178144706377562
0.0180134089332232
0.0213821026640579
0.015116476843484
0.0162681037161944
0.0141116830504228
0.01870882667789
0.0182194158539803
0.0201006278710409
0.016413201955151
0.0152093712911727
0.0134838913433807
0.0188584468815532
0.0169244978488807
0.0197047291146338
0.0159946769414047
0.0148483740190298
0.0155708264048454
0.0182062824443452
0.0188826338549771
0.021859654397941
0.0148405395787161
0.015665653128153
0.0158115979343928
0.0189356312925741
0.0192812407078185
0.0226612174625283
0.0163080453711068
0.016251563223169
0.0157991011783382
0.0200848667391346
0.0198783403745909
0.0235747921126046
