0.0209921786262094
0.0314260541969706
0.0226267696644356
0.0265260456938757
0.0362674730762241
0.0307480855425596
0.0340441198001128
0.023408377102819
0.025029504955849
0.0389378037009497
0.0294622555073435
0.0446569705706988
0.0243568792125152
0.0253203495146654
0.0275479609478965
0.0302148049802068
0.0316797773852364
0.0359685983210079
0.0261222671408162
0.0279575796487023
0.025246445440323
0.0324272984839474
0.0307741352734302
0.0349666711480203
0.0287929393010561
0.0255866255888231
0.0240143120961733
0.0315757749798009
0.0294311707845714
0.035010477592373
0.0270437728407381
0.0244414157008751
0.0255307123682787
0.030473348439115
0.0304977314773136
0.0364915856120341
0.0251323527894621
0.0255652761462006
0.0254213254363294
0.0309167716895706
0.0313480290782497
0.0366117735703765
0.0265548720570243
0.0253988037207055
0.025542278446732
0.0321411346863806
0.0312760710888727
0.0378100671741824
0.0156422172866845
0.0189644552795289
0.0156994911577976
0.0208182435544149
0.0211145404110371
0.0236261415633979
0.0202498626242938
0.0166498108959193
0.0167825330028047
0.0225420873795432
0.0199889113240254
0.0238339428230529
0.0172213114404451
0.0173909651077793
0.018668355693912
0.0208428459396847
0.0217709782448402
0.0245064491435051
0.018107061868816
0.0191961625856342
0.0168393233377676
0.0225109121461672
0.0217459752086482
0.0246868877143068
0.0202508308731406
0.0175756022313204
0.0157643382150174
0.0230892711792652
0.0193984650810745
0.0241243631590567
0.0189708917748045
0.0167088201312967
0.0168585804355083
0.020813074915554
0.0209475586685175
0.0251787639013088
0.0171637229201549
0.0171432024869648
0.0175281995621101
0.0213352952011177
0.0217644495235473
0.0262489736240244
0.0177668436265052
0.0178118503195525
0.0172748326112174
0.0226266763342588
0.0215972240450092
0.0265380564828632
