0.0129475462823688
0.0168314287852237
0.0146373651021622
0.0159821316411312
0.0198684721357351
0.0186344114186676
0.0172808415862439
0.0146019585373358
0.0160691193885624
0.0200071591536337
0.0186196162717328
0.0236982923659121
0.0149229688768013
0.0157964580557773
0.0183259654306162
0.0185054502142353
0.0208144219463288
0.0232401238439694
0.0161191403914498
0.0181965224028439
0.0170765194915266
0.0209152470798499
0.0201118545252526
0.0227428915800444
0.0185179139108603
0.0167580472316557
0.0164992621171054
0.0202406085548335
0.0193109895786105
0.0225552468541899
0.0168431208653743
0.0161731024861691
0.0174580272690634
0.0191238926641108
0.0202979688004466
0.0231503564221638
0.0164036577822941
0.0172648569527818
0.0170839068308299
0.0202725802731542
0.0210644826399236
0.0237072440512559
0.0174869808743515
0.0168496905670263
0.0174593125129745
0.0210357883802864
0.0209738475565512
0.0252194023433553
0.00850369692842097
0.00914123396033514
0.00826860307587443
0.0107213726510638
0.00866581117225182
0.0107828165056791
0.00749023866681769
0.0084145003955239
0.00904126130302854
0.00747930025065721
0.0109615561732307
0.00928130266191187
0.00913359145104571
0.00998285030809197
0.012749568373146
0.0115023599894979
0.014902546829343
0.015412781020864
0.0106523567853472
0.0125689978170517
0.0116251979262824
0.0153274807522693
0.0144501309898461
0.0170926286782513
0.0133149693191946
0.0116155815894166
0.00929904488885976
0.0149399540151516
0.0121518369997522
0.0154713339156651
0.0115309643024427
0.0100510245952305
0.0105928387454077
0.0123900664967972
0.0132195956332154
0.0155303840149793
0.00975526140219704
0.0107417995008358
0.0120042131429243
0.0127916054892057
0.0144273581536495
0.0166260142008854
0.0101702012479204
0.0119704478397565
0.0117868178532632
0.0136322584810406
0.0145741997528218
0.0159808089856364
