0.0110469501213322
0.0140101681978095
0.0139469926847436
0.0141312492035477
0.0167790966033685
0.0167106668174492
0.0142981751006446
0.013661665563668
0.0145121897253394
0.0168485282080458
0.0167317276877608
0.019602638948055
0.0140377837461381
0.0146164752201997
0.0172351873446486
0.0170070527646846
0.0193776733036975
0.0215323672048416
0.0151067453681344
0.0174293994447718
0.0160696215188927
0.0196580647361943
0.0192001592930362
0.0213568675839659
0.0175699531521387
0.0157673898085249
0.0161739472622957
0.0192297360980041
0.0185127722885556
0.0218385704686455
0.0157165378878229
0.015682980723424
0.0170227348359721
0.0182159197680947
0.0194094781610766
0.0220327955661659
0.015728904724172
0.0168661427439472
0.016923293862197
0.019232705826431
0.0205718567201861
0.0229383293593239
0.0169310646837077
0.0166625802404289
0.0179177313343693
0.020475251208145
0.0210887047627655
0.0249625577607084
0.00756742942453795
0.00812832938106538
0.00740863561922531
0.00932136253925578
0.00836639246471399
0.0101267007046912
0.00829354157194422
0.00815731604611393
0.0080744284664623
0.00899075814600284
0.00997402340352794
0.0101472103576529
0.00903220475011797
0.00863064603324847
0.0111622664940559
0.0108548046880045
0.0128757941834507
0.0144558403773483
0.00970302825564649
0.0119896523436113
0.00965846843662614
0.0146635823471607
0.0130562591716992
0.0151816845658906
0.0133305544225232
0.0101215405306116
0.00822902208511398
0.0147266876509351
0.0101968165788538
0.0148460838495127
0.0105998284124817
0.00877205788231272
0.00968466774353049
0.0111996979487424
0.0117053020375319
0.0140701485044913
0.00884447771790142
0.00958000958365981
0.0109452766838124
0.0117172430167828
0.0132350892501694
0.0157070330860718
0.00948431658617987
0.0105483045414156
0.0116253174050153
0.0127052236411481
0.0135850632146802
0.0157219543814775
