0.0162857349670184
0.0239844919918672
0.0177697617297434
0.0207308189744968
0.0274153005329863
0.0238304884183238
0.0252352514160893
0.0180623510214282
0.0193685311960222
0.0285278173601451
0.0230086962326333
0.033624325222734
0.0185058243712735
0.0194597556065191
0.0221447015290736
0.0232229457838887
0.0251017323689973
0.0287443500973938
0.0199956403966119
0.0220992882872147
0.0202979065473779
0.0256346630891433
0.0246681981668542
0.0278986048505493
0.0224758576953364
0.0203183042484935
0.0195981974306247
0.024949741511471
0.0233474278447226
0.0276459426588387
0.0205448379046043
0.0195823184012169
0.0202843646975422
0.0234523438656796
0.0240055287165614
0.027885635705322
0.0199424779744799
0.0202784607975236
0.0202916815090388
0.0241512408584985
0.024816036526791
0.0286247552966746
0.0207570818593895
0.0199417196426537
0.020500340667177
0.024914281406318
0.0248061237235214
0.0298648931165556
0.0111805924986744
0.0141923675938121
0.0113707436231716
0.0155010026912363
0.015205790963504
0.0163331464978125
0.014163111186617
0.0117513650819907
0.0114327518012782
0.0152458040685007
0.0142241815967752
0.0167744882754142
0.0119757411354399
0.0118032698457092
0.0140653484462856
0.0144247756922431
0.0167027948819395
0.0188470418714904
0.0123416801068806
0.0143822805501459
0.0126560376294619
0.0171856113274839
0.0162210210141893
0.0188987166623009
0.0143697260934478
0.0132649285108387
0.0118276469617214
0.0164891625577823
0.0142588988242074
0.0169540035016562
0.013162016650562
0.0124048394287743
0.0130794980157691
0.0145785655492507
0.0162904894629926
0.0181259208915524
0.0122470106232673
0.0126935331629194
0.0135732904623528
0.0156842880780864
0.0160201428671814
0.0198342269808157
0.0131397693497326
0.0136359819039157
0.013823297226258
0.0161580218270955
0.0167481514008436
0.0197182958236758
