0.0400500056009487
0.0550913535703536
0.0414685511688812
0.0475728369286251
0.0633091399911853
0.0545973555618525
0.0607843715850901
0.0430526427592391
0.0425908755742278
0.0687086841356629
0.0497207855717121
0.0738507393760974
0.0458280111994728
0.044172565834729
0.0434950990696358
0.0521032626000183
0.0519048016550422
0.058073334878012
0.0478864242043098
0.0457560834137491
0.0416511485744541
0.0553956332312911
0.0503009757139904
0.0590507519928247
0.0518890869723093
0.0454984319931961
0.0387865078891705
0.0561981113405611
0.0520336208422794
0.0615932068302951
0.0524794485620775
0.0425397029135002
0.0415313642015847
0.0588154986337642
0.0528191990568147
0.0700108067321724
0.0455679004718176
0.0422331198682553
0.0410457954381863
0.0550563770654918
0.051668155624738
0.0640486654119548
0.045731148819646
0.0417464154416896
0.0393639044951627
0.0546095633883161
0.0502692083826397
0.0622652030114611
0.0343102351835129
0.0357139462394896
0.0340728691330469
0.0407166334780173
0.0406571135827405
0.0459677505820605
0.0402064536162253
0.0358181645347561
0.0364603910036666
0.0454167204665781
0.0416613069453249
0.0503565833496521
0.0380159250540433
0.0378637472688366
0.0360478974319616
0.0437227362522926
0.0441284789069823
0.0485490833929294
0.0406823421073838
0.0381095611933487
0.0336434091406099
0.047151739733874
0.0424183961200706
0.0511310794520843
0.0434453714812081
0.0371404080768568
0.030658036730638
0.0477745081708101
0.042870040752682
0.051846582559598
0.0433877220705492
0.034006778902301
0.032404743658805
0.0494410423559042
0.0417711637823304
0.0573902271827005
0.0363281452171223
0.0334018142837879
0.0335040688401614
0.0439486192162345
0.0412696751432203
0.0517221656346793
0.0362256517184326
0.034402323222622
0.032411515818615
0.0442181234576738
0.0420217678188938
0.0515667648912837
