0.021023915351803
0.0224890035083454
0.0217359298179468
0.0258576037784971
0.0268725190813284
0.0302258007169992
0.023556058523375
0.0220957738385437
0.0229529108712429
0.0279720059218492
0.0277253925018151
0.0334400667415166
0.0225984247652524
0.0229626963098971
0.0235026758269142
0.0280059687820447
0.0286158333153618
0.0330893113707113
0.0239071054889583
0.0234857791900483
0.0218780451059342
0.0292554986262083
0.0269449048090064
0.0324398916379595
0.0244880228877021
0.0220652068550569
0.0200238854619276
0.0276386228534142
0.0261193741658626
0.0312104851245234
0.0232331777809113
0.0204646287522778
0.020523389808447
0.0271510474190938
0.0259791677225436
0.0328181777632474
0.0212675600664643
0.0204813193638249
0.0197104844444409
0.0263606885283957
0.0256317213054998
0.0313872351008314
0.0213187373696425
0.0198273836575411
0.0196426053451561
0.0261903768198903
0.0253924451980641
0.0315591813115232
0.0180707190321296
0.0193590958095972
0.0185509272674762
0.0221082188980759
0.0230866249142219
0.0255304488119667
0.0201174266939993
0.0187727822635294
0.0197980129365678
0.0238876984473213
0.023163058116994
0.0281930267700762
0.0191243119793294
0.0197381426907381
0.0206315885233776
0.0234115497752491
0.0253138867020517
0.0282272117941165
0.020445781002775
0.0206627720544929
0.0185262001899207
0.0257634725788498
0.0232613620031751
0.0281265143936414
0.0214419550189581
0.0186351757647469
0.0160067261117088
0.023831740848528
0.0219890681996541
0.0262118298418799
0.0194972624943154
0.0164333071692847
0.0166323657060203
0.0229190916447619
0.0208010514789097
0.0274907160889393
0.0171112646276486
0.0166470813712731
0.016284241421206
0.0210367211382648
0.0210206036978537
0.0252233712006482
0.0173655147452395
0.0163218645122047
0.0158296752765965
0.0214426825887674
0.0205869368673252
0.025744601772487
