0.0179006279549972
0.019014035411905
0.0192740750526797
0.021985340094842
0.0236167275689995
0.0261951539812417
0.0201040695203645
0.0193115868206166
0.0202289453004066
0.0243008171395703
0.0242461836987676
0.0287838769132586
0.0200321653744577
0.0201371699184749
0.0209054084739028
0.0246352036664389
0.0251567843315036
0.0293207912149649
0.021041840330033
0.0208119811420492
0.0192036527656442
0.0255007749410975
0.0236055580312683
0.0281885343179312
0.0214570048406772
0.01884388520788
0.0176545468608298
0.0239174599916282
0.0223402499620979
0.0270693155726054
0.0198311516756118
0.0178764922092348
0.0183867486474496
0.0229893726904846
0.0227182221106302
0.0278318287410679
0.0188569590604134
0.0186769792253286
0.0184818087283128
0.0234552479134337
0.0236193105913332
0.0282710869114279
0.0195502083778622
0.018442895509338
0.018579602799982
0.0241418314147884
0.0234669295971283
0.0291744959049244
0.0148702097449637
0.0156837703510178
0.0152684048703778
0.0182496778252622
0.0190186701960667
0.0205586198780906
0.0168305062990765
0.0155206822734376
0.0157163959014956
0.0200017852762678
0.0186022657630365
0.0223611397541397
0.0160866363185278
0.0156062089231423
0.0168334845548266
0.0190130170661169
0.0204918296447107
0.0230855176912859
0.0160862240575869
0.0167630157829664
0.0150839874195724
0.0202348650661032
0.0192785643397282
0.0224243092465281
0.0170144695850307
0.0150301182402485
0.0128466423520554
0.0193990923381733
0.0166130527578399
0.0212236858567422
0.0155957875766455
0.0133672714326236
0.0135353791325321
0.0174025516574359
0.0166807962480523
0.0207312456453714
0.0139417648639166
0.0138004626612173
0.0142326302984871
0.0170593959870612
0.0181122685485986
0.0215137883116496
0.0144214339573307
0.0143060463901805
0.0138632694123364
0.0187255764000173
0.017415498612631
0.0219320829664623
