0.0245359024800675
0.025437535351081
0.0244410292505621
0.0300216243522134
0.0306252741744604
0.0350364136524493
0.0269330113788164
0.0248485594867351
0.025855808560368
0.0319558599864614
0.0314028896266236
0.0380326329055681
0.0261370100288704
0.026323219796124
0.0259016892463783
0.0323882765841909
0.0324604789256003
0.0379438305985784
0.0274803261063379
0.0262889803240392
0.0242969590852326
0.0333460629157778
0.0300485673171137
0.0368447672176953
0.0278912045051651
0.0247848820953752
0.0225281303068513
0.0312504683476883
0.029699441075065
0.0356932548746928
0.0266479003766379
0.0234042497385584
0.0228975833582017
0.0313749404277058
0.0295725155498271
0.037724757009077
0.0250440555074318
0.0234381398350702
0.0229933607491529
0.0307852383616064
0.0299165510770955
0.0370122832079771
0.0246200192314143
0.0231025870794087
0.0228284048601623
0.0306686438501002
0.0293676067010467
0.0368129919540307
0.0220178949591648
0.0220259536069455
0.0208180522428746
0.0270326025517408
0.0257486322662288
0.029753539022698
0.0235281851270333
0.021216616355711
0.0219980657460053
0.0273141004343906
0.0262104672994987
0.0321186470433251
0.0222565772950154
0.0224704201590242
0.0216705594499481
0.0271074427058606
0.0280196562840635
0.0319707196721691
0.0236188851058933
0.0220218377013187
0.0206964465907699
0.0290070484620507
0.0253116387462363
0.032079994072687
0.0233565281423199
0.0211042346085338
0.018379095734421
0.0265531930098993
0.0249941451938569
0.0297838859438235
0.0227238811351847
0.0192584019602441
0.0184500441983258
0.0268360575816323
0.0235775226455563
0.0311887910167939
0.0204161847160167
0.0189671276291406
0.0190450997807764
0.0244122928378295
0.0244801908336269
0.0298046330790483
0.0199728121331162
0.019177131868597
0.0189753600267808
0.0251914160546196
0.024291105719529
0.0301894064280129
