0.0100551496250667
0.010999622076792
0.0106874273360384
0.0127080473083915
0.0134009429337619
0.0150210182999274
0.0110033986563927
0.0103511670079114
0.0113000269983805
0.0130635988889462
0.0135614863721481
0.0163695208656343
0.010561785945409
0.0109769482158272
0.0127392278106561
0.0133371675897436
0.0149378375792758
0.0172757973062726
0.0111884176117456
0.012419780435933
0.011865952349173
0.0147685416806267
0.0143527253133752
0.0166251475383634
0.0123777384358075
0.0112078214790356
0.0114231644104984
0.0138279835423682
0.0135594874717951
0.0160750122740942
0.0109459160587228
0.0105125238406738
0.0111133393483551
0.012656095428135
0.0138114348089475
0.0158817588495701
0.0105482504716691
0.0105816246257684
0.0112389820722198
0.013245406609387
0.0137607215055462
0.0165265282078078
0.0107116267077135
0.0107242996331807
0.012236866853283
0.0134871850406527
0.0144698292830789
0.0173107426572702
0.00541554577300743
0.0055333293030682
0.00493734052812441
0.00673419278103968
0.00691595143441739
0.00871391845820561
0.00562697237153062
0.00501936926956973
0.00523414331192725
0.0070053163586703
0.00644339400649118
0.00883168570220411
0.00506692908974988
0.00552589640544415
0.00665108849530043
0.00689457282324589
0.0078611610072123
0.00902298967040701
0.00593179107841699
0.00681434494835604
0.00606375851920698
0.00807913754202806
0.00834620082700553
0.0096494887615761
0.00688974087131131
0.00607802185362888
0.00429760361351455
0.00849958233788912
0.00624923007878556
0.00852580964248627
0.00592199518956162
0.00439267049325461
0.00542502342494324
0.00616575761166035
0.00669112505974186
0.00834439134207544
0.00451309317993702
0.00531685541095036
0.0061050481451872
0.00667443374571989
0.00740234517669928
0.00913509616069829
0.00534238133492687
0.005842768330664
0.00621478729620287
0.00725398884488114
0.00747527274727032
0.00871476020557717
