0.0115790026872025
0.0125039191032654
0.0127967690119949
0.0144491626760359
0.0154405769923994
0.0172434499785573
0.0127666661375276
0.0123998449806091
0.013501786725951
0.015372554269563
0.0161249162932746
0.0188945653134157
0.0124426808829693
0.0130885572810429
0.0142361306002157
0.0158460702745678
0.0170813369396518
0.0197309074342678
0.0133304367180663
0.0141330804351326
0.0128993253073858
0.0170919462524478
0.0157873398289654
0.0186904655038478
0.0144911428511636
0.0126418009752294
0.012120185661301
0.0158513322894743
0.0150650818831188
0.0179930693095147
0.0128772328785196
0.01187941289043
0.0126698092428635
0.0150023300067141
0.0153199172831644
0.0183512569199879
0.0121355808999729
0.0124379662205008
0.0129009121558769
0.0151946285373204
0.0161950932069405
0.0188792004742064
0.0126775573428383
0.0124672348405471
0.0134565910967441
0.0159098752233778
0.0163873136175516
0.0197791818053586
0.00759399603106368
0.00858864008482679
0.00813649107677644
0.0103513769486872
0.0100928882559757
0.01186745785793
0.00869120700447545
0.00782396921071591
0.00813316684695373
0.010266936175989
0.0102491762620183
0.0124536291288581
0.00773941273486165
0.0080973064802481
0.00873079229177989
0.0101387097081959
0.0103575520953437
0.0123911106619952
0.00800866296383352
0.00882365334119421
0.00829725362398677
0.0104613037883216
0.0102911493707178
0.0120451918193967
0.00883584778454613
0.00820689753646659
0.00732290023040346
0.0102412386077972
0.00941142824454177
0.0108470970254251
0.00814799199171484
0.00741106175684498
0.00819128144640806
0.00960036508748839
0.00983137562154228
0.0122402112100505
0.00740563310373911
0.008087715091684
0.00857242063876172
0.00959591463922675
0.010885164848843
0.0126303542073135
0.0079969837721277
0.00844258258664889
0.00867725835584475
0.0103891914617756
0.0106841944334874
0.0127153301866023
