0.0181229534428939
0.0190990536870772
0.0189272791729287
0.0224270007017681
0.023404803158097
0.0266137562931221
0.0199252673025925
0.018995848316109
0.019894617428003
0.0240519288431005
0.0240389129397228
0.0288540183183624
0.0194004735198164
0.0198805211642819
0.0202492103945695
0.0242767830828629
0.0249210093524127
0.0290604095410701
0.0205349160204153
0.0200822194102242
0.0182440695171079
0.0251104772655937
0.0227536926570276
0.0275225227270746
0.0208235270846256
0.0182449700352188
0.0169301211774831
0.0232175055964689
0.0217059764846053
0.0263186781095466
0.0192879451216599
0.0171684519767188
0.0176080400871375
0.0224526737505238
0.0219783728410641
0.027398621556517
0.0178953391212603
0.0175509061852963
0.0175352712995094
0.0222442577650304
0.0224965353039055
0.0272053501317329
0.0182724210111577
0.0174866013160146
0.0181070055091752
0.0228129980868196
0.0226103712818065
0.0278006087674275
0.0148815384351093
0.0156917229129582
0.0148231446072326
0.0185281946611216
0.0185017785921763
0.0213202425215719
0.0161567482291295
0.0147303275643436
0.0155178708343209
0.0189239365402891
0.018093145635113
0.0224661915621858
0.0151438673106363
0.0153563232542463
0.016082273516646
0.0182888638527748
0.019807162171939
0.0225629447894721
0.0157544186965836
0.0159080860379851
0.0146817534272783
0.0197111021193817
0.0181298827393269
0.0215401708600599
0.0160304336419819
0.0147536533646441
0.013447927763649
0.0182805423568851
0.0173402707629108
0.0203304306102653
0.0153976496734213
0.0134349249169098
0.0136438293199863
0.0178502486521123
0.0166017199283135
0.0209183743814076
0.0138736547100613
0.0136502498364684
0.0136675454537705
0.0165432490420315
0.0176554987778243
0.0206206697235632
0.0140828492584361
0.0138515137261065
0.0140397412917402
0.0180497336067091
0.0175573044068444
0.0218372955626647
