0.017801975509251
0.0185032771421387
0.0181810625771396
0.0217875618617637
0.0225101048142873
0.0257068494259914
0.0192899836776724
0.0183661780907386
0.0190718804389095
0.0232219162735106
0.02288077132408
0.027633358955908
0.0189511202214399
0.0191137950441053
0.0194602889800732
0.0232466980857663
0.0237614741857709
0.027598445614399
0.019711711441299
0.0194053617581337
0.0178395311368774
0.0240483907868291
0.0220051947651375
0.0265173653340354
0.0200665835523165
0.0177861228718811
0.016627447700385
0.022376307881997
0.0215180618701255
0.0257820816682547
0.0188295063671742
0.016904732186094
0.0169200839699579
0.0222696883019668
0.0213539291823712
0.0268552614737469
0.0177968201431325
0.0171231696589667
0.0169600301911778
0.0220315654868262
0.0218378456832052
0.0266337598456042
0.0178558843318582
0.0169079547380461
0.0171772932481139
0.0222090201343422
0.0216592993241084
0.0269864527600987
0.0150661164875067
0.0154275676155798
0.0146339039019179
0.0184600208497251
0.0182876620910299
0.0208019643687383
0.0161390881143473
0.0148018301345372
0.0156662617226748
0.0191411794266151
0.0180570345657086
0.0221392466586914
0.0153080952115879
0.0157039064168318
0.0158084893218481
0.0184498112250245
0.0196404541651576
0.0222710085990934
0.0161363681410103
0.0157369475465122
0.0147614356021216
0.0197087179034804
0.0181481688769026
0.0220842746568564
0.0162522177898408
0.014543733335808
0.0133175765229723
0.0184369753901672
0.0173657947129857
0.020893900839264
0.0152045029202231
0.0136199912600086
0.0134307687223576
0.0181382674365493
0.0168192963760864
0.0213235540968656
0.0143349836398894
0.0137370102420483
0.0134724663562754
0.0173149447285995
0.0174120125195717
0.020963660755919
0.0141562720657933
0.0135491626969785
0.0135551888647058
0.0177197990997134
0.0169356775721224
0.0210934528274634
