0.0147792519294782
0.0157555224964904
0.0154810948045122
0.0187867213397524
0.0193996513101394
0.0219552022223234
0.0163195300305927
0.0153949186505719
0.016431357103837
0.0198292480006372
0.0200616584411916
0.0241520067465848
0.015851193921746
0.016353214310045
0.0166868997605947
0.0202842143770856
0.0206400086410932
0.0241835820998034
0.0167079916311253
0.0166600594542924
0.0151457300246984
0.0208202706602546
0.0189429324026859
0.022900642387843
0.0173249804913821
0.0152000049497842
0.0141044252696431
0.0194038887676758
0.0181140486626572
0.022204927019486
0.0158506151854899
0.0141170379407992
0.0147674230399848
0.0185274431288946
0.0183256838468828
0.0228779963939551
0.0146403650676836
0.0145865907950696
0.0146665445474304
0.0184451068224843
0.0187505591454489
0.0224807117915395
0.0148929285297689
0.0144979922968787
0.0150763127542531
0.0187705587633121
0.0189234960901845
0.0231786215119821
0.0114893505293095
0.0116224485014918
0.0111536797174442
0.0146879009650843
0.0144964396985223
0.0173388649143173
0.0121496899988909
0.0111523622346313
0.0119125898077581
0.0148924453591505
0.014453424631432
0.0179563786977533
0.0116047881405084
0.0119058421257741
0.0114133371859752
0.0148458412353006
0.0148399687101558
0.0174871306609778
0.0121185358988188
0.0115089992747793
0.0107253571210586
0.0150607000578352
0.0133844574440477
0.0167412503192503
0.0120544459873563
0.0107403038301593
0.00933875798893488
0.0138095641779582
0.0126594313109751
0.0157637380710021
0.0111842728745307
0.00953065698255613
0.0100498303504667
0.0130972922183926
0.0123260496064457
0.0161241898572938
0.00983314343210653
0.00998468711188028
0.0103639398312355
0.0123038035168029
0.0130816749883125
0.0156416245691318
0.010229270353924
0.0102838366108469
0.0102206048400301
0.013136245001394
0.0128615838835329
0.0156266732276555
