0.0107584495947284
0.011522248797495
0.0117110933881333
0.0136304910803769
0.0142376532126313
0.0162084362189419
0.011635533966677
0.0113312602104961
0.0123479775335089
0.014129184924
0.0147028757647414
0.0174821514475837
0.0114379624575124
0.0120098650653758
0.0131369632193052
0.0145876625176319
0.0157025481531876
0.0181440525478429
0.0122662567211321
0.0129432182655335
0.0117097816189718
0.015690415521261
0.014563024669358
0.0172237778027612
0.0129520660579724
0.011210373533454
0.0109850024475846
0.0142756649978499
0.0135243537315158
0.0163654415482706
0.011340080132459
0.0107084327584545
0.0116378447998947
0.0133272905458521
0.0136676908301942
0.0163222488106237
0.0109999651080969
0.0113026410221758
0.0114028674266303
0.0135923357971265
0.0145198203839628
0.0167849505745204
0.0114186972148671
0.0110999937355576
0.0121857081877318
0.0143728186683861
0.0146370111946859
0.0179915421116374
0.00769878251749971
0.00799160676543856
0.00731044945287703
0.00996595605294885
0.0095273165187543
0.0114674247626663
0.0080021606513552
0.0072476762713979
0.00804745209781467
0.00969651431510529
0.00948839196580637
0.0120642817030073
0.00728597682184073
0.00798122261676417
0.0086656073517176
0.00971355756954093
0.0103136940830563
0.0121300817786078
0.00810070768171157
0.00855913104166537
0.0076483229539075
0.0103966871073414
0.0101644576867501
0.0117635113118681
0.00854369716807271
0.00751035168671266
0.00669506327538061
0.00979734438041105
0.00867705910120616
0.0107093745132625
0.0075224778586844
0.00676116543589085
0.00751732583055289
0.00866968086529553
0.00896922446620162
0.0108742054404938
0.006835646469461
0.00748559386249885
0.00780877228400905
0.00891835323365619
0.0101292224046267
0.0116496346389788
0.00749922624202621
0.00758102362498045
0.00792144408963022
0.00986427792581201
0.00960444601169867
0.0120177968914757
