0.0104563728107285
0.0111323209704318
0.0109895216214224
0.0131056643890698
0.013606331300841
0.0155756734345341
0.0114478448082793
0.0109048664214464
0.0117127380631017
0.0137231838663513
0.0140584900394356
0.0167545486757336
0.0110684075873201
0.0114726033169087
0.0132706143518229
0.0139839887401597
0.015518113501997
0.0180288119760479
0.0116290069764946
0.0129340098097649
0.0122049502004264
0.01523426600556
0.0146798905968691
0.0168772804388529
0.0129772271514569
0.0116148831661046
0.01120082008
0.0142338433986439
0.0137719644864394
0.0162502832134746
0.0116874380545708
0.0108265105258581
0.0115345600772613
0.0134244430660805
0.0141950034204604
0.0167255357370364
0.0109334184422907
0.0110956394208902
0.0118702609337881
0.0137712794945881
0.0145889995479066
0.0172198289740194
0.0114166286902642
0.0114133341953357
0.0126513029159587
0.0144675747394354
0.015283853227456
0.0183852516833342
0.0065834244364479
0.00676717079000736
0.00631976154879911
0.00862112267411012
0.00820669433550217
0.0104037198808424
0.0068797497958351
0.00633560205420874
0.00650052034533025
0.00827028110087193
0.00818514864813353
0.0102742087610248
0.00624681385361237
0.00649119361184332
0.00762445976433969
0.0082287519415555
0.00927354101128298
0.0110752914065111
0.00659412142576822
0.0077438813479085
0.00705715795997245
0.00924226647743704
0.0094702517368292
0.0108348009284548
0.00784798390351172
0.0071492211181124
0.00599081657154909
0.00937451849350782
0.00763283500081212
0.00980185162778242
0.00736458548637355
0.006085721719593
0.0066614403669493
0.00791707019978278
0.00833538372434871
0.0102255507675356
0.00599757131455703
0.00657854438643355
0.00728064522956986
0.00812006180968581
0.009036074106179
0.0109989020133204
0.00659300142613064
0.00708928655290081
0.00751022784922905
0.00888820628543601
0.00933273876846851
0.0109996194787234
