0.0119120032785283
0.0128366772387082
0.0128303363378043
0.0151098166181724
0.0156887653062441
0.0177423296062917
0.0131590081760979
0.0128236365086465
0.0136315356270734
0.0159587966617609
0.0165786648108973
0.0196059215356322
0.0131278141633194
0.0132872561344743
0.0143989081242954
0.0165928413455238
0.0171845997034859
0.0201549979762983
0.0134087417524212
0.0140749166867418
0.012665519790328
0.0170036782317464
0.0157969346908915
0.0185814080014863
0.0142038455577396
0.0123829357823536
0.0117537185550886
0.0156352046135176
0.0147161973195862
0.0177791916430767
0.0127060241338343
0.011611978411507
0.0126806596391919
0.0146800117366526
0.0153202962901826
0.0183540128247478
0.0118298942967186
0.0123382480934693
0.0126507621307165
0.0150320138121414
0.015849866998001
0.0184148712490806
0.012685686127929
0.0124241841862823
0.0132311395623533
0.0159293667804753
0.0162549312844205
0.0197878096474712
0.00879164793183947
0.00940663012396546
0.0089815425995274
0.0115173572847008
0.0116817334036553
0.0138639348427929
0.00954176650408805
0.00878066007070063
0.0090619881352957
0.0117230561752793
0.0111471478428882
0.01406523194409
0.00891794206184086
0.00878869139182275
0.00970026268709985
0.0113692092690557
0.0117690466972722
0.0139369717767967
0.00868874428004424
0.00985127037376914
0.00901572409950342
0.0118167885990775
0.0113416799843039
0.0131370530213887
0.0096692193314998
0.00868210412776488
0.00749810287188109
0.0109860122567605
0.00998835731860702
0.0119146565839619
0.00882415615729271
0.00767116863240179
0.0084945469730883
0.0100610026580173
0.0100048239368905
0.0123620243416316
0.00766631856983175
0.00843905845954293
0.00889723113107811
0.00972762863552866
0.0111968970675394
0.012719476390769
0.00850592478566166
0.00879551643370449
0.00903102100488293
0.0111782397911185
0.0110147736114533
0.0135938909692849
