0.0107544098092276
0.0117952115962209
0.0117827424398455
0.0136719542648246
0.0143695056678011
0.016104202981724
0.0118933216486624
0.0114230029289118
0.0125123545313962
0.0142142698897653
0.0149869839417238
0.017678888001851
0.0116516086976316
0.0121910680733377
0.0138202822228968
0.0148597952587622
0.0162182295632589
0.0188375629490673
0.0123521453616292
0.0135661176161075
0.0126010385489518
0.0161303338689484
0.0153086919718379
0.0179007086642345
0.013638319475691
0.0121691109904916
0.0122481680337004
0.0150055903442907
0.0146799752838118
0.0173893008371474
0.012037319515792
0.011499770258383
0.0122905343401974
0.0139287011772671
0.0149233232760583
0.0174277479017382
0.0116069642095358
0.0118202956267287
0.012272802856802
0.0145725726245786
0.0152109502627739
0.0180018676650304
0.0120450991199537
0.0117798967450068
0.0129916034021564
0.0150927668576633
0.0156759582903591
0.0190191852737892
0.00698394540389365
0.00727006040137624
0.00691071019708948
0.00915444516082486
0.00906752730584914
0.0108377174881759
0.00728253031387128
0.00682116034681974
0.00738674591994976
0.00899409439372776
0.00900045918095462
0.0111741733541532
0.00674706205336508
0.00769216521555335
0.00850783087917154
0.0093670369313384
0.010164884383793
0.011882791629823
0.00770374552445853
0.00832798818293664
0.00741815089011138
0.0101197236344448
0.00988762216597872
0.0116431471304585
0.00857883157173769
0.00740483954943502
0.00635080085891738
0.00980826384467136
0.00840225034736709
0.0107840906581589
0.00723040210703501
0.00636762169448128
0.00706222991261674
0.00816582250960421
0.00880305833227481
0.0104972724426451
0.00643940144052267
0.00684028592264461
0.00715927219021929
0.00875844028444555
0.00909674902861097
0.0116418670636177
0.00666054905226796
0.00700575975221795
0.00741720514399839
0.00894894731754265
0.00898821149252627
0.0108955381111318
