0.0152237843553095
0.0157481806560353
0.0156291536478286
0.0184992553109175
0.0192596770248762
0.0219069751637587
0.016441171385599
0.0156648888792097
0.0166806986772047
0.0197633243222482
0.0199941459757599
0.0237658740291758
0.0160177533285899
0.0165641269020492
0.017249812254305
0.0202002843374155
0.0213808970831246
0.0246985422395012
0.0169606704281506
0.0170628203692246
0.0155323744222406
0.0213754662974124
0.0193422062866947
0.0234049587482333
0.0173395065755069
0.0152323363142489
0.0142919838389464
0.0192370824942456
0.018175489860563
0.022016365715626
0.0158687264590792
0.0143226306025407
0.0147921792343225
0.0185565306905322
0.0183772090005098
0.0226508434925252
0.0150668362159389
0.0148391304865434
0.0148981387250492
0.0188146156692694
0.019013574718724
0.0229795732429574
0.015614748245222
0.014929384458467
0.0152596290828297
0.0194633035404267
0.0194110285105694
0.0238014740711156
0.0126253256156875
0.0129862371853949
0.0120243792575792
0.0153588965338229
0.0154967554066204
0.0180492912486244
0.0132669736965509
0.0116998458359577
0.0127365466193151
0.0155466179882745
0.0148499827823248
0.0185682647630628
0.0117980978881669
0.0123158799578585
0.0133312793783688
0.0149605950949485
0.0166320810641778
0.0188154463587147
0.0126914141103029
0.0131773191659474
0.012385008693572
0.0167139177563693
0.0153249612223751
0.01849693678075
0.0132261918072009
0.012217688395008
0.010821352749788
0.0151266897471022
0.0140530368919564
0.0167779234896053
0.0125090601693391
0.0108494238718272
0.0111575939611722
0.0144717082855175
0.0137210105392991
0.0173489669917211
0.0111272239521854
0.0114072987851405
0.0116807888530726
0.0139310893197303
0.0150186644477707
0.017546177970935
0.0118143024697382
0.0118013289694295
0.0117332660074734
0.0153381363216613
0.0148309374123267
0.0183794786848458
