0.0238913926453443
0.0249450143537917
0.0243482835264056
0.0291665531946562
0.0296643686720611
0.0338565397863693
0.0265238306983597
0.0244842924141903
0.0250644981069719
0.0309299200826393
0.0302266953024338
0.0364977543780481
0.0252125817738695
0.0251812122408521
0.0266264003213161
0.0307747716904936
0.031436196689431
0.0362776641005007
0.0264854114984329
0.0267674239111463
0.0248902331945382
0.0322664102490077
0.0304499117026037
0.0355542649595762
0.0279980373498066
0.0252262212347881
0.0227314199286797
0.0316241307163767
0.0297158834040182
0.0356359312195373
0.0267095223595877
0.023442768842915
0.0233097541861783
0.0310709365638463
0.0298192515549448
0.0376810103333572
0.0245748606238028
0.0232739197328314
0.0226543441768059
0.0304820326302612
0.0291077492323837
0.0361457916052211
0.0246585878986095
0.0228732170110366
0.0223042934896533
0.0300733874187249
0.0291492027172076
0.0361172968920755
0.0220028026909859
0.0220048784408661
0.0208413327311951
0.0260726781569415
0.0253511019037724
0.0292554987061876
0.0239140009884521
0.0210509833968727
0.0212735869642936
0.0268772821231371
0.0256551911428312
0.031465514432671
0.0217974981596692
0.0212614480310937
0.0232115056791505
0.0261795271393597
0.0272101456072472
0.0312061295926064
0.021833311880668
0.0231525877999519
0.0210793137470065
0.0272555303985782
0.0262740721260875
0.029999835442991
0.0236531428427343
0.0216574471148912
0.0182736793646816
0.0268251287372786
0.0249291360834359
0.0297061998812439
0.023225675212443
0.0191271668294408
0.0191708790502799
0.0265901921700128
0.023977478427474
0.03127941013236
0.0200777589974587
0.0190560012066539
0.0192501501572812
0.0244348448764221
0.0245525716714911
0.0295704195633638
0.0201065185998726
0.0192736302350021
0.0183776065867031
0.0252647717505284
0.024009817877399
0.0300597482487124
