0.0217857495260926
0.0223533072522845
0.0214090906837961
0.0265511221001957
0.026654360815476
0.0309410986127395
0.0237937063146945
0.0217753017669722
0.0225427722734476
0.0280503542939629
0.0274310302565629
0.0336517954019698
0.0227251108866189
0.0228160843213988
0.0220793467224216
0.0281553658825351
0.0285248925751314
0.0334204732274032
0.0239947253614427
0.0225300290325819
0.0203327505034638
0.0294074362400087
0.0256088636276912
0.0322159802773581
0.0239854496928404
0.0209740344937758
0.0191317814523292
0.0268686850353242
0.02558501267948
0.0310155314318933
0.0225662854941793
0.0197451407322357
0.0193111449739428
0.0269421446041036
0.0252068824068233
0.0327519927687644
0.0209718970830125
0.0195992207177545
0.0192677467196332
0.0260277142309089
0.0250181323167701
0.0314158973272609
0.0207048340049993
0.0194813369944383
0.0191358653839089
0.025858844368919
0.0251214719665028
0.0313620671644157
0.0197142493109041
0.0195400356843026
0.0188590985765243
0.0235072742422782
0.0234159024451875
0.0274302348043706
0.0205715623838174
0.0190314901582989
0.0200157095154696
0.0243376182826106
0.0238965232162697
0.0291935330768917
0.0198510473963094
0.0202218436992018
0.019566377449621
0.0245638166367065
0.0253838505504221
0.0293363018009961
0.0213654884757986
0.0200820974069339
0.0178103759528076
0.0263767046897122
0.0228839323237527
0.0289885307850422
0.0211318112816465
0.0183657966160442
0.016109030880571
0.0238138062214865
0.0223031627460184
0.0272159549294944
0.0196357644715662
0.0166952211361992
0.0164975769778903
0.0236986864120752
0.0211404390434772
0.0281975964829915
0.0178595633809353
0.0168692268969302
0.0164196088105923
0.0221286324313835
0.0213009436676941
0.0264477540438768
0.0176688837508319
0.0166758017449563
0.0159224537302852
0.022103199091846
0.0211579746209168
0.0263606513566761
