0.0101659897462282
0.0108869369336987
0.0108165707640429
0.0127373369717093
0.013361711289034
0.0150553782313701
0.0108863010204429
0.0103864057525295
0.0115983474159863
0.012997174492574
0.0137753188346471
0.0162133446033335
0.0106850759432
0.0113939826597969
0.0126826395108232
0.0137479556451783
0.0150437723081096
0.0172636896425892
0.0114416443364503
0.0122667912142104
0.0112083680782756
0.0147763344807484
0.0137456194192941
0.0162464475852035
0.0122974165074209
0.0107683627089338
0.010564789490167
0.0134100012196846
0.0128337011216925
0.0152935663508674
0.0108178788622771
0.0101517040521452
0.0110375039339747
0.012453651122286
0.0132811242939267
0.0155411577567568
0.0103834941067873
0.0107631847367464
0.0109188573317213
0.0131220319538468
0.0137415431768284
0.016070181069181
0.0109569790571154
0.0105754615665799
0.011704072775299
0.0136318027564922
0.0143015038783227
0.017432159678946
0.0062061431917805
0.00672422882530207
0.00624657363088905
0.00840946035999327
0.00831001447926687
0.00988257045874003
0.00688997607437299
0.00614170717388164
0.00675237666598729
0.00847512731563583
0.00835077423080521
0.0107065166956032
0.00631831514435166
0.00688721047446396
0.00795099482165432
0.00828314772870153
0.00911511433953131
0.0106681316558867
0.00700185420487928
0.00781165649645722
0.00657318867331744
0.00911407402730618
0.00875915242937912
0.0103804044216313
0.00779493132529094
0.00656927265617738
0.00589385832409327
0.00856954223952391
0.00729622091060445
0.00923233268183985
0.00641087176775455
0.00592782099165687
0.00685863270102787
0.00707471085204467
0.00835873214338089
0.00947854190984556
0.00593291513416521
0.00672762403349268
0.00669186964289242
0.00814709500631494
0.00861413080170291
0.010262935638634
0.00656079028949277
0.00661025679994416
0.00690094646727419
0.00836087888036597
0.00848958018641941
0.0102980272159541
