0.0126158695982211
0.0131740949241571
0.0132189254925143
0.0157590696865949
0.0161808199739603
0.0184918630467332
0.0130437673492522
0.0126316498633651
0.0136002115270185
0.0155827744916475
0.0160093865654329
0.0188467121963249
0.012902011874891
0.0130075203541994
0.015977168119634
0.0156273624158236
0.0183895924895932
0.021189842125168
0.0133899190716439
0.0155968932874187
0.015322061564444
0.0181305096214846
0.0182247042869415
0.0207200645920819
0.015356186078834
0.0144568936214733
0.0149865783501706
0.0173750182224677
0.017314883159677
0.0200856488298738
0.0136007356207534
0.0135075130994102
0.0128652601249747
0.0153304751264503
0.0172252876294299
0.0191983659768337
0.0136070482180621
0.0123501933740637
0.0130671946030187
0.016743268591599
0.0158789010982376
0.0205925872807329
0.0125845743689494
0.012683451366174
0.0146363622583653
0.0156795622863863
0.0175835264756376
0.0206030484712428
0.00504783078724512
0.00549610321687973
0.00499016838850545
0.00642253624923257
0.00636628107827142
0.00803353701345904
0.00545472912304181
0.00540721430631657
0.00638400710068393
0.00689387956713648
0.00714840002175522
0.0089855772088353
0.00534257614235439
0.00651479401978718
0.00807474276975259
0.00745419622315831
0.00876220146006388
0.00941133105942382
0.00688127549507513
0.0080651266324132
0.00663601833747449
0.00896780392076363
0.00989194758299567
0.0103254689390337
0.00891568697297498
0.00704854266564412
0.0049520311427158
0.0106504079852099
0.00737600491075331
0.0109223612264291
0.00689363784713638
0.00532022237220662
0.0059275524780519
0.00703578861195177
0.0083450834258659
0.0098509120046562
0.00533408223817564
0.00581610602268084
0.00591708188512786
0.00818703173830879
0.00743138476920632
0.0101238558523832
0.00587506099143495
0.00573789146753231
0.00680771770312093
0.00755737898022601
0.00864419988185705
0.0102616509667115
