0.0147505888456233
0.0153853304710114
0.0148791688265911
0.0185503564289295
0.0190169778109822
0.0219069887570002
0.0159311226336346
0.0147722222113386
0.0155174299439237
0.0193170123651585
0.0190383241924154
0.0236312302499752
0.0152391687628779
0.0154697587545798
0.0171741758358078
0.0192145639127079
0.0208831533919834
0.0245919609062314
0.0159438836496614
0.0168749715235208
0.0160417544183433
0.0207065553430813
0.0197346529510356
0.0234214418867938
0.0172243207758193
0.015550751759599
0.014574293837047
0.0195150456072095
0.0183555655491183
0.0219247828516038
0.015447803979796
0.0136677611227275
0.0140549866353287
0.0172897713101901
0.0181368690360745
0.0217194390924153
0.0139489973200792
0.0134022256971875
0.0145980211473388
0.0175279935676175
0.0176951988411839
0.0219770987371601
0.0139235885095171
0.0141121228426546
0.0157134967089968
0.017436030412547
0.0191497317036511
0.022445073999181
0.0061965004989155
0.00557004369980148
0.00559432643846129
0.00741187697304928
0.00662982865876213
0.00959623351200386
0.00586783830452176
0.00602199355050987
0.00579309854678322
0.00750795073504078
0.00748512939174529
0.00927201109509771
0.00592541483467862
0.00586514646572945
0.00701770697749066
0.00784694124334693
0.00786760679323069
0.00963482990084077
0.00656030586708635
0.00726796979097139
0.005642586441867
0.00862468725163741
0.00854757764919557
0.00984067443977444
0.00820535497605105
0.00599802187857166
0.00441598830138268
0.00925965928321218
0.00666923194040165
0.00945153526208436
0.00631062692368959
0.00492187943790482
0.00540147519469405
0.00701367521272441
0.00745143033913079
0.00970935013130911
0.00491726527571712
0.00544141962523316
0.00598287504628295
0.00735698096669298
0.00726182358582985
0.0092922368045791
0.0056916568024118
0.00591641059631794
0.00706036603063493
0.00732583469116051
0.00915582112173004
0.0103847670165347
