0.0107854781666195
0.011606184165644
0.0116681420011918
0.0133632084892145
0.0141789763362626
0.0157604556704984
0.0118297419443193
0.0113375391881099
0.0123598948797389
0.0141115867262797
0.0148115418385034
0.0174108173826289
0.0114793470574995
0.0120893535630718
0.0136156753743442
0.0146011509755093
0.0159927797419075
0.0184109516595835
0.0122428448637783
0.0133778379004733
0.0122808881050626
0.015860304685969
0.0150369840120216
0.0173923361762901
0.0134272093796908
0.0118226505747306
0.0116888192427328
0.0147457589134223
0.0141238768973813
0.0168715326367616
0.0120051437334649
0.0113792395875567
0.0123214969517427
0.0139153035705979
0.0148568533715496
0.0174111298421548
0.0115184788164535
0.0118296306083335
0.0121516245591593
0.0144931953636573
0.0151278710259034
0.0177117298903839
0.0121059586193606
0.0118110639210261
0.0130386409685958
0.0151002227225999
0.0156151817468562
0.0188885145346243
0.00736285950721816
0.00783747805564938
0.00681387785320254
0.00939248116308002
0.00940582300979071
0.0109252688091589
0.00785464956648755
0.00656068255585767
0.00765523573056336
0.009365141647545
0.00891306441708233
0.0116565350363742
0.00627302293282406
0.00758051090004371
0.00880661726236288
0.00869899918892321
0.0103348707202216
0.011498085405543
0.00778879721572125
0.00887951604749491
0.00770327978831793
0.0103643114244502
0.00993032700032861
0.0114382415352379
0.00857890448629661
0.00738437032935167
0.00673131123987517
0.0093546794502798
0.00838176148334295
0.0103883024965508
0.0075031232807763
0.00677170019482671
0.0077449371590297
0.00837452355690953
0.00933095279335264
0.0109251813428399
0.00674886230396117
0.00754229162063123
0.00779310068406599
0.00918523904191643
0.0102780128166118
0.0120817866486811
0.00744139827358613
0.00758025944986208
0.00789007263746301
0.0100952653746997
0.00950409349262589
0.0120649350818514
