0.0104427042988581
0.0111910285230742
0.0105559738101801
0.0131145438945894
0.0134773477938855
0.0153482832932717
0.0112592709228213
0.0102888032915154
0.0112481139830718
0.0133478774246483
0.0133868289809771
0.016498799123297
0.0104296282756771
0.0110255028007719
0.013219901827526
0.0133319222355137
0.0153020576159391
0.017442309179243
0.0111592434839577
0.0128181998751918
0.012048017034527
0.0149901445210587
0.0146667993758143
0.0167607087989608
0.0127297369685965
0.0115259317446106
0.0114164242844202
0.0141775524359309
0.0136512887130542
0.0160614010485621
0.0113589935417026
0.0105887714949204
0.0112920629115153
0.0127735120250976
0.0139549044614187
0.0160597693401495
0.0108489156295154
0.0109149241570425
0.0114217229366633
0.0136735355349675
0.0140203327547915
0.0169568184818897
0.011190732090436
0.011014428841874
0.0123769788842891
0.0138336577284373
0.01497038690238
0.0179905926620985
0.00538867844132058
0.00550586993010417
0.00517203637227635
0.00705208214402376
0.00696841006111556
0.00885503579680853
0.00542083236667843
0.00516473393605042
0.0056521790165081
0.00703155886295132
0.00674598685890486
0.00912391471528834
0.00528012974524498
0.00582286938128354
0.00720894489402155
0.00718703087460992
0.00786593360942965
0.0095622537223463
0.00616675463926416
0.00726698681743195
0.00624315325633519
0.00822258105936215
0.00882171782015261
0.0101262278747285
0.00730229957723981
0.00631363283139309
0.00487330483009501
0.00866322868278353
0.00673342169375384
0.0090241093382535
0.00644198252162522
0.00498714599093354
0.00591850955306754
0.00653466006667748
0.00762250738133829
0.00908203349608794
0.00486660689965441
0.00595568768053037
0.00644598644768042
0.00750710838037018
0.00798647491396737
0.00986557747713494
0.00577179651532824
0.00625811667971486
0.00642063951996705
0.00770664982384528
0.0079870933060848
0.00927329398683367
