0.0304409965468106
0.0311131791844761
0.0300387046440508
0.0364691973234901
0.0370208939509979
0.0425514153984687
0.0334503057815884
0.0304812803947211
0.0315192151076732
0.0390756803161167
0.0375979098582689
0.0458399113528597
0.0315925675439382
0.0317896816670682
0.0323707290449574
0.0383954528888843
0.0394409315419302
0.0450259682192102
0.0341685766084263
0.0333489711724129
0.0311514866623511
0.0414214503456142
0.0381412498652618
0.0459380849364173
0.0358198534530288
0.0324516683050584
0.0287047651586817
0.040544861942342
0.0383606346293942
0.045895032753172
0.035099219735097
0.0300851726235246
0.0290609870192212
0.0409781965995107
0.0381584318166826
0.049566484538472
0.0318226952965635
0.0295382887356614
0.0283935401539291
0.0394874873577781
0.0366083743117541
0.0463829075880487
0.0313596884374282
0.028802469528369
0.0274577098898996
0.0380747374698781
0.0365494104990586
0.0454677686366498
0.0284305792166667
0.0283249704331836
0.0269437835145433
0.0336274697807094
0.0326433534426877
0.0379964655699399
0.0305659572919031
0.0272602537950407
0.0283067389417326
0.0346792036081213
0.0333721218663181
0.040262119783232
0.0285412933757077
0.0284534920328621
0.029951263431031
0.0342281571767062
0.0363965121234502
0.0409795910199686
0.0301120812388894
0.0307784012649011
0.0275472868745278
0.0375698366924631
0.0346991416797045
0.0415666888903075
0.0326424636235568
0.0289748119564304
0.0240754810189862
0.0364020018682072
0.033748832846062
0.0408367252211228
0.0315060736599187
0.0254665974740211
0.0247061783139964
0.0363883296265434
0.0321614029601617
0.043243228550143
0.0269478751004423
0.0251402001748549
0.0247910154412498
0.0332382226731704
0.0315560623584393
0.0395116784947338
0.0265528348846753
0.0250601494849291
0.0233578975631312
0.0328449644608375
0.0316772677822319
0.0392955153561604
