0.0126518627912325
0.0138663822353904
0.0145538261743367
0.0159001763166893
0.0172111059169377
0.0190420661766964
0.0141410280764199
0.0143713549127841
0.0155690170167604
0.0171295594195513
0.0183700752598392
0.0211010797283899
0.0152717467999809
0.0158549578102327
0.016939332077815
0.019098521075297
0.0201494504330324
0.0229598305932111
0.0159350269847039
0.0163251691480574
0.0149798688222549
0.0198902841748852
0.0185691261658589
0.0220020587864657
0.0161642643573406
0.0143500847935379
0.0138886893284939
0.0180088606802245
0.0170204172959513
0.0203450562172753
0.014717638479731
0.0135653586121484
0.0143406020643171
0.0169464364289764
0.0172539402078022
0.0205530433557772
0.0142411639885521
0.0141822135016282
0.0142630150411333
0.0175126834379289
0.0179828038531422
0.0213058844203964
0.0153541090891838
0.0143942939159374
0.0148268280300827
0.0188817914972151
0.0184179722854196
0.0229642735051008
0.00957895691773593
0.0112066373032499
0.0112821618313387
0.0123480501943903
0.0139074537754926
0.0144180006560243
0.0120385971561061
0.0109385971010123
0.00957018735000043
0.0140331177217217
0.0119417682579938
0.0148294695124776
0.0113640733253804
0.0102511039907643
0.0113536496093751
0.0127241441240626
0.0141603593762803
0.0162025417868302
0.00974833226533307
0.011028500046606
0.0105590847965684
0.0131842885959375
0.0133620884965971
0.0152780762118029
0.0106833951933425
0.0104091835568732
0.00916849403353941
0.0127540729067544
0.01156319393919
0.0133127000907218
0.0104030197881393
0.00923452897356072
0.009076223498837
0.0116994438711862
0.0109828606468619
0.0129480341219119
0.00956026358076483
0.00911822634133826
0.00946736011668591
0.0109974749222323
0.0123166156549754
0.0144262405168149
0.00992268263278867
0.00975338168652184
0.0102982629473669
0.0128291880168173
0.0122927542287286
0.0154960168090278
