0.0126792275360562
0.0139404743984057
0.0136484107751274
0.0158968429258636
0.0167887104827725
0.0186160052828814
0.0144500020742504
0.0135511708018999
0.0143211139125022
0.0171907130647737
0.017288902449553
0.0208485739703201
0.013880389982022
0.0141248991123401
0.0153476061087695
0.0173061853978601
0.018571167725263
0.0214778293729237
0.0145596697988572
0.0150969358410255
0.0137341275760564
0.0185419111794938
0.0171182047190027
0.0205152701536643
0.0155603695123409
0.0135140227189769
0.0125428687692602
0.0172582217674342
0.0158511301326075
0.0193512183298219
0.0141156403973611
0.0126027931710836
0.0135561740868974
0.0161598829902863
0.0164568707200542
0.0200249750073674
0.0132433975609207
0.0134421658320557
0.0136054892431287
0.0166179746209245
0.017348919546712
0.0204601220989122
0.0139194640767477
0.0133996203129329
0.0142502159160493
0.0175180902910462
0.0175635365544014
0.0217016194727712
0.0100016023915907
0.0109102596459366
0.0097218020388466
0.0125354395935044
0.0126477550474613
0.0144231589426507
0.0110518704225156
0.00982698649025175
0.0103068546123057
0.0129651304752166
0.0125088123347013
0.0155517135541667
0.0099313954044885
0.0102976305873883
0.0115177666795154
0.0126751317841385
0.0141296786119768
0.0160979487544748
0.0104959129308386
0.0113387009096843
0.0102313608430187
0.0141620482651162
0.0129453379161859
0.0157126367892197
0.0117019938470784
0.0100508715006732
0.00879373539763591
0.0130150358268872
0.0116147421067884
0.014154309966013
0.01050033791036
0.00892477121777816
0.00971959616981913
0.0120007492218276
0.0119044853917034
0.014772029812895
0.00928932223196314
0.00972719791278167
0.00997571332223161
0.0117924756684393
0.0129097226920716
0.0153454268040786
0.0100229653055856
0.00989472367639389
0.00999459853863343
0.0129589000186544
0.0125475395084413
0.0155764525853124
