0 0.889895785221765 0.888990011874278 0.891802918486117 0.892499372695698 0.893259329650875 0.889419250544189 0.87915699007755 0.865239880611197 0.851904887583442
0 0 0.887852150049618 0.892984112326127 0.893578936158955 0.89433483771667 0.889176946148057 0.87638091704641 0.859861653747891 0.844858167003535
0 0 0 0.898551419736274 0.896779079049353 0.896842666657208 0.88957668972923 0.873532118997507 0.854058453942292 0.837410359839262
0 0 0 0 0.89489630984451 0.895895603146838 0.8861185287396 0.866104197777067 0.843546098277148 0.825791889417348
0 0 0 0 0 0.896985723131343 0.881122436698256 0.854936428187585 0.828858470934261 0.81073739874348
0 0 0 0 0 0 0.863816106448951 0.83173646218444 0.804647684983151 0.789215664179687
0 0 0 0 0 0 0 0.798913322632251 0.776062484575601 0.767092499998478
0 0 0 0 0 0 0 0 0.755621081111037 0.754105488651322
0 0 0 0 0 0 0 0 0 0.752833859437112
0 0 0 0 0 0 0 0 0 0
