0 0.790396057959507 0.801006595905042 0.822065396357345 0.840356413814861 0.852429518955302 0.851745801037845 0.846912495225849 0.833202678449948 0.820111569851772
0 0 0.813562586842695 0.841362339410409 0.860999634960313 0.872403196860344 0.868129152995972 0.859860296220309 0.841724642151991 0.825311941307496
0 0 0 0.870871656914858 0.886693182694549 0.894397992507868 0.884032097353242 0.870975489255793 0.847420752949277 0.827332923658751
0 0 0 0 0.903177359849279 0.90718599269147 0.889012906614649 0.871005837545077 0.841900457541896 0.818913455830025
0 0 0 0 0 0.911558529372757 0.880932299064368 0.858461910688358 0.824014874322526 0.799709249454182
0 0 0 0 0 0 0.847351878051455 0.828923406239595 0.792030484675648 0.770167291581418
0 0 0 0 0 0 0 0.809943149811625 0.764384862698053 0.745674528050631
0 0 0 0 0 0 0 0 0.72144614542732 0.717055733140629
0 0 0 0 0 0 0 0 0 0.713123623437549
0 0 0 0 0 0 0 0 0 0
