0 0.197323740029298 0.203822300222211 0.215212829518706 0.224886853452252 0.234211320863905 0.243399265615912 0.252736468025493 0.258032554011267 0.25924376087813
0 0 0.212665490778458 0.228421652745616 0.239502716891617 0.250009671501534 0.260254619380128 0.270611465112112 0.275531000538323 0.275244285069202
0 0 0 0.246983444263136 0.256635388414417 0.267225905627438 0.277816740007452 0.288695044807929 0.292308872703306 0.289889185921028
0 0 0 0 0.267983679881862 0.279912818356753 0.291619104775077 0.303430534714914 0.305585689383403 0.300495093926231
0 0 0 0 0 0.293895023319066 0.306352872240936 0.318857508057932 0.318401189548329 0.30914991073856
0 0 0 0 0 0 0.32050545804682 0.33360056615361 0.327604444742626 0.31363274152094
0 0 0 0 0 0 0 0.347780381420092 0.331386331539118 0.311234632668787
0 0 0 0 0 0 0 0 0.315509669863142 0.293859024124879
0 0 0 0 0 0 0 0 0 0.272978868733979
0 0 0 0 0 0 0 0 0 0
