0 0.702348134833047 0.715029139645832 0.719548343912676 0.723154131939621 0.726236757572935 0.73093881172775 0.737332590720136 0.743694180904666 0.748556065219619
0 0 0.752692485313513 0.753034009259162 0.756594581959026 0.760166796533833 0.768057789242821 0.779940745851203 0.792242519007383 0.802436692852644
0 0 0 0.753701447672716 0.761266986679491 0.767096359386644 0.780102349844375 0.799033457177225 0.818301974071697 0.834589511076543
0 0 0 0 0.773235855356326 0.779186463789431 0.797784274952102 0.824371646829371 0.851160855182342 0.874563430807513
0 0 0 0 0 0.787091491877652 0.815806461516853 0.852309114107879 0.888087606445478 0.920595046535867
0 0 0 0 0 0 0.851279016746923 0.897867022446161 0.944092229894389 0.989974819204838
0 0 0 0 0 0 0 0.958495366182724 1.01968890196835 1.09069202114149
0 0 0 0 0 0 0 0 1.12206207512549 1.25758676801123
0 0 0 0 0 0 0 0 0 1.67441919678573
0 0 0 0 0 0 0 0 0 0
