0 0.606369251447057 0.619648937425885 0.620865690459172 0.622212764284748 0.623872789920492 0.627964477862706 0.632124003857866 0.636035173658244 0.638846953961129
0 0 0.659597017740302 0.650214931896752 0.648559198167308 0.649429329246988 0.656508004997044 0.664401068405055 0.671838798104029 0.677294390200123
0 0 0 0.632091937556004 0.635539385810653 0.640223367161972 0.654139925421889 0.667710140561997 0.679757427045487 0.688385805641929
0 0 0 0 0.640946258343054 0.647397385081101 0.668647742153537 0.687450344446528 0.703755238213109 0.715422345397585
0 0 0 0 0 0.655692754397993 0.688670488227603 0.71286401085496 0.733449862332674 0.748295414971503
0 0 0 0 0 0 0.731003055711748 0.755118799597899 0.778661538613292 0.796696261203825
0 0 0 0 0 0 0 0.787848160336851 0.818123182828558 0.841815925257928
0 0 0 0 0 0 0 0 0.865495512946632 0.897109603295347
0 0 0 0 0 0 0 0 0 0.957074300068253
0 0 0 0 0 0 0 0 0 0
