0 0.161015295956301 0.16035244070583 0.156154627474888 0.153787959673536 0.152077731759751 0.150694443376777 0.149288853874476 0.149086689799838 0.14999507992398
0 0 0.158827847869144 0.148620785847072 0.144864097320634 0.142557823527629 0.140759648188056 0.138819079471534 0.138993701231663 0.14101120803724
0 0 0 0.130791448243208 0.130533030798188 0.12987833978094 0.12898171127272 0.127263750085512 0.12849227532927 0.132102264092403
0 0 0 0 0.130166541343204 0.129231714136627 0.127963665713559 0.125607231063819 0.12749363037987 0.132626788959126
0 0 0 0 0 0.128029373846604 0.126388956726031 0.123202443947615 0.126195541809508 0.133593801053917
0 0 0 0 0 0 0.124336447935916 0.119846858393028 0.125416853483723 0.13604269302332
0 0 0 0 0 0 0 0.114233731842291 0.126191910088589 0.14239432092416
0 0 0 0 0 0 0 0 0.142290347746919 0.163985628515292
0 0 0 0 0 0 0 0 0 0.19268968438823
0 0 0 0 0 0 0 0 0 0
