0 0.821225397597012 0.82846711875167 0.841884293234178 0.852397880556557 0.85847755047985 0.854358876966445 0.845504627105819 0.827004598242924 0.808241232258305
0 0 0.837036139582081 0.854834347940147 0.865816818233359 0.870948830591573 0.863647568933708 0.851259220500908 0.828175942896128 0.805833371844262
0 0 0 0.874084407073994 0.881845131414294 0.884021082127954 0.871662615419854 0.854791121297948 0.82632761415309 0.80033996426494
0 0 0 0 0.890082917457065 0.889523511711879 0.870727929290502 0.849041421872361 0.814915260739797 0.7860022132935
0 0 0 0 0 0.888913392851362 0.859669798130912 0.833020844023493 0.793076224939759 0.762663360290991
0 0 0 0 0 0 0.827497496206286 0.801866256996331 0.758275954388944 0.729988500799058
0 0 0 0 0 0 0 0.775542973046747 0.724171996405132 0.699992979045958
0 0 0 0 0 0 0 0 0.676804695164452 0.667686727083159
0 0 0 0 0 0 0 0 0 0.659801230741527
0 0 0 0 0 0 0 0 0 0
