0 0.632889618317419 0.639868844481114 0.638538905423577 0.637812170273521 0.639349693555694 0.645607426663812 0.652935908438308 0.662434768024332 0.670570057199099
0 0 0.661741190769033 0.650322189503341 0.646103748284414 0.648852821792706 0.662565744122145 0.677533216751353 0.697306996516149 0.714187438715264
0 0 0 0.628220017723312 0.627630968911766 0.637120439480865 0.663196201682997 0.688275308462308 0.719901433413586 0.746578697296028
0 0 0 0 0.626708385185239 0.645022998604295 0.686034767976562 0.720817102584243 0.764694912774764 0.802043041272112
0 0 0 0 0 0.66899512549985 0.728453073671146 0.770598367982782 0.827254296273951 0.876899873756564
0 0 0 0 0 0 0.800033809849011 0.839509201680324 0.911120584422512 0.977540703858144
0 0 0 0 0 0 0 0.89044305615115 0.998467546387986 1.09691289015327
0 0 0 0 0 0 0 0 1.16700636169867 1.32167030326054
0 0 0 0 0 0 0 0 0 1.67866047394756
0 0 0 0 0 0 0 0 0 0
