0 0.00628023734146464 0.00563975328801117 0.00529571198169476 0.00505611006632883 0.00484008765188673 0.0046408387001797 0.00448676772484702 0.00442379962878176 0.00445986711754754
0 0 0.00499926923501092 0.00480380588070197 0.00464855491992908 0.00448057030629133 0.00431346353157127 0.00418829802299404 0.00415888110976106 0.00423232083956094
0 0 0 0.00460834252713719 0.00447319776298142 0.00430767066331214 0.00414201210917093 0.00402610378085338 0.00401881641656399 0.00412275678205956
0 0 0 0 0.00433805299835375 0.00415733473135823 0.00398656863211416 0.00388054409382993 0.00390091119645575 0.0040418258283393
0 0 0 0 0 0.00397661646273434 0.00381082644889643 0.00372804112568421 0.00379162574407912 0.00398258039119736
0 0 0 0 0 0 0.00364503643520392 0.00360375345793287 0.00372996217072337 0.00398407137328797
0 0 0 0 0 0 0 0.00356247048033591 0.00377242503874575 0.00409708301919205
0 0 0 0 0 0 0 0 0.00398237959647948 0.00436438929078096
0 0 0 0 0 0 0 0 0 0.00474639898090931
0 0 0 0 0 0 0 0 0 0
