0 0.00307829534388368 0.00329179002873549 0.00340589905636626 0.00348578667552638 0.00355779492019908 0.00362420035263163 0.00367553885928815 0.00369650543903546 0.0036850854188818
0 0 0.00414576876640067 0.00430865489520969 0.00443803069582848 0.00457801787352789 0.00471727351937051 0.00482157810990435 0.00484609219877852 0.0047848924295299
0 0 0 0.00466700437660521 0.00484719739540081 0.00506790019467229 0.0052887782665604 0.00544332270490793 0.0054530391908784 0.00531445203736992
0 0 0 0 0.00516253517952752 0.0054938520018795 0.0058069231841931 0.00600130150467392 0.0059639618149863 0.00570561832022221
0 0 0 0 0 0.00600588709602515 0.00639273046157808 0.00658589621606435 0.0064375321069186 0.00599197126287691
0 0 0 0 0 0 0.00694536384004027 0.00706233227601424 0.00670474092347801 0.00598476484953883
0 0 0 0 0 0 0 0.00722058369090805 0.00652073516207361 0.00543854189443801
0 0 0 0 0 0 0 0 0.00561093207846023 0.00414656158288027
0 0 0 0 0 0 0 0 0 0.00230018141266451
0 0 0 0 0 0 0 0 0 0
