0 0.00300163643190396 0.00320100358219432 0.00331243170280689 0.0033919392918004 0.00346609088232597 0.00353781277048209 0.0035932616451418 0.00362209965740921 0.00362012205141694
0 0 0.00399265805583234 0.00416312148693102 0.00430062146931999 0.00445119018204699 0.00460725838537177 0.00472568227832977 0.00477168908898735 0.00473849271231263
0 0 0 0.00453814103845256 0.0047317702485754 0.00497085992460141 0.00522185871507918 0.00540006456210333 0.00544684931461656 0.00535646999684869
0 0 0 0 0.00507062136841948 0.00543062374450977 0.00579162344651807 0.00601957209668829 0.00603750970097566 0.00585087707883636
0 0 0 0 0 0.00598699105301049 0.00644707988238413 0.00668096199804674 0.00660885280623147 0.00626228462950381
0 0 0 0 0 0 0.00710434963897356 0.00725100956033687 0.00699381484471663 0.00640484738316651
0 0 0 0 0 0 0 0.00744943180668441 0.00690928823731681 0.00600709119840471
0 0 0 0 0 0 0 0 0.00620710156819708 0.0049613942574809
0 0 0 0 0 0 0 0 0 0.00339071978615794
0 0 0 0 0 0 0 0 0 0
