0 0.00661373635970881 0.00601815280474811 0.00568386843421323 0.00544375528661904 0.00522130494422563 0.0050077252311849 0.00483970850086035 0.00475486457211662 0.00476079738838036
0 0 0.00542441194206348 0.005219855824756 0.00505485584604978 0.00487417339072796 0.00468689154673256 0.0045447828754491 0.0044895747023951 0.0045294103545475
0 0 0 0.00501529970590102 0.00487007779719863 0.00469076054041848 0.00450251144780651 0.00436885706236261 0.00433376849721586 0.0044015529861532
0 0 0 0 0.00472485588933331 0.00452849095691608 0.00433158202846297 0.00420724640118087 0.00419746225338725 0.0042992618654657
0 0 0 0 0 0.00433212602448401 0.00413494509761224 0.00403470990518155 0.00406561384451753 0.00421414306251463
0 0 0 0 0 0 0.0039377641706379 0.00388600184545018 0.00397677645096284 0.00418464731974804
0 0 0 0 0 0 0 0.00383423952032035 0.00399628259113405 0.00426694170279125
0 0 0 0 0 0 0 0 0.00415832566937075 0.00448329279401375
0 0 0 0 0 0 0 0 0 0.00480825992602843
0 0 0 0 0 0 0 0 0 0
