0 0.00399468351933162 0.00366763408120714 0.00347665726386026 0.00333895094548045 0.00320459648239178 0.00309082165878521 0.00301068220124967 0.00297231085521844 0.00297093678598796
0 0 0.00334020108256996 0.00321764413623428 0.00312037342099787 0.00300707472320142 0.00291046455728085 0.00284668198157474 0.00282625761758502 0.00284296844437113
0 0 0 0.00309508718868064 0.00301045958940901 0.00289603260130003 0.00280303042548146 0.00274797816023963 0.00274060037316493 0.00277193521016851
0 0 0 0 0.00292583199053447 0.00279650531030551 0.00270567817109523 0.00266120091072128 0.00266970301004336 0.00271807654714707
0 0 0 0 0 0.00266717862762057 0.00259560126143846 0.00257299054270126 0.00260567076451495 0.00267652545839975
0 0 0 0 0 0 0.00252402389285386 0.0025258964983474 0.00258516814324881 0.00267886216546218
0 0 0 0 0 0 0 0.00252776910401571 0.0026157402685132 0.00273047492307422
0 0 0 0 0 0 0 0 0.00270371143271505 0.00283182783260481
0 0 0 0 0 0 0 0 0 0.0029599442349396
0 0 0 0 0 0 0 0 0 0
