0 0.00181774124750049 0.00192391649831347 0.0019816735680369 0.00202113192804579 0.00206285448256786 0.00210448913911023 0.00213786456535567 0.00215641308695138 0.00215853403222158
0 0 0.00234861748806727 0.00243248744945002 0.00249699451591957 0.00258372010705444 0.00267798492228675 0.00275143425776235 0.00278537507448096 0.00277797703074357
0 0 0 0.00261700133677008 0.00270472233454665 0.00285016972710957 0.00300735234383375 0.00312202567727508 0.00316389830448018 0.00313373206981255
0 0 0 0 0.00285823396822867 0.00309791114223635 0.00333264484882398 0.00348501191684253 0.00351938133452969 0.00344592355454942
0 0 0 0 0 0.00346832113897388 0.00376392737617617 0.00392185707560163 0.00391005925257719 0.00375579618607216
0 0 0 0 0 0 0.00418622199074851 0.00429440444439406 0.00418351618134122 0.00390466718800137
0 0 0 0 0 0 0 0.00444076900927729 0.00418144705243133 0.00374456741282897
0 0 0 0 0 0 0 0 0.00384432855609812 0.00323982128073165
0 0 0 0 0 0 0 0 0 0.00247761645490129
0 0 0 0 0 0 0 0 0 0
