0 0.0129963558483418 0.0112584903286396 0.0101944810422997 0.00936104811633706 0.00865984414473591 0.00807499967717737 0.00760119670736711 0.00726559500927128 0.00702425184957022
0 0 0.00952071137368684 0.00879345455983831 0.00815022230050723 0.00757615075987485 0.00709150901287312 0.00670271742936986 0.00644643472736909 0.00627816295358825
0 0 0 0.00806733770477841 0.00746438326132055 0.0069250716029447 0.00648199447764082 0.00613736276512935 0.00593470699841163 0.00581477189235393
0 0 0 0 0.00686142881585031 0.00635768247584957 0.00595610232556664 0.00565676662120426 0.00550818085710502 0.00543934425836392
0 0 0 0 0 0.00585393613862214 0.00550343908196183 0.00525521255693359 0.00516436293685601 0.005154927343222
0 0 0 0 0 0 0.00515294202468621 0.00495585076603083 0.00494184644466584 0.00498017514730094
0 0 0 0 0 0 0 0.0047587595091311 0.0048362986542761 0.00492258618212184
0 0 0 0 0 0 0 0 0.00491383780195066 0.00500449952889772
0 0 0 0 0 0 0 0 0 0.00509516125648784
0 0 0 0 0 0 0 0 0 0
