0 0.00461526329165842 0.00519470017924797 0.00554944951415954 0.00582729420977459 0.00606148604796439 0.0062559895963068 0.00641391283308701 0.0065262357621764 0.00660617572599167
0 0 0.00751118661800202 0.00811736807343887 0.00865355768831728 0.00913195063907067 0.00953581876169081 0.00985981174622515 0.0100730575860193 0.0102136071439369
0 0 0 0.00944990952403581 0.0102538487810015 0.0109734845220046 0.0115640626334947 0.0120232679592848 0.0122934171323475 0.0124533306070903
0 0 0 0 0.0116607424863623 0.0125842774435486 0.0133205077192008 0.0138692898438339 0.0141416970783469 0.0142678975050122
0 0 0 0 0 0.0140115587325264 0.0148293851973326 0.0154085804231901 0.0156222458283603 0.0156425792559163
0 0 0 0 0 0 0.0159977087217898 0.0165561339549592 0.0165958128652939 0.0164872148746925
0 0 0 0 0 0 0 0.017311650440268 0.0170531866235213 0.0167655615324377
0 0 0 0 0 0 0 0 0.0167171836519266 0.0163696470308397
0 0 0 0 0 0 0 0 0 0.0159314486805104
0 0 0 0 0 0 0 0 0 0
