0.207426650333548
-0.0873625558857873
0.000507423873628705
0.000262817961183423
-0.000346538593407432
-0.00109340031861369
0.000826926124451307
-0.000914501263915997
0.00210050070842151
6.54620845069719e-06
0.00083142621377218
0.000159089872242521
0.0055490718607944
-0.00127120261555213
-0.000160500958231041
-8.47370374330579e-06
-0.000554807328216221
-0.000435986068691782
-0.000270221341720851
4.3027985025061e-05
-0.000218825594155127
0.000411998081139359
0.000370883933749023
-9.83256842800696e-05
0.263336227997295
-0.0971470857014476
0.00211705385749838
-0.000707203393947257
-0.000703175683302772
0.00139735889516706
0.000389127568181337
-0.0024471602380501
0.000456446047586717
0.000814711206378931
-1.88058987665983e-05
-0.00143300247642361
0.00588794867528341
-0.00131587468608736
1.42339035241425e-05
0.000330507362351218
0.000559285443140838
0.000452481535611846
-0.000556541103447409
4.5110144291646e-05
-7.30888910574864e-05
-0.000144611107592783
2.94141742037143e-05
0.284714820272171
-0.109901394771519
-0.00564858113892781
-0.00324349505249413
0.00104525347729165
-0.000665234876807365
0.00129953378175216
-0.00157748984126468
-0.000112202972194275
0.00140854382324633
-0.000864532096808238
-0.000382990382133976
0.00664115304084235
-0.000450288420447551
-0.000214906426951821
-0.000657500790978197
-0.000247674960388757
0.000257522173494344
2.24081728349201e-05
-0.000540215299800565
0.000133893823678224
0.00018765686045753
0.329186730732136
-0.130921151051782
-0.00623487547884284
0.000292831188110939
0.000795663781163307
-0.000439913874902209
0.00251476732088004
-0.00143238907379935
0.00120981309496534
-0.000188139370593602
0.000329478848983835
-0.000900927137928133
0.00699467079706532
-0.000890493106575866
-0.000359578282531879
0.000485237411757079
-0.000279825926099744
0.000269441447863033
0.000246415689667769
-0.000357430704852048
0.000136686250601028
0.326413783871285
-0.106787036586429
-0.00183572585898571
-0.000928993434103912
-0.000725912012903032
0.000468633118848267
0.000514928911470336
-0.00083278792393478
0.000281935486000749
-0.000832499132515788
-0.000630575428435516
-0.00192045397895648
0.00607218628051538
0.000138888020276521
0.000284958786444722
-0.000214569530924874
-4.33357460157237e-06
0.000227266488030772
0.000126184118541027
-0.000504856545502717
0.281915109834092
-0.083376263426431
-7.08106090499155e-05
0.00326045715118888
-0.00149949114197557
-2.11887744522783e-05
0.00128610492143814
0.00072518028644783
-0.00131973114177321
-0.000587640327519893
-0.000888989895715287
-0.00128193753456927
0.00742200165574082
-0.00128200557190267
-0.000334032716303931
-0.000220675951954009
-0.000465756535843492
-0.000197512276146974
0.000675055628521386
0.237510706364677
-0.0868511253583911
-0.00196375127125455
0.00107499868981335
0.000214841957064701
0.000363968812132438
0.000339495766219711
0.000138895558607795
-0.000279489499445461
-1.92821779596552e-05
-0.000543100103947116
-0.00128695846454336
0.00839988211794674
-0.00189102483901362
-0.000339318125155836
0.000228158452832697
0.000431716073395805
-0.000150577900668438
0.221222339859587
-0.0691731633876958
-0.00147404056564917
-0.000328154109365925
-0.000402147240463206
0.000158129113920856
-0.000184601519327059
0.00017499092514438
-0.000236702636499085
-0.000380382000960753
-0.00076534097833414
-0.00153826728798552
0.00790899823184225
-0.00157659415860344
-0.000574837392471007
-0.00035066208299813
0.000143108450961206
0.216492999039806
-0.0744897275853956
0.000765785660172907
0.00146026886711549
0.0010027949604336
-0.000842732845839653
-0.000274374337678852
-0.000291648536433645
-0.000566769277911444
-0.000694029545267241
-0.000784988949317386
-0.00149099960192242
0.00753565621486115
-0.00167583708765274
-0.000443866585839747
-0.000216764331330637
0.201306261565894
-0.0703204974439328
0.000670011927491564
0.000480849664013888
-0.000452554563381317
1.8401368404972e-05
-7.46781396574151e-05
0.000464648939219916
6.40443486285268e-05
4.10000184054909e-05
-0.000278263825773976
-0.000917586780916133
0.00811174581881094
-0.00144149988481726
-0.000447820771748556
0.204743342994557
-0.0694448897747084
-0.000181573637892843
0.000657245524536175
-9.61663989347857e-05
0.00064478252309835
-8.28191765748731e-05
0.0004557693709958
0.00044248775012792
-0.000193222068561123
-8.72238687074099e-05
-0.000882249630756397
0.00873297722053399
-0.00193286250349257
0.212332935129502
0.0010509668236714
-0.000851699689543885
0.00027698892991807
0.000208680966339452
-3.36884859455248e-05
6.11581042179308e-05
-0.00025661832449512
0.000269189311168762
-0.000179666260147731
-0.000590196565679188
-0.00111733828693875
0.00908092062140891
0.0154753724800786
-0.00814303099592657
-0.000870899937680658
-0.000318788766513303
-0.000261633507791729
-0.000106947256184568
8.20089102898388e-05
0.000200951568613531
0.000233375184594913
8.93266167362355e-05
0.000248777811246658
0.000441393709939034
0.0168316110836838
-0.00165623437233707
-0.000268921305358014
-0.000194954668462637
4.34249520478782e-05
0.000128236852570903
-0.000224334795729472
-0.000220105734552952
-0.00018856961566103
-0.000171964742614815
-0.000265036989719145
0.0105817423266371
-0.00218625168322911
-0.000462854065602923
-0.000307005969611723
-7.89333847439363e-05
-3.03042932804206e-05
-6.00415032972805e-05
-3.68521794773939e-05
-2.41792306036242e-05
-7.71996355539572e-05
0.0118850067552545
-0.00279336098155819
-0.000760632200246253
-0.000129805161456068
-0.000189835710065834
-6.26743528672643e-05
0.000102990664538087
-1.06492078341809e-05
6.41158971383398e-05
0.0122737723023911
-0.00238410203264542
-0.000512582308630296
-0.0001700827655411
-0.000243794579413015
-8.94710934720847e-05
7.23360560534572e-05
-2.99746052400623e-05
0.0138919695113695
-0.00283733586856142
-0.000950941994747274
-0.000228016284273341
-1.77306786614821e-05
-2.92352225084739e-05
-0.000121025922528258
0.0147438083301738
-0.00364543598084568
-0.000784149774727326
-0.000157304278547118
-4.64608221148099e-05
-3.60776487696745e-05
0.014041242076845
-0.00301955252634649
-0.000527695677224898
-0.000117371554845467
2.60424925366039e-05
0.0132994699335458
-0.00275497692180664
-0.000394268637183098
-0.000127402758745666
0.0134968573830254
-0.00308147246519623
-0.00049635404329695
0.0140396228881266
-0.00310493965017269
0.0145958178768199
