0.200553998678775
-0.0783257819955897
-0.000172131264720794
0.000176303798615174
0.00132847295392278
-0.000510386695357161
0.000357410283411104
0.000549112980265868
3.29117840251462e-05
-8.65846703000221e-05
0.00032891566257127
-0.000273534073975982
0.00531384660493193
-0.000968069107669966
0.000101523834363991
-3.32284653332455e-05
-3.951158867463e-05
1.45322875423308e-05
-0.000111311432631181
-0.000130421307221624
-0.000160964665849532
6.64838236231824e-05
0.000294990785970501
-0.000167830152690961
0.268351554797547
-0.0956833185082855
-0.000410647486253492
0.00134029801508392
0.000575200065681632
0.00041633111095343
-0.000838269824393596
-5.44690009675496e-06
0.00116355034864783
-0.000363516104344204
0.0017232837462025
0.000252835691896425
0.00423384497690965
-0.00141370562636315
0.000329188710624036
0.000277736116828627
0.000161178802270319
8.42050737577559e-05
-0.000212659297235704
0.000216608745994327
0.00018095847150615
-0.000165290895890368
0.000318921740733583
0.297588449084149
-0.105490404970393
-0.0084741769873502
-0.00056828645238161
0.00140851783831832
0.000317159672273712
0.00272257501050735
-0.000769791104846576
0.00195535349675194
0.000881636546287409
-9.48983542039157e-05
-0.000843091665494499
0.00566919219043569
-0.00109042252457508
-0.000494833263117739
-0.000178255764991016
0.000148207942428867
-0.000107290792743407
-0.000173921563658724
9.96742694271693e-05
5.02114130765389e-05
0.000293741118346537
0.335251238933283
-0.12220142675284
-0.00930195751219472
0.000327784889128699
0.00118231451359138
-0.000856610062470677
0.00146736333237479
-0.000264796299736218
0.00124181749546103
-0.000411408844071065
-0.000104185580970534
-0.000782684449946473
0.0059912819289304
-0.00177492029357767
-0.000434583807910377
0.000159604161701093
-0.000208349007382306
-0.000159379402417862
0.000130657463166709
0.000176268296535912
8.65610140719667e-06
0.335279094909159
-0.10247118518851
-0.00519310462129187
-0.000668841704075703
-0.00208977323323683
3.32776299688415e-06
0.000828285909534145
-0.00195711978528494
0.000404296599192528
-0.000114996887192548
-0.000275399813100989
-0.000822694935305567
0.00607042120149307
-0.000329827090361263
0.000104067738797056
0.00015987522408554
0.000515743956807692
2.51453426335264e-05
0.000120243980098286
-0.000572335160504246
0.27761851058541
-0.081488670900263
-0.00430761321393569
0.00145783494353287
-0.000614544371452638
-0.000317398429709368
-0.000967213922010594
0.000468818903935587
-0.000499749433251475
-0.000175244043710941
-0.00053446850510512
-7.94202330330992e-05
0.0058757067041408
-0.000723124488773141
-0.000252668406578516
-0.000331698876793282
-0.000311018204726554
-0.000188496632030757
-0.000307692527268458
0.237855626775687
-0.0847852997505224
-0.00204214863446292
0.00025100508594173
0.0018121387730097
0.00109073733654253
-0.000116404528027279
0.00019871751839857
-0.000212852363063616
-0.00038406823680487
-0.000747573060974176
-0.000540498557064285
0.00623515501939565
-0.00191502469441447
-0.000222481539809754
6.9195567064989e-06
-0.000224154724291417
-0.000108758071019948
0.215159486959703
-0.0746826589783875
-0.00141879818154009
-0.00031411403594046
-0.000982904145857591
0.000149993729395825
7.43339302874696e-05
0.000223375692066546
0.000135327992097197
-0.000178064422783305
-0.000566304559741738
-0.000965572133039036
0.00621871579721055
-0.00191758763345468
1.68501520988017e-07
-0.00032970511955243
-1.97452584109041e-05
0.204877084434098
-0.0732046663736077
-0.000840417425737111
0.00207767450926437
-4.17091792387759e-05
-0.000450914635946508
-8.54410451078249e-05
-2.84072038095518e-05
-0.000273202916268728
-0.000519626112326173
-0.000384811317479162
-0.0011135982351798
0.00585204269321773
-0.00183063910932153
-4.84113025663391e-05
-0.000119419355859762
0.199438213069419
-0.0720558605958255
0.00200019875264777
-6.0053244294987e-06
9.0305616440667e-05
-1.99282250108821e-05
0.000194101257985798
0.000115590914036033
0.00011041057374984
-0.00011238134685115
-0.000191656794978746
-0.000391459035690267
0.00635744081863375
-0.00212078029215844
2.57843516067162e-05
0.210173624112208
-0.0713786619514653
0.000360649099814057
-4.48527725412949e-05
0.000267162508883247
0.000412216811538185
0.000192818823127032
0.000316684640701951
0.000461970937356946
0.000148343464620313
-0.000107138274773325
-0.000314601064943499
0.00697230488778837
-0.00159130708917108
0.231301945120581
-4.41592175955182e-05
0.000101008322043058
-9.78131312315999e-05
-4.07651489561234e-05
-0.000250428627794419
-0.00010764868981126
-0.00018377600128612
-1.31289688312849e-05
-9.2703932880285e-05
-0.000424258851366138
-0.00106954156877304
0.00741182553712734
0.0158944615831166
-0.00822717140642801
-0.000550698605107253
1.81154771497544e-05
-5.18872956920752e-05
9.66549321089018e-05
5.99942895155476e-05
0.000135894085527741
0.000149044758279224
0.000299191213472164
0.000334097931885995
0.000500576097705493
0.0171095715212032
-0.0019859276234767
-0.000468038240887223
-0.000213965537497562
-7.90230467367352e-05
4.12725385266426e-05
-0.000226664426793698
-0.000248840953404288
-0.000268326940155933
-0.000272353825963148
-0.000382704331588966
0.0108066415612603
-0.00220840644219144
-0.000307232995628912
-0.000248803186598689
-0.000100179069093796
-4.94540629666291e-05
-7.24364012495361e-05
2.04414874694341e-05
3.7477345440462e-06
3.79596903328099e-05
0.0116242561966545
-0.0026844946964953
-0.000526231664556999
-0.000125156030193373
-1.14172638910324e-05
-3.0801083246242e-05
-3.25180556579106e-05
0.000128891765771755
6.42203822933434e-05
0.0119178619680292
-0.00234292589376587
-0.000400236829927862
-0.00020471447251012
-0.000205158783941772
-7.43310045420111e-05
7.07490576118672e-05
-2.05849615709457e-05
0.0123955289704371
-0.00274644465768989
-0.000703060296183338
-0.000236385264289299
-3.11625121820531e-05
-3.42427725503927e-05
-9.8906486819768e-05
0.0139944608674579
-0.00374401075042781
-0.000549701078439196
-7.23399499687709e-05
-0.000127709228584565
-8.25609313236573e-06
0.0130363018582962
-0.00303662508151563
-0.000420193511820884
3.49739946161509e-05
1.51346837436068e-05
0.0123376631060683
-0.00284963959736992
-0.000283833760239456
-8.28197989324224e-05
0.0129406858058759
-0.003208178386967
-0.000156848986061106
0.0132436056208541
-0.00313678425668743
0.0138353093486227
