0.187821475936914
-0.0717484091037683
0.00135234539695784
-0.000751158426273351
0.00179925002808676
-0.000618275073535589
-0.000401859827300455
-0.000116743886858753
0.000639221042051148
0.000235124159674784
-0.000421263001322972
-2.1620506920641e-05
0.00387180154390881
-0.000939486844794413
2.1056013755065e-05
-0.000360073637605223
0.000272532345771202
0.000158764684835826
2.88927026884616e-05
-1.73711110282365e-05
-0.000246397146150989
-0.000258258745532641
0.000155462207395341
-6.44597837087459e-05
0.246203216609117
-0.0876057022777929
0.0017487799774089
0.00133075168122634
0.000198146279923893
0.00221302884337063
-0.000216081818031071
-0.0015056261327466
0.00157045876189665
0.000826839529116638
0.000251162855666985
-0.000527984265401409
0.00346984349853995
-0.000957931935542314
1.54501548059192e-05
-0.000104146469570178
0.000200139293210081
0.000182649380420824
-0.000555111041418759
0.000117857263917026
7.85396476199147e-05
-8.78511841145776e-05
0.000124958224139006
0.271662184052212
-0.102878000932117
-0.00683075573794504
0.000155941958011998
0.000724659391408508
0.000194666099757828
0.00128800137408215
0.000213531737547142
-0.00059643118712376
0.00115980364687445
-0.000866404379991096
-0.00024053038249992
0.00459642912632277
-0.000180284639838069
-0.000128635727803275
-0.000362885457767426
-9.76606985436634e-05
0.000121992410129607
1.46525467447235e-05
0.000178087107554589
0.000346006932952005
-5.87686006116107e-05
0.319568899121857
-0.111666999192293
-0.00569840015524591
-0.000472002857002967
-9.83948463463603e-05
0.00118140333598977
0.000598751480203407
0.000668159181922853
0.000991120458114839
-0.00052638659255616
-0.000359247266507987
-0.00136992124757526
0.00495791948378327
-0.00110389828394938
-3.08742156815044e-05
4.91217739823847e-06
-0.000392283043738384
-1.99985243845376e-05
-0.000191431482094712
3.8910523754581e-05
0.000160675878856852
0.317169017489314
-0.0937936203607029
-0.00522388804996547
-0.000329516590653637
-0.00253461025568496
0.000637362119163461
0.00125280198565274
-0.00149171584032657
0.000576891120963625
2.29709198876002e-05
-0.000145103163589288
-0.00130205119854656
0.00479051726311278
-1.19359133471182e-05
0.000277231029825194
-0.000106880451920995
0.000180981716025317
0.00018554923592058
3.25768493269206e-05
-0.000346383909747173
0.247900231712178
-0.0699768583645634
-0.00347167375431383
-0.000497792694443671
-0.000128945746273924
-0.000634463137189109
-0.00108664633584559
0.000214113381296891
-0.000409932880188039
-0.000170583644321222
-0.000576563753713369
-0.00039289153659724
0.00497470755205688
-0.000346122632418008
-1.52874958575894e-05
-0.00018294267434162
-0.00039965491921953
0.000271537422624728
-6.91130547547566e-05
0.202797733658904
-0.0699930711088808
-0.002861844413478
0.000541907766935485
0.0017795018938703
0.00106424154700551
2.45660969889396e-05
0.000107693805011335
-0.000124108936928352
-0.000366564576444217
-0.000719545157775949
-0.00103925937616755
0.00529483676923354
-0.0016068948994379
-0.000284276392731481
9.682589412421e-06
-3.15576394196659e-05
-0.000106866390427983
0.174322920084202
-0.0614149100386818
-0.00210329596266926
0.000214514508511886
0.000350897274265726
2.95561251934567e-05
0.00021431312065851
9.30916069046238e-06
0.000207250771486909
-0.00026289205300749
-0.00046835618863035
-0.00122680358989096
0.00536690726569693
-0.00121798118629498
-0.000361138890929618
-8.31056501897596e-05
0.000208293565174779
0.166822440239852
-0.0614346442839443
4.43166007230871e-05
-0.000230979411446803
0.000109200394017746
-0.000327389452798579
0.000118196841983495
-0.000204103335199964
-0.000244900273833431
-0.0005346518449232
-0.000655197897184446
-0.00110738336725028
0.00473170255754179
-0.00119551924293317
-0.000397364462956716
-6.67662348145899e-05
0.160058435739261
-0.0586348637600647
0.00168463074619341
-0.000180274954786286
7.20676699928744e-05
1.41290147822966e-05
0.000344544247106735
0.000184065209781648
0.000105790604983984
5.52521264526832e-05
-0.000457928437334776
-0.000732054533338971
0.00521499530078281
-0.00122962329184617
-7.10832257513788e-05
0.173022956121855
-0.0577121886276824
7.82864011372505e-05
0.000168165953194977
-5.12288135091194e-05
0.000174321183066007
0.000221044544078694
0.000225179232685739
0.000231346086128135
3.38052829790019e-05
-0.000258469748809388
-0.000434557874206949
0.00538669592668057
-0.0012255326121395
0.184315719429788
-9.83974090548526e-05
-9.21545964882552e-05
-0.00014063953593087
-0.000105344993428116
1.1867881142934e-05
-0.000428882795142638
-0.000141783726778986
-0.000146324191532439
-0.000216845776469047
-0.000765377118250047
-0.0011370376079474
0.00581408757072058
0.00886199733762484
-0.00344436998593141
-0.000439561828559492
-0.000219384910341065
-5.85574366573476e-05
5.42971770244004e-05
-0.000150844286181233
-3.69931527228411e-05
3.044694910934e-05
-6.66252010399254e-05
2.42399312674109e-05
5.87518720105253e-05
0.00923300668741911
-0.00173940456132718
-0.000272469219866144
-0.000203570471304234
-6.96360250721522e-05
0.00024000408033378
-0.000102931669363172
-9.00393512922227e-05
6.79948416270835e-05
-6.26954605231776e-05
-3.3156662807092e-05
0.00803670726227503
-0.00183575711568956
-0.00019200754992605
-0.000171554153037755
-4.79260188794941e-05
-4.25586150213664e-06
-2.53727069862136e-05
6.00808755870881e-05
0.000102969410712674
2.25031259219594e-05
0.00882329995363353
-0.00219381171736328
-0.000375689197072897
-0.000149942663323786
-1.6783685475568e-05
2.62432781994478e-05
-3.22703080263412e-05
9.66129349919421e-05
7.12343134926935e-05
0.0091148463454873
-0.00181556603992304
-0.000237998148896663
-0.000112008833636743
-0.000104864297579672
1.85271624838318e-05
8.71976147811635e-05
6.77961053758888e-05
0.00974754336970157
-0.0022764304140429
-0.000589674842479453
-0.000135234041758588
-5.11006286616484e-05
-2.01718107175096e-05
-0.000105785204107737
0.0107335588560059
-0.00300125103501398
-0.000426951100733755
-0.000110217906738982
-7.66595298737284e-05
5.24237373918814e-07
0.0102873808914564
-0.00236518935159296
-0.000233393025904872
-2.48736539919083e-06
5.20799192322226e-05
0.00938014137671862
-0.00224488088094666
-0.000271670861087731
-0.000114525344288752
0.00950537882623074
-0.00233052348773348
-0.000198678875681467
0.00982367875586194
-0.0023834355842877
0.0100380633103375
