0.209395947693314
-0.0919032420032484
-0.000426799243845608
0.00108028183119975
0.00171652923498633
-0.000720753385706126
0.000454999348108462
0.000234510592026373
0.00142403159361502
-0.000401100311402816
6.19994970155902e-05
0.00058115485557937
0.00682469233747004
-0.00138106285159562
-0.000158944270398179
-0.00028884462319299
-9.57626979357419e-05
-0.000149492288311799
4.04513272598282e-05
-8.25336546294562e-05
-0.000190833854323737
-0.000158747410132643
9.1831067486455e-05
-3.44795040536808e-05
0.281723704510916
-0.098125425075045
-0.00181215370637016
0.000802140896701849
-0.00138167245128583
0.00204122156164136
-0.00117517693199695
-0.00100971222066098
0.000789540850167343
0.00222805505788725
0.00137303464803535
-0.000531362483655889
0.0078861343147242
-0.00150596962663399
-0.000331931325238225
2.01018761434569e-05
-0.000421738337359317
0.000466275046632425
-0.000170900747253745
-8.01249100717271e-05
0.000127168782246145
0.000428312605419963
-0.000589852044843768
0.303005853503322
-0.113178128080733
-0.00890324978400284
-0.0002429598385057
0.000476323754988028
0.000208095905138339
0.00100614006874918
-1.65938116248945e-05
0.000451985589787644
-0.00177307013221409
-0.00134391232721032
-0.000861120270520849
0.00870439147092238
-0.0015404145362669
-0.00030304574784161
-0.000643263496967888
-6.7955931279661e-05
-0.000402055349591792
0.00024682028840596
-0.000457240416097099
-0.000663075908380605
0.000166932949590516
0.349998333246727
-0.129184958369416
-0.00614860903881514
-0.000560125590914004
9.94650672793227e-05
0.000762759095927328
0.00145955413595944
-0.00212525723363718
0.00254323317557397
-0.00102042556666639
-0.00029873610570424
-0.00159519751809501
0.00992259963820036
-0.00237242459251027
-0.00065154447234428
7.32695863741339e-05
-0.000367849167014535
3.88146752962853e-05
0.000173867326175124
-0.000359479918742738
4.32597761994806e-05
0.346939340774078
-0.107622099393514
-0.00454943353664615
0.000824931682294207
-0.00256664522604206
-0.000182424079572138
0.00190899671254684
0.000842213730611644
0.000524385649495203
-0.000656935365204153
-0.00104735828700633
-0.00181376973881845
0.00880226481240283
-0.000463688109399267
-3.15564514799426e-05
-0.000385621264896479
0.000465977781508762
-2.73323931189668e-06
0.000234492262666991
0.000385962026291937
0.284603783287284
-0.0830906781707028
-0.00455013513142442
0.0026677974185181
-0.0015945765043136
0.000233538917180554
0.000850399018902456
0.00145668277767394
-0.00231257890678893
-7.00213984673382e-05
-0.000930553988008724
-0.00136003011359894
0.00949907948942954
-0.00129170126559302
-0.000573783808577153
-0.000720683480285251
2.29875496845997e-05
-0.000365679398063873
-0.000204467191458681
0.237299333560176
-0.0812983224946645
-0.00357516175778584
0.00174871295399923
0.000727400790274989
0.000668343527014203
-0.000165566558910473
0.000149817046139073
-0.000304599433191265
-0.000490782775493704
-0.00122079779045233
-0.00138504176139746
0.0103162450340618
-0.00265984035663791
-0.00037294285544058
0.000258437903428578
-0.000192420600892243
0.000225521267565716
0.217540791148178
-0.0732792307791573
-0.00322688276958761
0.00102334413333764
-0.000892517160687274
0.000321235993103709
0.000380346054578235
-0.000176545106506952
9.25777155251074e-05
7.03229016273055e-05
-0.00109141628818498
-0.00208383649259181
0.0104539786666382
-0.00226045822571506
-9.01524388122768e-05
8.09458267824239e-06
-0.000169914322032097
0.207049652858147
-0.0747574639642859
0.00158969861524903
0.00234038324208537
0.000207780510837147
-0.00112112993020418
-0.000360667570382026
-0.000396498056770399
-0.000552070793014033
-0.000569315871647252
-0.00119381106170421
-0.00186831495824337
0.00917665428977301
-0.0019628900975511
-0.000121987939072913
-0.000481933078773162
0.205263533619429
-0.0795617152128681
0.000596843470242348
0.000116971452435806
0.000383555089392983
-0.000175420087050037
0.000299624940667463
-6.00634662528934e-05
-0.000199999084294558
-4.55527335955173e-05
-0.000764295409679588
-0.000981525622920835
0.00941199971280061
-0.00202718623262922
-0.000489692803091668
0.20915191109476
-0.0686622277234618
0.000981569753574168
-0.000670827537866303
0.000329955679388297
0.000169691125298678
0.000366620350148833
0.000601355745553666
0.000168873804352315
0.000319396590206323
-0.000575675791809048
-0.000990070172882502
0.0100298742685852
-0.0023313949431035
0.211792568348831
0.000846257868406877
-0.000778830019188423
2.72258583180039e-05
0.000294913328606425
-0.000225059134101207
-0.00040177366613262
-0.000310281055133346
-0.000265909621112127
-3.88318325545699e-05
-0.000887129427362344
-0.0015584916472119
0.0114459171340838
0.0182280475702183
-0.00939174542272933
-0.00117232949673557
-0.000339111359831288
-0.000295641213573136
6.86402526947989e-05
9.01337060680689e-05
0.000436924422537492
0.000248347805554111
0.000231871149310725
0.000333484073004513
0.000618020181741505
0.0200866764861751
-0.00204309275813394
-0.000770207866429996
-0.000177043436153265
-0.000357575795544764
8.72150904334489e-05
-0.000468011638427811
-0.000428161259956039
-0.00039955278088878
-0.000263236126707025
-0.000520211492222223
0.012871650817556
-0.00248830530556335
-0.000699486240038209
-0.00045506164033048
-0.00012560631296468
-0.00011579113834395
-9.53782942711048e-05
8.40231531665384e-06
-6.84588340891229e-06
-7.00899137881156e-05
0.0138465049674566
-0.00311836335985798
-0.000878423116257986
-0.00019414588092333
-0.000222563692162908
-0.000118108234016099
2.51634943125719e-06
3.75734976325958e-05
0.000178815807539125
0.0145914838022467
-0.00270129950414664
-0.000760788044955135
-0.000450257128964767
-0.000250402044931352
-0.000166804007575349
-6.42252111118142e-05
-1.02582486093815e-05
0.0158244845529697
-0.00311741334536242
-0.00101383041166648
-0.000279104924785729
-9.24285442602045e-06
-0.000100082237167442
-0.000259937648738638
0.0163911479394919
-0.00377337790031059
-0.00106200254298945
-0.000108868725032408
-0.00013088978595524
-0.000156848839592496
0.0156529171793648
-0.00316812581611157
-0.000580910881544959
-0.000153989336585842
-3.18951257297475e-06
0.0149370809779338
-0.00309477847992787
-0.000399538692832242
-0.000119438689177049
0.0152149415618491
-0.00307111808325365
-0.000617906596968123
0.0150252766973834
-0.00311052147235257
0.0160456937682997
