0.188601554645683
-0.0822567268766333
-9.17206512870832e-05
-0.0015019574741625
0.00167681130206015
-2.85230015847763e-05
-0.000841269421803226
-0.000668417434617671
0.000769341911357778
-0.00100925507726452
0.00064712281910531
-0.00041971674035232
0.00582627360849196
-0.000213091462148307
-0.000340249166602033
0.000133134835306038
4.6888293610585e-05
4.98958158999444e-05
-0.00016927885859519
-0.00012868618096865
-0.000239251294585372
-7.10399776191424e-05
-0.000256110429313005
-0.000145303357512203
0.22657132022773
-0.0882732759006115
0.00220193239333252
-0.00203200518088603
-0.00148710216675292
0.00179128084644125
-0.0010455745688333
-0.000667890347831755
0.000745580693138211
0.000987573103112371
-0.00101850076598755
-0.00199186491566577
0.00764575112798293
-0.00147607550276373
0.000125420618590117
-7.08679951664011e-05
-4.538826368763e-05
-7.97294258036375e-07
-0.000385363407063439
-0.000215243411854063
-6.75020875928121e-05
-5.45418382617413e-05
-0.000182899792587959
0.249310593629007
-0.0960428192922086
-0.00497458721572294
-0.00127798160622825
-8.76889516757746e-05
0.000950778398757635
0.00229372924615866
5.28475737255364e-05
0.00112576731133844
0.00146475066645541
-0.00187459553616355
0.00097400478327009
0.00798330474041834
-0.00118462174832841
-0.000660044563213181
-0.000429118808653933
0.000519790572474839
5.12157044142148e-05
0.000359937797055503
-0.000593434715536929
-5.34091830214451e-05
0.000333679361626756
0.288965091422176
-0.115211367320048
-0.00720651879050598
0.00108684391784977
0.000254632454422605
-0.00057030734413615
0.000625090390161228
-0.000729602853411006
0.00288700802229556
-0.000643734647590256
7.21449322197396e-05
-0.000830123829536415
0.00787181177342122
-0.00192261106683354
-0.000462723486384795
3.79950502142102e-05
-0.000177334363127242
-0.000137238158485175
-7.95034213455073e-05
-8.62417186941114e-05
-0.00032931243210233
0.289020731980511
-0.0927834575269412
-0.00403569097464392
0.000427517989982093
-0.00253146232497941
-0.00020059784531898
0.000583159111916935
-0.000852805116415561
0.000261162607830539
0.000265285829220362
-0.000806130326753508
-0.00111340880271741
0.00775084896101321
-0.000881114300569715
-0.000580538906782556
-0.000379394492692225
-0.000247242261105679
9.31195518910406e-05
0.000346757103787828
-6.38502128462635e-05
0.242878601364777
-0.0734106004861535
-0.00282264612373954
0.00268750303695848
-0.0010759233565193
0.000419752863472732
3.19451165422698e-05
0.000346750231326578
-0.00086861701815233
-7.83899546377704e-05
-0.00101068511261909
-0.000823666855174568
0.00788553770636305
-0.00118928432662165
-0.000430377437342734
-0.000320065526095112
-0.000214240787593508
-0.00043384007950966
-0.000504916463987372
0.201217533928331
-0.075871944663659
-0.00173956756973004
-0.000149980457610596
0.000649409671797638
0.000819179325867641
-0.000324782728848364
0.00101334528398171
-0.000449005372922445
-0.000216916496860148
-0.00111618108169075
-0.000813503550968071
0.00850827683578261
-0.00250116034184251
-0.000371313214576955
0.000184213995184932
-0.000152326178892732
-0.000452042415105986
0.190323146477466
-0.0639811702353602
-0.00115769647050437
7.76925187292163e-05
0.000234626586077083
-0.000154330443831838
0.000330918654717428
0.000554255158369462
-0.000332441124926008
0.000226616707982691
-0.000840953319673187
-0.00177185357956325
0.00888699176978561
-0.00203993584967016
-0.000602483166809736
-0.000149837161695294
4.29663922135547e-05
0.183174541490176
-0.0649416695971702
0.000644040029728225
0.00124036822618396
0.000872585801716992
-0.00149928679469486
6.98642014706988e-05
6.007133193967e-05
-0.000847333720326233
-0.000421397373493402
-0.00059966713992807
-0.00152540491052297
0.00846087448987058
-0.00176125857923571
-0.000368762622940146
-0.000130207957744584
0.174230127840187
-0.065860237184574
0.00301374269119641
-0.00107978636564931
0.000981898071148993
-4.60399585193648e-05
0.00030486590081158
0.000397975177183415
-0.000258659129068141
0.000166039845639407
-0.000670249499572019
-0.000639497690640253
0.00852682041365454
-0.00200053352513574
-0.000438310162993524
0.161247011850082
-0.05942734775509
-0.000447738649932641
0.000875261022456084
0.000344815844851833
0.000436029005962627
0.000351601182005639
0.000658046915034594
7.55308139595825e-05
0.000219682912840092
-0.000764308472330784
-0.000299374079911892
0.00898734267120333
-0.00195938542616696
0.167541312182458
0.000996508028810637
-0.000940113298190872
-1.17470773938321e-05
-0.000138887239039123
-0.000432084399009334
-0.000236011176443158
0.000140648978964961
-0.000368394729231164
0.000110450149951001
-0.000786872563969893
-0.00130149271128011
0.00921903763243015
0.0198861416750501
-0.0114455413394985
-0.00132032409702962
-0.000381636998303033
-0.000418733893390404
-0.000680731422744422
-0.00103252566488324
0.00016336202894251
0.000269330383012269
-1.70315416791983e-05
0.000267085538155789
0.000693085682837065
0.0234786869665874
-0.00139252819071121
-0.00024065827178213
0.00017740398254083
0.000656177213001844
0.00106448395639225
-0.00021789800977187
-0.00050769797121444
-0.000241902352825141
-0.000253883595922716
-0.000674679879179104
0.0131194408519551
-0.0022384120377423
-0.000579412683719839
-0.000197119596112111
-0.000144500443814598
9.18188662781823e-05
-0.000181705665086216
0.000102293592685274
-1.46152494912158e-05
-2.23181899002931e-05
0.0139389819849707
-0.00289013549535619
-0.000738303634141396
-0.000195937237372724
-0.000180622161656043
-8.24265824625811e-05
-4.21628896607353e-05
8.9803046075606e-05
-4.91471813943954e-05
0.0140762412539839
-0.00259504171398641
-0.000664816810381039
-0.000313075300354036
-0.00021950456741194
-9.13343086349756e-05
-2.53900994075462e-06
-3.39646576086895e-05
0.0145423242668937
-0.00266112686673559
-0.000949317328757725
-0.000311180323173032
-1.98752019896515e-05
-5.91414747544705e-06
-0.00027562715192246
0.0149312290586031
-0.00339889385966503
-0.000805121318660741
-0.000148701571724538
-0.000230261758202786
-5.80467073526456e-06
0.0145641759773916
-0.00281929777909365
-0.000610626546169864
3.60904375316664e-06
-5.09945004233128e-05
0.0138557304835482
-0.0026562713925223
-0.000343874019978574
1.28505569092532e-05
0.0141340307825
-0.00271911438862466
-0.000512610915171004
0.0140294601591366
-0.00290837741389975
0.0143913484143494
