0.258840823251688
-0.0995137300602372
0.00152542907758109
-0.000336939024083795
0.000320030322847588
0.00136707947337144
0.00181483497176045
0.0014318298666922
-0.00183765793067801
0.0030292088326551
-0.00100005254859867
0.0015242373175825
0.00497066486528891
-0.00110345872196592
-0.000525323909314636
7.29552032953567e-06
-0.000204452236041055
0.00018621456141073
-6.08398133286678e-05
-0.000255858257559699
-6.71694623127612e-05
-0.000307979252849308
-0.000176711133062306
-0.000250333986934277
0.379774006746104
-0.133938549448968
-0.0014310165273247
0.00246158518556994
0.00160132374389949
0.00267115318219381
-0.00184235668817737
0.00120018454603811
-0.000565712327428377
0.00165267121742038
0.00330689558533121
-0.000464725025287655
0.0043043182391922
-0.000792343137625649
3.12597262108512e-07
-6.09244617581961e-05
-5.28849029242089e-06
0.000583532393646305
-0.000302739042219494
-0.000515745826717264
-0.000166875798898512
3.85417748383927e-05
-0.000144813226056355
0.447983492921539
-0.159319918764434
-0.0180516961914441
0.00215127019000407
0.00218960225202536
0.00232217004989914
0.00288966831341415
4.70488469804068e-05
0.0022283763366555
0.000137375043142371
-0.00114905879284975
-0.000874291840599606
0.00603601998037514
-0.000501723365363753
-9.76437968177604e-07
-0.000479473670263468
-0.000308224925023058
-0.00033404856452052
0.000321788312442147
0.000302747664394327
-6.11337395718579e-05
0.000265067332296812
0.540768761879457
-0.174422203616707
-0.0162769666707645
-0.00410577761184502
0.00147858890886907
-0.000974489194760022
0.00198526122821395
-0.000336096279741078
0.00101687059427509
-0.000475188816184302
-0.000840921403612773
-0.00145846459489768
0.00692033221120332
-0.00173305128689106
-0.000603615415730556
0.000900091908498598
-0.000457772118035611
-0.000294801322844464
-2.73493200328336e-05
0.00012722027889125
0.000535772099824979
0.553724088183105
-0.149803789452987
-0.00784357859433438
-0.0035442294396705
-0.00393166005942118
0.00107468219714806
0.0016197803711973
-0.000933048965199308
0.000280651127908756
-0.000380774651406779
-0.000968645533547235
-0.00186168452280826
0.00590599357585977
6.67667808304983e-05
0.000588010012538876
-0.000513202358816928
0.000539543881084753
-0.000142290103507014
-0.000400508055120901
-0.000791614336390021
0.416246365488204
-0.0977969991877552
-0.00785519262659473
0.00123320722112145
-0.000258669088861846
0.00127708428034083
0.0012834020589115
0.000940748001273749
-0.00117927774383492
-0.00043640920375529
-0.00125363372389012
-0.000843051506598767
0.00657996284620743
-0.000399390925974041
0.000424065272752255
-2.28434056477205e-05
-0.000268024612915522
-0.000448598632270273
0.000385872131465058
0.306599698403817
-0.0945971847686703
-0.0073297481897086
0.000238308571895878
0.00194596259575334
0.00225668843699307
0.000531448134963686
-0.00034520796934613
-0.000258271267100522
-9.50489504040629e-05
-0.000811220739355687
-0.00113280155233842
0.00712151269720367
-0.00188616943592601
-4.6643776991757e-05
-0.000122746731923435
9.92395414361107e-05
-0.000324756163945297
0.258555177465329
-0.0758837758322023
-0.00353735250906873
0.000386503858911781
-0.00228094216287564
0.000269164417032671
-0.000229819552012522
0.000297775985962862
-8.08818938052524e-05
-0.000374434914958677
-0.00071021735482157
-0.00119255703562479
0.00656572471282083
-0.00208935177277624
0.000140470160176472
-0.000150428791673726
-0.000145762256882064
0.230435367909075
-0.0737388384508683
-0.000354351081980256
0.000628082130039147
-0.000356255144293864
4.84428373919364e-05
-0.000372582703356586
0.000281808607247835
-0.000562543175205098
-0.000602802380467264
-0.000878162566150767
-0.00111589023126942
0.00660203600775926
-0.00182349879996581
-0.000249573094501937
8.52248474599225e-05
0.221072008914033
-0.0711654464921661
0.00172928176242844
0.0004389737615658
-0.000370514540200229
5.68175475070992e-05
-0.000170660516985367
0.000297840400302573
-0.000120422968020701
-0.000419365161752368
-0.000841713863851251
-0.000852071147660744
0.00700732899259692
-0.00169964970019568
3.88421539580272e-05
0.249740294272951
-0.0676257593171318
0.000558664120068784
-0.000738212727086778
5.86158905802019e-05
0.000125221986773156
-3.47342221154226e-05
0.000169287548027724
0.000542148782924862
8.98887830691829e-05
-7.6114427473858e-05
-0.000982001597776587
0.00711653667952692
-0.00190407298712887
0.276274431005872
0.000109333804897769
-0.000379546639294736
4.02316737771928e-05
9.57906689900033e-05
0.000159865513139845
-0.000407916909499716
-0.000513674043957613
-1.28065546670891e-06
-0.000208364923726275
-0.000407870640618205
-0.00145351195568923
0.00826488487912695
0.0114856988924054
-0.00490695436010167
-0.000421964217108189
-8.72600297808515e-05
-0.00010203523543166
-4.94507666703095e-06
0.000237829419513499
-6.49485505814804e-05
0.000114922130848487
2.96441618270153e-05
2.54875546962471e-05
3.24545319784178e-05
0.0124362411632553
-0.0022575517712898
-0.000385706155713184
-0.00013229410784897
-0.000161296755557819
1.11960630157749e-05
-0.000264162790480431
-0.000163238760659985
-9.56306724380541e-06
1.26520164166389e-05
-4.77119930449002e-05
0.0102723332010431
-0.00255073256155197
-0.000148167684699225
-0.000255957924094345
-0.000104489733328928
-0.000105379118074753
-3.42288502810492e-05
0.000119624984330366
0.000117249230768504
5.27677689737676e-05
0.0114108344556922
-0.00312700838886517
-0.000651953351729086
-0.000156299842721653
-1.27939891589034e-05
-9.87423750477927e-05
-8.4728575245581e-05
8.39041917033128e-05
0.00011875294494893
0.0120956772226819
-0.00263008353023371
-0.000547696042735229
-0.000119992053828306
-0.000108717686659549
-6.60229923749028e-05
-1.42874518934507e-05
6.96785740008268e-05
0.0129440714732659
-0.00335013042158726
-0.000565360341596384
-0.000159223567372541
-0.000112815235897101
2.02745990797123e-05
-0.000197464955133935
0.0149820534181444
-0.00419310147360719
-0.000652083841278167
-5.98822950020163e-05
-0.00016165358046973
-8.75045563938047e-05
0.0133038140292109
-0.00308528279275478
-0.00034956587681493
-9.62339618960144e-05
-6.30154479995293e-05
0.0124520472574398
-0.00292626848284787
-0.000337010976303443
-9.97682995936019e-05
0.0124449244857171
-0.0033171124974545
-0.000197980220413522
0.0132741144147892
-0.00346140170683273
0.014063992921115
