0.0989925197988114
-0.0448505305450721
-0.00185845171820638
-0.00233864461552673
0.00197891607110256
-0.000930401194409289
-5.06773468063721e-05
0.000233578945807226
-0.000589172834270438
-0.0013245995947753
0.000346797240290012
-0.000580406643090954
0.0192386853556939
-0.00451227811734999
-0.00131942785761493
-0.00146796806705333
0.000133012932484785
-0.000305268857142313
-0.00025441741501351
0.000282785328811078
-0.000414108456186944
-0.000409087097870447
-8.8674820900444e-06
-0.000114202581223324
0.11012533524051
-0.0411104523418752
-0.00138654176224125
-0.00194722318259592
0.000367172911667893
-0.000998290233110357
-9.73809801517337e-07
0.000153743159535247
0.000224717467436844
8.89090686919414e-05
-0.000213955339709767
-0.00323538715652123
0.0192499631381227
-0.00317650385476493
-0.00165431281081313
-0.000200782291597428
-0.000292481491945035
-0.000246133268974364
-0.000723539777840246
0.000116655742057734
-0.000152567311509586
0.000329526477896614
-0.00013119214696928
0.107304760186057
-0.0436733133208348
-0.00281990646300303
-0.00126601957677428
-0.00031861512861815
-0.000174847518977475
-3.92523397554078e-05
-0.000417042744599381
-0.0012362579573582
0.00059906979125517
-0.00150926267199214
-0.00247803052190703
0.0191918131615405
-0.00404303525476304
-0.00136087977388002
-0.0013197839248684
-0.000450307623042302
-0.000544948592421007
-0.000396072727377223
-0.000614807314258627
-0.000915575836778236
0.000491975599175963
0.12371257698494
-0.0514357913568783
-0.00198497153676159
-0.000141617569115445
-0.000405354155509594
-0.00066626629443865
-0.000239690657798174
0.000311800379175427
0.00156284752359517
-0.000243106840143948
-0.00339762691424422
-0.00306304366477294
0.0240701305753301
-0.0056430683043075
-0.00159586162461811
-0.0005264505203629
0.000263839673981586
-0.000579340252470301
-0.000435543888671788
0.00016202166450247
0.000233336890909679
0.125284053763986
-0.0483195996040023
-0.00136999963332645
-0.000736954008169065
-0.00191411917892369
-0.0014535502054531
0.000953387905963239
-0.00326337683711718
-6.9269697547887e-05
9.04948700125581e-05
-0.00215434084081907
-0.00457682996110703
0.0226186404164309
-0.00467235756308821
-0.00139898154263615
-0.00111901892745029
-0.000712706591209168
-0.000528436082067111
-0.000161302137207825
-0.000882378687242752
0.11813511508296
-0.039988398062614
-0.000581105472866683
0.000607090776567921
-0.00154713674321698
-0.000552739907509358
0.000836628707545525
-4.48325717500715e-05
-0.00130448962731609
-0.0013982268588868
-0.00187439333342987
-0.00344326188311959
0.023151594058161
-0.00322530030557095
-0.00108319893252944
9.26973564794514e-05
0.000321831589738945
0.000145297681685197
-0.000539581747247992
0.101445092818686
-0.0400434169492475
-0.00115699168001898
0.00194595249928469
-0.00121246526249917
0.000989372988132819
0.000813613146005581
-0.00140209186241251
-0.000372488237970907
-0.000463095157666596
-0.00235586924545988
-0.00229750291666714
0.0216543684706753
-0.00420724274125106
-0.00128839923040046
-5.3759823002635e-06
-0.00058374714985595
0.000276233382310535
0.103700575121015
-0.0403663952167249
-0.00268967962102406
0.000962421400153259
-0.00186224814710962
-0.000206758613406919
0.000286904334942412
6.04590974395876e-05
-0.000605601333328417
-0.000438425611060204
-0.0020422811458853
-0.00308368927582975
0.0205754629941081
-0.0041258708211169
-0.00154736822718699
-0.00013698758071793
-0.000537898018755907
0.106568495085779
-0.0440812415450748
0.00256054606213033
-0.000380628695497721
0.00151198725951019
-0.00151652732483298
-0.000532523750663948
-0.000467977673680423
-0.000769343754783281
-0.000431198425677346
-0.001434731394504
-0.0029771326700277
0.0203293668436783
-0.00303927730738346
-0.00093894206034792
-0.00030215272352744
0.120489727279152
-0.0468634405526863
0.00042581405035296
-0.000744333761838176
-0.000380356092923272
-0.000531750082055507
-0.000400521417271596
-0.000996697913795375
0.000305013872798292
-0.000461948824866026
-0.00147785905809696
-0.00180922098923717
0.0209811082435192
-0.00342959065072079
-0.00112984922435823
0.103256376945399
-0.0324715781610517
0.00116431763471811
-0.000559440158541136
-0.000572381416497318
-0.000454236048382217
4.37832460019568e-05
-5.56784283938493e-05
0.000194204858166747
0.000187238719753325
-0.00117396325182872
-0.0013439379495276
0.0212984934948001
-0.00368042093896231
0.10775692466007
0.000660385174484112
-0.00092652503809759
-8.2948555721523e-05
0.000279878441376367
-0.000707260363446436
-8.39556674151221e-05
-0.000500427197375306
2.43105228276637e-05
-0.000190921747679025
-0.00183575115414393
-0.00214059965528599
0.0241960746999787
0.0419976430769985
-0.0209077251675769
-0.00271678058366227
-0.0010629104184872
-0.000657933430393216
0.00030115219085828
0.000966420984184253
0.0003394635706898
0.000783009699337978
0.000633237526590191
0.000460997055245168
0.000974139637434612
0.0416310567531964
-0.00285874545043269
-0.00285710937257373
0.000140294396070969
-0.00130248665263053
-0.00166980966590599
-0.00123908142075166
-0.00112897753192807
-0.00111175644728654
-0.000589455700153632
-0.0011398533069893
0.0247750117407438
-0.00452673122051488
-0.00182236656496859
-0.00146314114784615
-0.00100652722117224
-0.000445465735633392
-0.000349576376237049
-0.000790624398387933
-0.000504473521235472
0.000109173417841358
0.0303622374973506
-0.00673701753101018
-0.00197521790593023
-0.000615903444776971
-0.000492156171563261
-0.000610294397582711
-0.000473462782177176
-7.11126805574237e-05
-0.00017745429181476
0.0299175446428723
-0.00563832565741639
-0.00234695416854977
-0.00123437743506085
-0.000650457739038264
-0.000814234873580382
-0.000293439073543492
-0.000527931980310818
0.0301013187504363
-0.0040306898531383
-0.00208913047413459
-0.000632289271989689
0.000516688701072892
-0.000230334942420525
-0.000317865966088843
0.0286183153033011
-0.00486939167070144
-0.00177927398969681
-0.000399404475418374
-0.000355660496436698
-0.000198433690559049
0.0270783509007177
-0.00473112398422017
-0.00162386787926953
-0.00010697317938949
-0.000400949295576228
0.027577510781871
-0.0042942122230172
-0.00130715582860517
-0.000362747772514459
0.0303341026014708
-0.00446650882751337
-0.00189476858394808
0.028934970030965
-0.00450374799691518
0.0323294393551803
