0.203817941380541
-0.0847249827077888
0.000771563149783293
-0.000645465411627275
0.00159339925260473
-0.000821103509027615
-0.000703721084651674
0.000904319857028
0.00130830445558023
-0.00249536011390571
0.000699672334578325
-0.00105805880551648
0.00578373167700733
0.000308509041457583
-0.000177761721592161
0.000210466506100185
-0.000306446116092497
-0.000296296573234337
-0.000481339049222938
-6.00064738355143e-05
-0.000124709060916277
-0.000380563611060919
0.000370770213775624
0.000244953786666324
0.253471195789048
-0.0915935164419253
-0.000965747884339132
-0.00172227092853461
-0.000340396230326831
0.00103915949652291
-0.00106563213657581
-0.0011097353573938
0.00130141181256801
-0.000746592934198199
-0.00156900344749804
-0.00189054873499362
0.00820654953472044
-0.00178117737161788
-0.000115285219254971
0.000153269283807472
5.22981186222913e-05
0.000592885012164814
-0.000221513741762367
-0.000284184625359612
7.03717590588236e-05
-0.000321484611984279
-0.00073791353659645
0.278343464468058
-0.096930010533
-0.00633107616108765
-0.0028692362778457
0.00212692846884018
-0.000614233889885746
0.00178250225416994
-0.000938148015549275
0.00219783545547052
0.000436792255061616
-0.00193452627646636
0.000540864651803205
0.00854799652464833
-0.00190499669020735
-0.000832084505255389
-0.000439584453464463
-0.00050363459558788
8.64733604591998e-05
-0.000328110609255204
-0.000693044304777156
-0.000347413584669267
0.000321758449115331
0.319402690666111
-0.117438674573147
-0.00764683406176448
0.000696217318387564
0.000453192032553907
-0.00250440892750915
0.00200941945519705
0.000295010012436152
0.00209564612479947
-0.000331093742569809
-0.000397801638467698
-0.00107404924271529
0.00841927844129055
-0.0020857590673756
-0.000906836014113515
0.000552783863827477
-0.000355028447637645
-0.000454153002604536
0.000647693893011252
-0.000357929509302046
5.08877123930106e-05
0.335178918470859
-0.0986533021253552
-0.00484249534522103
0.00208821147763165
-0.00167659645032828
0.000665100227561623
-0.000208749531757472
-0.000630580710922845
-0.000171724433118326
0.000722729535171307
-0.000592693910439948
-0.00168244676355078
0.00729082028869101
-0.00108934441620593
3.18133899316385e-05
-0.000397371523032069
-0.000420454317841431
-0.000209737207170456
-0.000329459586931874
-0.000828541472310652
0.269085386969285
-0.0771038886390217
-0.0033845459503277
0.00211074148383581
-0.000193540476248899
-0.000570961411559458
-0.00119014004713732
-0.000130050773091394
-0.000543673676171954
-0.000109263546640877
-0.000517647232259999
-0.00125101418259161
0.00793893096814615
-0.00165912845215156
-0.00064985627135055
-0.000255906443090426
-0.000279724368812067
-0.000388546569671605
-0.000668987343725572
0.227647478556241
-0.0794696299077608
-0.00144793677598307
0.000282879007912676
-0.000353034277314999
0.00266793485949703
-0.000431012539920506
0.00100007357500596
-0.000446126745796557
-0.00031899196301391
-0.000493867463179836
-0.00106877439605773
0.00909196165892463
-0.00264582814847112
-0.000571219535925377
-0.000272981220434554
-0.000221107859874275
6.05740729823862e-05
0.217446050871479
-0.0679770811734435
-0.00298759173208592
-0.000443338773522695
0.000185624062193659
-0.000895599788629761
0.00103041894244452
6.76942575142707e-05
-0.000300652416409042
-0.00012179541267977
-0.000517815637674266
-0.00164428833707724
0.00861442769920803
-0.00265341651981478
-0.000638244199225095
-0.000564453099670598
0.000112410890412909
0.204607916591381
-0.0683394780575449
-0.00033361682118723
0.0031284146225033
0.00106323421263264
-0.00168295384379748
-0.000193347995677291
0.000220265980704083
-0.000646626503979987
-0.000977410591999186
-0.000718528181061681
-0.00142171286364382
0.00950751034060758
-0.00230131185103357
-0.000300286678396504
-0.000177610589917484
0.206301664222987
-0.0745592896108275
0.00294248570350285
-0.000706808645423213
0.000423761812360342
0.000281942691550791
0.000132424405052597
0.000398795151940043
0.000141771935596588
-0.000133592451017901
-0.000610602214901733
-0.000982863681247025
0.00928976039613439
-0.00277241819356644
-0.000644329336041442
0.207579044357944
-0.0690274448616753
-0.00080072345742862
0.00131255946067395
0.000383064588336397
0.000628458743189176
-0.000146592228335535
0.000303223971372935
0.000303824389790426
0.000209049662209562
-0.000548495076661082
-0.000469196913360213
0.00982311261363135
-0.00256752762617731
0.230237989432527
0.000436642440919424
7.14821126211615e-05
-0.000108064852386219
0.000104019612114915
-0.000174296307527301
3.29384651728921e-05
-0.000205515956947926
-0.000230439737865299
6.06301209133484e-05
-0.000851538279694216
-0.00168543519232319
0.0103666875620353
0.0186069631395638
-0.0103140601027731
-0.00141933313501617
-0.000406355404652624
-0.000394003245246987
-0.000731643118792861
-0.000218429216553635
0.000243155488442625
0.00047014898196445
0.000211199795694045
0.000530165148696238
0.000776037318072446
0.0229891608401264
-0.00123432941791636
-0.0001100863889301
0.000165106760256389
0.000666059847045134
0.000306191101481947
-0.00022448677877427
-0.000872661252785952
-0.000469783120267121
-0.000416970436999667
-0.000876816443920724
0.0129878999492753
-0.00232487902019417
-0.000524162737439349
-0.000282878360424677
-0.00015412624882834
-5.53754542054807e-05
-0.000240688140994814
-5.7163317137437e-05
-1.16456314642071e-05
-3.60079759212546e-05
0.0134764940330526
-0.00290059050311286
-0.000727692115104829
-0.000187352819843845
-0.000222320052516572
-0.000159545067678238
-1.23785596217227e-05
4.43205130328662e-05
-3.19897203171399e-05
0.013812131784075
-0.00268530894589109
-0.000593633315008236
-0.000238574972497612
-0.000365886121702152
-7.48289547092797e-05
-0.000150677940855916
-2.99651528964308e-05
0.0142542066369219
-0.00277025979644393
-0.00101669371874086
-0.000387222046858785
-9.57645634949163e-05
-5.59811741470394e-05
-0.00026918701768672
0.0152330787799649
-0.00380911139144691
-0.00090349426194375
-0.00025714979759936
-0.000101169758156043
-0.000125140797628403
0.0149465744519832
-0.00310108210075517
-0.000583141160802544
-4.84831792979162e-05
4.17776358404652e-05
0.0149771354638331
-0.00314640995970407
-0.00038859642794765
-0.000147010547467582
0.0153047905361515
-0.00328091393289508
-0.000441642712267463
0.0155304722272023
-0.00337555228420398
0.015822026472549
