0.148882203489718
-0.0700661999697404
0.000622191287240276
-0.00339898798181252
0.00141150715080528
-0.000159982657190777
-0.00112434258095162
0.000104363671523164
0.000384520538350431
-0.000764379503690759
0.000338558348348127
-0.000928550275020842
0.00904729961390201
-0.00114925870187618
-0.000507830131634395
-5.63008183418529e-05
-6.64131529362586e-05
-0.000146907126358516
-0.000320255035914856
-9.93508539825842e-05
-0.000570160202233364
-0.000114334459671729
0.000335534546650143
-4.87946934087539e-05
0.173183370190156
-0.0691512478398265
0.00183409146579991
-0.00164012998783892
-0.00136936782150973
0.000355765165877769
0.000455977330091871
-0.00181675293424007
-0.000395146483986206
0.000907189994814314
-0.000384402137190422
-0.00166043402797913
0.0113817455200811
-0.00152861692475504
-0.000603246589004154
-0.000239710120242044
8.54492345482891e-05
0.0002521207878676
7.04768541282502e-05
-0.000382862267119383
-0.000435169633823219
0.000413594846307247
-0.000201374017114663
0.18548887199262
-0.0766394994981432
-0.00353046688306544
-0.00145187053178056
0.000265911344608782
-0.00163988880944214
0.00121555549972578
0.000924716769539377
0.000215248784616067
-0.000222924947732986
-0.00110427810605176
-0.000395521477668737
0.00997178924687827
-0.00139023499599886
-0.000479316687484788
-0.000869559074072836
-0.000532519088713967
-0.000351197754296919
-5.41857839824177e-05
0.00047622894747237
-0.000551775107089531
-8.43333903473977e-05
0.198697453012911
-0.0844783358748144
-0.00437722539909269
0.000648761637548417
-9.08835169953563e-05
-0.000764171563871842
0.001344924735338
0.000142776704831392
0.00274137491940474
9.33528842806309e-05
-0.000804416471161343
-0.00108007364524785
0.0102496529982161
-0.00196468886816632
-0.000528373176711452
-3.29534622141269e-05
-0.000195485297484714
7.60307713248634e-05
-0.000825776123688877
0.000217751188136399
0.00051709949589227
0.198009860618835
-0.0747944907610242
-0.00307599090783327
0.00214213329804168
-0.00243990230684952
-0.000597445888365474
-0.000603250570147578
-0.00219546397806385
-0.000960104324449357
0.000263479811789783
-0.000600325365845787
-0.00126694814053895
0.010169127262554
-0.00102892701129585
-0.000547973998128773
-0.000313404465865881
-0.000294560024327951
0.000118028370244597
-0.000147805142379869
-0.000968642753067467
0.173159215834603
-0.0562823854972983
-0.00286386237122211
0.00311135046704862
-0.002278248351499
0.000129929676877366
-0.000240856749945272
-4.46404671523518e-05
-4.335517894991e-05
-0.000632516930876149
-0.000826401538991486
-0.000983740404846877
0.0116808215379098
-0.0017448468687953
-0.00107244238035501
-0.000583952391606521
-4.94345523729203e-05
-4.330926714755e-05
-0.00067137777633117
0.142074137540221
-0.0565108099282156
-0.0016054422424005
0.00119099752429758
0.00077484974322242
0.00131947012619603
-0.000302726244597182
8.97028281656178e-05
5.48195399465852e-05
-0.000391388350107018
-0.00126163332981395
-0.00136169020501508
0.0115258837694504
-0.0031276556606457
-0.000791922646358486
-0.000183196476500015
-0.000225647984871441
0.000309408021923955
0.134429233549152
-0.0523070653633066
-0.00213074742515217
0.00112377951053169
-0.00125390389746093
-0.000320247788939827
0.000645211279893319
-0.000357851543672504
-9.39590922979577e-05
0.000114014742437599
-0.00114737102636319
-0.00184596172599627
0.0119551313672092
-0.00271485553923017
-0.000632389119837299
-0.000232679159196703
-1.06019934483332e-05
0.134751059526763
-0.0546542433583329
0.00246152596794072
0.000222620557659259
0.000904863152825578
-0.00118767910899888
-0.000108384588088366
-0.000440100193526636
-0.000253053394424572
-0.000884338771636057
-0.000977524653388858
-0.00157607015341974
0.0119196791541735
-0.00244916910291532
-0.000143976844414457
-0.000409472354844539
0.13991659494628
-0.0562143195470989
0.00363873251872436
-0.000601035485370939
2.68536579625168e-05
0.000312919287531332
0.000147456431932512
0.000408460654057507
-1.77176137196525e-05
-0.000487335588972837
-0.00085633298898722
-0.00158281140898761
0.0116575633887509
-0.00296753299278062
-0.0001743618214478
0.125952904825225
-0.047520184890325
-7.23421310546145e-05
0.000797959232380165
4.24638625789991e-05
-0.000116541898956735
-0.000231123570567059
-4.37872051318752e-05
0.000327714531163087
0.000305092027064722
-0.000405433199809145
-0.000859028028072981
0.0120813453413954
-0.0025981430326232
0.12831214948619
0.000580663611058461
-0.000737149482779617
-9.35895504272814e-05
0.000109159116192535
-0.000594506935425679
-0.000441785451947765
-0.000337483267188569
9.36541416313477e-05
-0.000284629453746166
-0.000963295773216299
-0.00172104829010222
0.0128605903620883
0.0188665130231273
-0.00829838842139178
-0.0011455680568462
-0.000551056451032753
-0.000448805983872518
-0.000394622512665941
-8.86503006164795e-05
4.80066469723996e-05
0.000235515606840244
9.14192178018502e-05
0.000261816905008927
0.000683371492511692
0.021693840003127
-0.00170351353317112
-0.000546362772248254
-6.18116354269372e-05
-0.00013472207868361
-0.00015133321063995
-9.99284846652022e-05
-0.000544080454808405
-0.000323656216059
-5.59929224795203e-05
-0.000617975485555745
0.0146087424221702
-0.00256950202705531
-0.0007143226048108
-0.000582189239417776
-0.000231877204539228
-0.000116969406484495
-0.000186718682957908
7.53911392727097e-05
-2.57804355204124e-05
-2.66585163152237e-07
0.0154567027178135
-0.00280429363833593
-0.000864716658731364
-0.000468344412737786
-0.000280187428283504
-0.000303565588747818
-5.08794249835286e-05
-6.98380443937414e-05
3.14310968379452e-05
0.0156203196703873
-0.00267087678342908
-0.000851824695325705
-0.000429179356568366
-0.000237221286178483
-0.000245634804559144
-4.5043831672704e-05
-0.000305694439776122
0.0172649312113425
-0.0030622741812991
-0.00168328935753854
-0.00048433066319756
-0.000211411733540713
-0.000295565916364454
-0.000319261724686387
0.0174698421034989
-0.00418917995982129
-0.00116054945040566
-0.000216369209035777
-0.000248456316108325
-8.14622505977984e-05
0.0176982882325525
-0.00340868186543378
-0.000925352758876766
-0.00014554709328905
-5.01505104285249e-05
0.0172220599418188
-0.00348718919684389
-0.000621460888436144
-0.000267385274878045
0.0175438090868426
-0.0036355274429902
-0.000627629180289751
0.0175727450558535
-0.00328271038783771
0.018042397166179
