0.14442650951203
-0.0631005237476013
-0.0022874940408559
-0.000594841639823788
0.000499026698746043
-0.00278832587528803
-0.00037227846592104
-0.000108600157462206
0.000132536012670567
0.000722456546375477
-0.000324566099294549
0.00046427562525305
0.0149963030465969
-0.000965238475497184
-0.00122599101905627
-0.00127741824899409
-0.000178351354588635
-0.000747349580838605
-0.000400481020070014
0.000143069917695265
-0.000271142743155586
-0.000296968691334422
-9.52167792466559e-06
-5.27042690245953e-05
0.180204310262516
-0.0666400715951198
-0.000266182334807539
-0.00251569028114764
-0.00168849240540578
0.000355878362889927
0.000951793231613968
-0.000561736852241279
-0.000471046219730315
0.00091358004563884
-8.20772804338522e-06
-0.00331108058594475
0.0180411112016256
-0.00277609165577405
-0.00110034145393156
-5.41689528147758e-05
4.34769149508651e-05
0.000404915455380923
-0.000341666784182343
-0.000345321799432983
-0.000366778752204926
0.000399630807665183
-0.00046249813259877
0.200475546806384
-0.0822026916348403
-0.00476823211870303
-0.00260566739260943
0.000390884703186756
-0.000532652663693555
0.00103688606845163
0.00034586056991456
-0.000848691455216334
9.627217573658e-05
-0.00245396358589255
-0.00118328867473229
0.0181836296242267
-0.00264623519241003
-0.00046042626921633
-0.00157537706209736
-0.000805068596106599
-0.000533566342049742
-3.79195159795805e-05
7.6272160969729e-05
-0.000383441353892272
0.000903401203514259
0.251395888214953
-0.1060768217283
-0.00395364389687509
0.000102464422339011
-0.00142972196720262
5.59240881562743e-05
5.76221194170437e-05
0.000171171907042086
0.00264036048797333
-0.00145383493598434
-0.00165028926339366
-0.00205204598419747
0.0188224154242771
-0.00342997151607487
-0.000681671569717914
2.25775092887044e-05
-0.000355604966592184
-0.000567403417299407
-0.000424286264360375
-1.75179509144244e-05
0.000239613818578141
0.255135893874507
-0.0847189691363856
-0.00462386561052904
0.00174835928359245
-0.00190514644831571
-0.000551426742133398
-0.000203852641623404
-0.00268988032891495
0.000398712713515198
-0.00100656860247752
-0.00194617525822573
-0.00266368466256041
0.0180429525711903
-0.00221991281527757
-0.00120271525459833
-0.000265131266427391
7.32970400640545e-06
-0.000494823034009416
-0.000380618934032787
-0.00108953186383859
0.199463005521855
-0.0536105535295247
-0.00237316416643725
0.000107733454859148
-0.00158013245905221
7.45169226649091e-05
-0.000706245825065083
0.000508712775953357
-0.00186260459740109
-0.0012825100645106
-0.00212864274917281
-0.00240644239097304
0.0196021335800786
-0.0021806598271767
-0.0017025705045327
-0.000514230179738096
0.000195211250817813
0.000266261352065534
-0.000837120016463091
0.150998910451726
-0.0570988465942842
-0.00246226864575088
0.00124543817543748
-0.000872041134571769
4.44948458882242e-05
0.000589021189649261
-0.000756202282041324
-0.00046882801230152
6.05062667152306e-05
-0.00179014795818515
-0.00164662933400158
0.0196202419328675
-0.00455876263393543
-0.00164092818858984
-0.000138472348340905
-0.00052117136383656
-0.000413290748458318
0.138021085042634
-0.0498431796340044
-0.0026854106592356
0.000888336166318013
-0.00132658422249114
0.000262346063922869
7.41962667808094e-05
-8.48330295326503e-05
-0.00144292498731632
-0.000414791414373497
-0.00222824052280564
-0.00309984936656655
0.0202517062002108
-0.00401732098576757
-0.000872300325937074
-0.000167569695850251
-0.000490370418736988
0.133621619675137
-0.0553885967220961
0.00127440860837394
-0.000373184274433643
0.000548337514656259
-0.000872380092386253
-0.00016232186917366
0.000236063156033286
-0.000890046884385951
-0.000568652390575871
-0.00215004446920147
-0.00186009229870634
0.0207320870177521
-0.00346514257810433
-0.000646193252712121
-4.65855477235098e-05
0.154987602119477
-0.0588013750586414
-9.62495706970615e-05
-0.000641537891855967
0.00037447705882671
9.09267171232249e-05
-0.000131282482436178
9.68860536015051e-05
-0.000569799528968791
-0.000474455777918323
-0.00175648844475613
-0.00210123607898931
0.0209108574520921
-0.00369512077105674
-0.00129540441218126
0.126667405399235
-0.0462522512226953
0.00110607664045222
-0.00078419561026758
7.2806121993331e-05
0.000230600690770696
-0.000108545104171889
0.000610812866773103
3.6756475642416e-05
8.97270449510611e-05
-0.000941340253715765
-0.0017718752426364
0.0192367985055288
-0.00416780648314723
0.124130253050895
0.00056469364270846
-0.000754047194164738
0.000212387554160516
0.000356839623628697
-0.000335660897774348
-0.000685584683392117
-0.000456102550202031
-0.000221318731336537
-2.27465948776002e-06
-0.00172512575884223
-0.00193167518059014
0.0183228818643475
0.0308830884634717
-0.0143823852216341
-0.00238012452747367
-0.00104078828630612
-0.000394168920299521
-0.000148949766735373
0.000544748828443659
0.000276989293177323
0.000728673694125346
0.000162717796940022
0.00058093041014754
0.000889333862897652
0.0336001779028197
-0.00301819853970667
-0.00190299040128504
-0.000384357410707775
-0.00061459876070119
-0.00112004079424592
-0.000745433176105513
-0.000848196677681211
-0.000468122114059355
-0.000522844345605012
-0.00083222170105058
0.0234714054532625
-0.00373307343279219
-0.00125572110164718
-0.00143772229107191
-0.000544603132209789
-0.000121475315465084
-0.000461075398286985
-0.000140203547151749
-6.25973099877505e-06
0.000166298653161439
0.0247870186361629
-0.00474507552284532
-0.00147426281697826
-0.000435782043607482
-0.000763304511027929
-0.000295483916346414
-9.04045634850651e-05
2.30069834946877e-05
0.000211777960657881
0.0253410466773176
-0.0037907881347391
-0.00165212306283303
-0.000898127664164716
-0.000461418265499155
-0.000292152597117027
-0.000253126573596339
-8.77738034443747e-05
0.0267917998895312
-0.00415069902422294
-0.00223540401123592
-0.000525739540510031
3.71724717333414e-05
0.000126539686405315
-0.00055381077867584
0.0268805747375578
-0.0056978093422221
-0.00182756770674993
-0.000414946395743195
-0.000355225870371101
-0.000255397303389847
0.0268194194498799
-0.00466760418001764
-0.00117552748631522
-0.0001119414367982
-0.00021141607938071
0.0268207815611844
-0.00457509844948523
-0.000938321571921254
-0.000352122104227693
0.0288232728754631
-0.00476247120035261
-0.00125327354805394
0.0250164935957056
-0.00457907085504038
0.0235816276596492
