0.125642279604685
-0.0565373511183814
-0.00356398498578853
-0.00256943013106336
0.00167355413218693
-0.00297314587594931
0.000274323129880664
0.000217804656582377
0.000317138156356786
-7.98008542784878e-05
0.000231286148597195
0.000734266455411241
0.0248236522809512
-0.0036618222216449
-0.00269092686562218
-0.0028628475884893
-0.000368856161445119
-0.000246982410809858
-0.000337600661858513
0.000172959232203585
-9.43863772855098e-05
-0.000273217425809414
0.000230291112665778
-0.000268928320356793
0.143968170512974
-0.0463478659905243
-0.00262485364860186
-0.00309343667748302
-0.00028440183028697
-0.00108234398532909
0.000819695568998168
-0.000850911846485756
-0.000303038327808612
-0.000517767158820123
-0.00134775789724431
-0.00634273903393289
0.0293810851582858
-0.00475692192830255
-0.00243451947564814
-2.79030919564316e-05
-0.000586932819178162
-0.00082667797539294
-0.000630034243770199
-0.000116345786364577
-0.000616862859078089
0.000432783518268071
-0.000243790617210493
0.145712558412229
-0.0600985666316104
-0.00663163131612586
-0.00169414218272154
-0.000897319081459263
-0.000902415603520486
-0.000366411861623951
-2.07632974462271e-05
-0.00110317395463536
-0.000214177359095094
-0.00463746940871324
-0.0030245252702562
0.0276651174238538
-0.00550664586342936
-0.00179775630306811
-0.00219743071974833
-0.000989819001676574
-0.00110641601090008
-0.00105660638054947
1.16955005301504e-05
-0.000405844416779324
-0.00018350393533637
0.187816667759643
-0.0765862062351737
-0.00351381181631786
-0.000140098394294732
-0.00116972702198983
6.39704651581453e-05
0.000270166925164604
-0.00165052416351461
0.000928712495078571
-0.000293510747262515
-0.00422380875677233
-0.00484090416861386
0.0325173064318939
-0.00771174100239683
-0.00198051958855073
-0.000431534554630277
-6.75543111565836e-05
-0.000281882964805751
-0.000519642821119653
-0.000464212380676282
4.201997807766e-05
0.192780723819904
-0.0622207002988473
-0.000998205818856273
-0.000983253170814822
-0.0018271320861138
-0.00154713921658862
0.00227689951318099
-0.000947833691524801
-5.77950230752348e-05
-0.000650566295429501
-0.00357287741563599
-0.00712098323583853
0.0317000507431564
-0.00482184309938316
-0.00169180109607219
-0.00141547248264558
-0.00029705902579702
-0.000193003392816705
8.37298619626225e-05
-0.000500877647217738
0.156785302944414
-0.0419297651433607
-0.00149478841548128
-0.000273255788346076
-0.0025727506954954
0.00115422218926916
0.00132205670063743
0.00118324521748439
-0.00409880172371935
-0.00177731985190985
-0.00249167660994546
-0.00614354796716373
0.0318215944641463
-0.00364528778107261
-0.00191044798471011
-0.000258628146301149
0.000264789326848077
0.000458001738670671
-0.000655796138896694
0.117782448559229
-0.0416450832559514
-0.0026752642085403
0.00302657550443725
-0.00208869769822442
0.000357696036719686
0.00205683259869278
-0.00238945073531031
-0.000945493167258252
-0.000926859276966186
-0.00307595740676477
-0.00394175612914846
0.0292407085078831
-0.00579064948881802
-0.00155839346825844
0.000182385126842697
-0.000902794682024133
9.97360362902408e-06
0.114187270720389
-0.0417679142050699
-0.00425325240730817
0.001477204013471
-0.00169037302656694
0.000748925591475192
-0.000118320741629181
-0.000177547171898543
-0.000212896380444263
-0.00102875993819323
-0.00285702932975871
-0.00496495917418009
0.0280825993326862
-0.00539201054153565
-0.00197326025716039
-0.000208767533220658
-0.00028244471751572
0.121088998193117
-0.0495800539026475
0.00452854223435386
-0.00196861833533927
0.00146175912352955
-0.00234686856235145
-0.000372379034926529
-0.000870548704119663
-0.000780958672276413
-0.00117102152721331
-0.00233597252115928
-0.00445553378730192
0.0282301388715637
-0.00421359581714795
-0.000948408343758676
-0.00054555042493506
0.155849611267669
-0.0586680506289241
0.000282858557026894
-0.000770189782533956
-1.80430229829785e-05
-0.000148659846942979
-0.000138924856566589
-0.000739149929015209
0.000334746485751281
-0.000792207261656066
-0.00216526463631473
-0.00300182358059287
0.0293713960003554
-0.00454913027133677
-0.00155805327290587
0.108561128244862
-0.0343757176338559
0.00126763662421124
-0.00124357431755972
-0.000713501121985413
-0.000627765031990911
0.000208454483915183
-4.8188371040275e-05
1.87235036248417e-05
8.24356220003211e-05
-0.00212097071326849
-0.00262284489120526
0.0249072191518955
-0.00394111987624957
0.0994057448323159
0.00171354027203003
-0.00185106178319117
9.89799703286711e-05
0.000348914545179003
-0.000643929739029768
-0.00069704333151322
-0.00029599732458345
0.000513364878732946
-0.000414937541336794
-0.00235343400091304
-0.00292135048873934
0.0232215858374965
0.0478087727589142
-0.024741415343205
-0.00401402810691638
-0.000947104595871968
-0.00157285372462408
0.000793239533793162
0.00140445869629736
0.000903231190348022
0.00124983626494177
0.000624128646802947
0.000666134633297443
0.00102468332709531
0.0520863992356503
-0.00385829456470022
-0.00427457721628423
0.000868071100553804
-0.00227182713021909
-0.00263736517913468
-0.00145950144757547
-0.00172538456909517
-0.0012933041856712
-0.00054666114156565
-0.00124553081314247
0.0310069877513928
-0.00624194304687409
-0.00240460654946501
-0.00185324478376705
-0.000921615234631551
-0.000721210588246119
-0.000477407469680381
-0.00045737697568673
-0.000468195880687856
6.23354388310153e-05
0.0368814271962521
-0.00853904508251587
-0.00261420072477524
-0.000983022571800028
-0.00060751790214854
-0.00056355569815106
-0.00015131632104049
-0.000111838709765123
-0.000121978038793398
0.0373437267189036
-0.0069596490004403
-0.00281676477533131
-0.00149762404920511
-0.000890338278407909
-0.00066117194857775
-0.000100703707300212
-0.000451787559527798
0.0373690282362044
-0.00523368173581082
-0.00303074078663579
-0.00102731329468202
0.000328355942202148
-0.000365556831198895
-0.00038672355563097
0.0340963377017255
-0.0061817653972455
-0.00198692907066462
-0.000724008926494645
-0.000508905747517421
-0.000167008914086297
0.0332210149025115
-0.00587336475370801
-0.00191353292658728
-6.44654525319796e-05
-0.000270878378964992
0.0334951175988727
-0.00506162477266943
-0.00145039831103246
-0.000384368456068928
0.0369334839835118
-0.00535918012751843
-0.00212522805269793
0.0295862783536251
-0.00428900303651978
0.0268115710686541
