0.238268260124215
-0.0926106642949356
-0.000396820272555979
0.00280135227362379
-0.000978981423484857
3.39264245425493e-05
0.000171642391501982
0.000952049234929701
0.00158377331406237
-0.00212762606497093
0.00112142168010451
0.00204609996272559
0.00465688150239414
-0.0010065539853484
0.000296479478211695
-0.000602274349783197
5.93352323930289e-05
-0.000284431606835865
-0.000289022120253119
-0.000222249870434531
-0.000153929189615108
1.74348664691336e-06
0.000284434890488795
-0.000270626829727074
0.332675969850988
-0.109429849625791
0.000868384774807352
0.00025915444672189
0.00133245634648901
0.00200614908854186
0.000530721268871631
-0.00171923993848274
0.00251473890232034
-0.000579503741916564
0.00138591119787911
-8.87326821033213e-05
0.00281303510766234
-0.00106361810544159
0.000538347882684247
5.27648683257376e-05
-0.000211096437147626
0.000143344150394352
-0.00036805096337786
8.12895670885676e-05
0.000174161115877173
-7.0723503012319e-05
0.00019769709174636
0.3678960682906
-0.125085205048183
-0.0113276498640375
-0.000705666328371443
-0.000544112719519372
0.00210188266562258
0.00122317781328683
-0.000178512969555842
0.000882377750233869
0.00135456992505719
-0.00076870886036232
-0.000729352789498965
0.00565913845672822
-0.000450702380745484
6.91171501393215e-05
-0.00063815960125248
-0.000628426558899631
-5.10734068985441e-05
-0.000341209035030964
-0.000167101415044954
0.000273109578876809
9.38428034220118e-05
0.434335379772109
-0.13967874167955
-0.00722601506559089
0.000889320761777346
-0.000247938981314333
-0.000123513697767107
-0.000863565240039129
0.00244174925994713
-0.000567118265488782
-0.000155214996424724
-0.000526495546613127
-0.000567950945861779
0.00574080361236506
-0.00055113364435218
-5.05407317237655e-05
0.00046809773012939
-0.000447409824563636
0.000197601758362765
-9.95940948940516e-05
-0.000127330650519064
0.000285350466619345
0.413221409480983
-0.116045838473905
-0.00668698439047894
-0.00111176427614504
-0.00274372259660158
0.00215397233133434
0.000708312232129359
0.000430176043989651
0.000665792850315235
-0.000593002860890438
-0.0012322794444466
-0.00168898193632064
0.0053841141055796
-1.80431568665328e-06
0.000844511830718399
2.75100911460918e-05
0.000224988401509968
-2.7449641839883e-05
0.000110136753724134
-0.000523307172241619
0.338936536856586
-0.0840601584996286
-0.0040711009942453
0.00172442827458677
-0.000702045916287217
0.00122077417558947
0.00249125842627053
0.000780991214746826
-0.000422535948175748
-8.39324219801846e-05
-0.000510704835812154
-0.000999028332761183
0.00560933624086502
-0.000370562247876378
-0.000100935148119908
-4.40024479608157e-05
-0.000244770452213075
-0.000146931002991892
0.000407703258039145
0.274498998715755
-0.0853115204340798
-0.00546071052099196
0.00200855504485551
0.00248684114127942
0.00060955460460213
0.000133180352707148
-0.000674880437498261
-0.000244267242478335
-0.00027305867053223
-0.000907240446899939
-0.00102292477468229
0.00684771563022103
-0.00187668951858635
-0.000103309151558235
0.000453442403272352
-8.03288848789884e-05
-0.000152689800845831
0.241650901201995
-0.0692778956683132
-0.00248385626335644
-0.000800257868461561
-0.000325298179447492
0.00042083772422464
0.000267755246887866
-0.000194685110325873
3.69212446766826e-05
-0.000371200019592345
-0.000573533387918958
-0.00134754525384824
0.00607868347121052
-0.00200798703475377
-0.00019798039874594
7.90068482696733e-05
-0.000255223189306619
0.222583660532787
-0.0730505553817928
2.5767746013994e-05
0.000785161344560892
-0.000169842065906748
-0.000272501411096459
0.00028530723180104
-0.000148140543821948
-0.000236838961958693
-0.000817168341499282
-0.000797984036200846
-0.00120642843665038
0.00600313340752452
-0.00140096426057654
-0.00030608857788576
-0.000112023571359895
0.210572628520242
-0.0667299867115124
-0.000173586962551137
0.000296181500092967
-0.000108474743708484
-0.00017401702690001
7.29954337977912e-05
0.000310692039434642
4.74862353096463e-05
-3.22342051592233e-05
-3.45722235768887e-05
-0.00107935328214646
0.00589158680034499
-0.00158231771859857
-3.64870260462548e-05
0.233151644475239
-0.0661558605151889
0.000251992327708626
-3.58489316398964e-06
0.00023900319554957
7.45998815418002e-05
2.3021266303072e-05
0.000427180544433518
0.000423404536448883
-4.14884509814374e-05
-0.000302816174870797
-0.000382988870796518
0.00661639271969437
-0.00168081519259859
0.247752189946829
0.000529689869851616
-0.000531270726393831
0.000313902625569147
0.000198216120278187
0.000171251776396995
-0.000261448686777092
-0.000334664037995494
2.49793569769762e-05
-0.000141775396875976
-0.000647872167641425
-0.00157770758379092
0.00740556321413471
0.0115756143596663
-0.00525104941744165
-0.000591179333815208
-0.000172461519117621
-0.000181869362230176
0.0001165295851133
9.8233465860872e-05
8.32855845751078e-05
0.000211865434197428
4.43937074329616e-05
0.000108874905180519
0.00018455348689461
0.0122902700058568
-0.00186347504937165
-0.000334464194100666
-0.000145408219314348
-0.000182532859677546
-5.5348743695505e-05
-0.000128002304432284
-0.000213807807690002
-4.67303967784638e-06
-7.82480433387669e-05
-9.37705562614846e-05
0.00945793452132843
-0.00222419679236196
-0.000178894287594888
-0.000292998574019843
-0.000187512162474401
1.80896375978406e-05
-7.53460451698362e-05
-2.80287439476234e-05
5.78662280811945e-05
6.83203297444765e-05
0.0101274485100599
-0.00260804514131952
-0.000426314520561047
-0.00013611263393194
-0.000103700000282326
4.93585620808856e-05
-0.000116263703858532
0.000139633282730743
5.82172199105947e-05
0.0105863189273542
-0.00235355592024987
-0.000469116806493198
-9.10932551290651e-05
-0.000160014774014691
-8.9095578749492e-05
-3.90747030403858e-05
7.46616738524299e-05
0.0114987562068776
-0.00268334104005997
-0.000605475550548618
-0.000139508009291068
-6.64136274378532e-05
-1.74009099609581e-05
-0.000184811415865977
0.013198785545919
-0.0034810219456744
-0.000667378927063758
-6.11386458436137e-05
-0.000230798508010469
-2.69389747227839e-05
0.01210188642214
-0.00278289021833343
-0.000338309099992676
5.8494237747357e-05
1.94136832530469e-06
0.0113481206613108
-0.00254691672852351
-0.000402256180624505
-0.00011282260677415
0.0116180609770562
-0.00286795677619165
-0.000359012804574844
0.0117216996020052
-0.00280017533533664
0.0123134772312179
