0.111048415566115
-0.0425439429129581
-0.000805918725156635
-0.00118787848127123
0.000674169318133482
0.000573976378573855
-0.000844195388846277
0.000172042496747964
0.000104966743410351
-0.000639266908318554
0.00088213014429334
-0.000164607515181268
0.00850257233047048
-0.000687347023214071
-0.00066230767562156
-0.000629145189841718
0.000116020617139985
-0.000164557179327386
-8.65607080752899e-06
-0.000153989212183046
-0.000172057291551673
-0.000116784971441998
5.00685638860299e-06
-0.000185170659356119
0.131805762625942
-0.0508483516620475
0.000148103211584094
0.000108970407923229
-0.000573291884099724
-0.000196570984535463
-0.000534875146481207
-5.08080352626883e-05
0.000971901734261645
-0.000682190662074458
0.00105944544518555
-0.000970903442248036
0.00911690678602727
-0.00172209547771253
-0.000332616720619067
-0.000388287700047383
0.000155839423536315
-0.000134470558442486
-0.000240550785398371
-0.000154087615898623
0.000273361648515956
-0.00026598511584314
0.000170862299856912
0.142068186640435
-0.0487415492036925
-0.00388773271306878
-0.00143559227458151
0.000307428393029145
-6.49179830158493e-05
0.00121698076512921
-0.00123014357479405
0.0011252046389231
5.15970126414787e-05
-0.00119785666024661
-4.68711913159061e-05
0.00951089744942708
-0.00201696066324116
-0.000578928114791132
-0.000756545279659092
-0.000240837786041549
-0.000291782160557535
-0.000104138904386737
-0.000179886547831968
-0.000271272979524376
2.19437631419414e-05
0.149827398996122
-0.0546854861222209
-0.00224354133715
0.000957386386980015
0.00021740940701299
-0.000709783919152344
0.00100245207342052
-0.000298314859348517
0.000628706928503277
6.97305509901925e-05
-0.00145834446220998
-0.000999777555750272
0.010512829964839
-0.00229399013941409
-0.000646963389759863
-5.68737397319976e-05
5.86793151373725e-05
-0.000148287191501522
-4.44348270777328e-05
-9.3756146874074e-05
-3.80407606899306e-05
0.147520773091881
-0.0462130988030834
-0.00213012364773865
1.31194319445414e-05
-0.000586723313426722
-0.00144790358178408
0.000192506020922344
-0.00118528246574259
0.000438350756492501
-9.41099634576355e-05
-0.000635795420489471
-0.00117217779172165
0.0096847154826334
-0.00146194143704566
-0.000640083869686269
-0.000225735974626507
-0.000113881145182942
-0.00037927755127428
0.000168230571225636
-0.000292380184076427
0.119337787577634
-0.0361791392809323
-0.00125451372078331
0.000347921221754287
-0.000877875026822413
-0.000351203768397769
-0.00024031716341808
0.000426744153024047
-0.000455489826985827
-0.000340128488826892
-0.000682742166373926
-0.000462053088466776
0.0102662252347028
-0.00157824605408312
-0.000781011062534504
-9.11085638777552e-05
0.000124461564524997
-0.000119863525897665
-0.000123735852458802
0.0962296900627315
-0.0378795468382314
-0.000832297221303274
0.000543236092192822
0.000507880916536413
0.00133948006171245
0.000271970161704532
-0.000597359450418534
0.00010325859002566
-0.000264000866403329
-0.000864708865096291
-0.000689279393605085
0.00947802188411722
-0.00244910066527826
-0.000900060785631165
-0.000162948006429882
2.02686980725801e-05
-5.49686886734355e-05
0.0948993015155897
-0.0354173264594237
-0.000430617028638416
-3.70763114942546e-05
-0.00130978035116511
0.000285830039357391
-0.000282186101570244
-0.000143102192322321
-2.99662150753044e-05
-0.000167808777907394
-0.000949496667981191
-0.000871686716822813
0.00967034440042904
-0.00221147335534156
-0.000512608148623726
-0.000180963078646675
-8.4023413246194e-05
0.0943232834177776
-0.0367834452575155
0.000258937802033717
0.00158330015487657
0.000586638244636063
-0.000901320247050553
0.000101446666268768
-0.000288682072951692
-0.000176580126182019
-0.000394165764266734
-0.000760044873529192
-0.000888987988702365
0.00956432517610795
-0.00192709008814896
-0.000449257277115769
-0.000150918162443953
0.0978292656954126
-0.0367506500004418
0.00128857921674331
-0.000440653788393415
0.000198394433489947
-7.57382413054708e-05
-0.000230389100470911
-2.62807625374346e-05
9.86996136690229e-05
-1.34567879812087e-05
-0.000428240487994063
-0.00056480561469127
0.00978186956555175
-0.0023389868837278
-0.000332830336348634
0.0919379325366219
-0.0337647003719684
0.00052867309568053
0.00018583734758212
-3.22105267973459e-05
7.44506119514879e-05
2.55262539822571e-05
0.000226026759077382
0.000129594762445924
2.27427383175514e-05
-0.000183123255813653
-0.000357602677671616
0.0102585289771658
-0.00192160104237273
0.0949296796565256
0.000382247161550812
-0.000664604597818537
0.000107307210066424
7.53525508032931e-05
-0.000256117792948108
-0.00024449996190172
-0.000113278050446168
-8.20368658280463e-05
-0.000185907397379416
-0.000634709346519
-0.000838697344474802
0.0103392286988871
0.0229427952182864
-0.012959580818381
-0.00126305586590722
8.75741825522681e-05
-0.000162996992678018
0.000355736281486649
0.00043556185941826
0.000229187195124972
0.000591471940011063
0.000437589024828907
0.000348112446665082
0.000830847840654113
0.0240461805320395
-0.00150356558258195
-0.0015114573319282
-7.35164363356203e-05
-0.0006178048348638
-0.000801485585411685
-0.000574358139387806
-0.00069931221570074
-0.000372282493628901
-0.000370785203532938
-0.000680957205010799
0.0128787820924232
-0.00232538157952928
-0.000521495497854358
-0.000664756462636238
-0.000255234827332062
-0.000153196447487306
-0.000149249824206986
-2.13679267556109e-05
-0.000147701139614687
3.35114609235089e-05
0.0144424996026
-0.00290249565474732
-0.000816020031980171
-0.000327060507791757
-0.000215457719826582
-0.000207832594413703
-0.000153337317286613
-2.067705676938e-05
3.68756025374257e-05
0.0136877782504626
-0.00234682157893199
-0.000766514583565309
-0.000420650418476574
-0.00017192879927333
-0.000333686333811378
-1.60057745267875e-05
-0.000140939053005517
0.014440926958861
-0.00235965368041327
-0.00109825285318017
-0.000346065652238263
0.000165319008740006
-2.66310795969161e-05
-0.000142620555697638
0.0146015254031292
-0.00311311679969424
-0.000880244241544673
-7.1416549865156e-05
-8.53435924861283e-05
-3.30035898055967e-05
0.0143617936854769
-0.0027372924629606
-0.000681160062357438
-6.51051243131438e-06
-0.000156236152781623
0.0140278466492164
-0.00260558896961644
-0.00034091718919673
-0.000103261860533212
0.0145605030102246
-0.0027502045268643
-0.000545576983392364
0.0145806147011356
-0.00260899062102693
0.0153223776060617
