0.151844926389017
-0.0559184415269485
0.000428392773329735
0.000391640627626675
-0.000299536109725674
0.000954273967925408
0.000638254644012055
5.89536151911276e-06
-0.000531413184767617
0.000432560843805992
-8.76882579544739e-05
0.00016523682556032
0.00686681092960151
-0.000597792441174914
-0.000435161678680557
-0.000185880412203789
2.49492414206257e-05
0.000158981075135312
-0.000164740668656736
-0.000213634502812563
-2.54044159577876e-05
-6.59009877910982e-05
0.000240955625970268
-0.000261596546993863
0.197855468376854
-0.068953976586951
0.00113037613343931
-0.000401826137892087
-0.000259522494122985
-0.00018005732809191
0.000371143535876841
0.000123174420368675
0.000567244543064371
0.000456539674971193
0.00156573402235447
-0.000498042069274588
0.00718199083428064
-0.00144701301834894
-6.55409750934735e-05
-0.000182575881004839
-5.86998493883198e-05
1.62237831822086e-05
-4.26031174685261e-05
-0.000150095316381402
0.000183327580261194
-0.000362922277602044
0.000240355456632462
0.220172728731274
-0.0789904082792832
-0.00371214079770387
-0.00120289575875135
0.000500778359574974
-0.000120473552231581
0.000587258135727689
-0.000266810711409427
-2.58820604665403e-05
0.000205092100062835
-0.000352819089353497
-0.000878458772263064
0.00758666752917
-0.00126037027077362
-0.000207120081359144
-0.000508022243682339
3.35353368330247e-05
-0.00027728076747075
-0.000194018755274175
-0.000110842242637016
-1.2383709362554e-05
-2.74064306125026e-05
0.255663836302835
-0.0940634386036762
-0.0041240630923169
-0.000294678400659553
0.00032366534016809
1.8952508574189e-05
0.000509111119508716
0.000460481267574042
0.00125815858915321
-0.000241432717227884
-0.000276778409614174
-0.000827597321269515
0.00807673207231476
-0.00131706300158873
-0.000648845191366247
0.000137518092301085
-8.60829986011932e-05
-0.000106241964511721
-0.000243191387343391
0.000161767428989261
-2.57300763244263e-05
0.268567778345035
-0.0825077725987473
-0.00254801479016177
-0.000849915278467416
-0.00172046556003069
0.00100757337052409
-6.27301374822771e-05
-0.000766715261994162
0.000116181658210929
3.19297098924798e-05
-0.000507676096102362
-0.00101408787562751
0.00733486390554395
-0.000503924335822663
-0.000359835884390774
-0.00023998523579729
-0.000158559813811744
-0.000252298515773531
-0.000192992077298255
-0.000292108933114006
0.218273532230002
-0.0615574838533469
-0.00238398048343805
0.00100121077132227
0.000236098939800781
-0.000360244374547042
0.000364728358802824
0.000287926724627556
-0.000584812538406299
-4.30706429200181e-05
-0.000632603797543948
-0.000661232761155649
0.00780479536288674
-0.000980589898067191
-0.000419699336384785
-0.000135085172972716
1.92246766644465e-05
-0.000208801989023777
-0.000256722643849908
0.182535634429879
-0.0648623220413057
-0.00292305783823083
0.000218099350049733
0.00048988170738106
0.000383825106345796
-0.000232889541642929
0.000243278781968044
-0.000230258220478007
-0.000212393581589603
-0.000730291130135628
-0.000731041762887771
0.0080596637115088
-0.00209306849549027
-0.000633393338563854
-5.65503053481875e-07
-0.000232303432451855
-0.000226376650757554
0.173916237238864
-0.0585139928931423
-0.0018466075606083
-0.000362638806494771
-0.000541382674302399
0.000109878488457059
9.03439096313043e-05
1.90221591829269e-05
9.50189102287843e-05
-5.31268411804856e-05
-0.00072967765727706
-0.00101570902503292
0.0079818413425849
-0.00205029243278465
-0.000584031749183309
-0.000162679659148029
-0.000228106517502504
0.164414704987115
-0.060835896969022
-0.000129093757336465
0.000384932357641955
0.000407360075354759
-0.000569556783106894
-0.000150072961439728
-0.000101794432155262
-0.000420641827542501
-0.000323282142071198
-0.000866438385381637
-0.000903537339462224
0.0078860539549283
-0.00170413474241582
-0.000398216518638009
-0.000191737443290503
0.163266141614964
-0.0579518355518976
0.000659837702257118
0.000329067501572976
-0.000316087178847591
0.000141388767624397
-9.56228769460516e-05
0.000273704687595807
8.66391076134817e-05
-1.82196664641684e-05
-0.000419976980454154
-0.000691850985758934
0.00804710348044097
-0.00173983753122857
-0.000297885526834725
0.161703463169157
-0.0530825664636808
0.000184324645931293
0.000262008099111538
0.000112449259348939
8.7538274741615e-05
0.000130523168431442
3.89178252473383e-05
0.000289604833868047
9.82426100362631e-05
-0.00031675879930554
-0.000397959120827607
0.00859597587364919
-0.00185068324984715
0.168014845638038
0.000410541619700504
-0.000473135689840004
4.07121069282029e-05
7.28329386016265e-05
-2.87273757138982e-05
-1.89171713702956e-05
-0.000234550988473805
3.10854591892411e-05
-0.000164284784845766
-0.000474992105708047
-0.00105667723993576
0.00892300029242311
0.0195645467847713
-0.0103674424400144
-0.00100451537693933
5.88683171805768e-06
-0.000109962034124152
-3.02183487942871e-05
-5.02751347705382e-05
0.000265036031761163
0.000345533923930067
0.000364574469929728
0.000299844212701608
0.000773482570826504
0.0204901808042191
-0.00168850942296923
-0.000855891947828968
-0.000301300438545165
-0.00024058398230279
-0.000112926186412714
-0.000436416920787444
-0.000500239244228331
-0.0004747902483121
-0.000252827208114783
-0.000742602355490245
0.0117633131023966
-0.00210147315100116
-0.000483556957116903
-0.00041276112443892
-0.000262926278601081
-8.49917766535882e-05
-0.000123259437202501
4.15992607525904e-05
-5.19379946023654e-05
-6.00770033485401e-06
0.0127321090932895
-0.00244687280074918
-0.000712842892746568
-0.000261248103430421
-0.000154430115845297
-0.000127914366584428
-0.000182332712141533
3.67831114482837e-05
7.05632495864918e-05
0.0127618711247197
-0.00222054184129861
-0.000678099928985353
-0.000288492984602504
-0.000249017994680808
-7.4091446899491e-05
2.88232035206711e-05
-3.40729419155215e-05
0.0136478022846151
-0.00243240189915675
-0.000943203092959502
-0.000318510974506856
1.14804632944032e-05
-8.68136234827336e-05
-9.76960673763561e-05
0.0140075894205485
-0.0033677455605071
-0.000822253528525311
-5.55700467073504e-05
-0.000170756062030206
-4.9762220554816e-05
0.0137880633288572
-0.00276186317358062
-0.000616119639710364
-2.26953200326376e-05
-4.08227816125806e-05
0.0132905017843821
-0.00263777703312942
-0.000390394603820192
-0.000177451157763928
0.013853729913644
-0.0028548355535284
-0.00035887674726046
0.0140222604272886
-0.00282737056586217
0.0147860469388094
