0.161080853664554
-0.0589600659832491
-0.000949682447934549
-0.000527998290810598
0.00173965594221795
0.00100074190821987
0.00130814898227954
-0.000605783334771118
0.000433465967541445
-0.00135894857914998
0.00150265037083982
-0.000367281026668606
0.00264934228874176
-0.00118668803968246
4.69309373333478e-05
-8.61824646478757e-05
0.000241894724775521
-0.000121030789557253
0.000321132588040483
-5.50477781602011e-05
8.06753838680886e-05
3.58967773395277e-05
0.000119786694550764
-0.00011531835281379
0.213131052652525
-0.074570800290496
0.000901127158819811
0.000450549494150766
0.000784773871439313
0.000139210488530492
0.000778414828015347
-0.00142830931994747
0.000909655277473393
0.0014183008696108
0.000724307024478701
0.000408904247033396
0.0013563321564661
-0.000820431719856575
0.000103687400542939
9.01225571812202e-05
8.4814856241329e-05
-0.00014916393113731
0.000225057413464708
-0.000237199309984737
-5.09483768902092e-06
0.00012898161791536
2.03707949396995e-05
0.237498878857332
-0.0831611262014329
-0.00542184617250852
-0.000312614806792538
0.000260471524865107
0.00014907365860948
0.00198205041705471
-0.000162501817511887
-0.000516924338013967
0.00115751817934741
-4.18668276959377e-05
-0.000609796569488771
0.00247876062717693
-0.000793838739731029
-0.000163168900965664
-0.000326352689472157
5.75496121414774e-05
-0.000151748671415693
6.56435427084119e-05
-2.12175125539267e-05
3.31478715729101e-05
7.2906989500642e-05
0.264435562594184
-0.094520647746959
-0.00777063874913293
0.00226169457255359
-0.000323590116085156
-1.92784336746467e-07
0.00108157321376521
3.05768418832398e-05
0.00186493013702341
-5.05001556064187e-05
-0.000570047300440402
-0.00071136344602216
0.0028088728725701
-0.00113987941303453
2.43911168991522e-05
0.000319445372596028
-2.9600857486844e-05
9.35842187916445e-05
7.38089925192521e-05
-0.000369644156143908
0.000433297495086098
0.266761540049818
-0.0850649294082546
-0.00508923855107339
0.000442130550007565
-0.00232173076316268
0.000588143056994633
0.0013093603411685
-0.00212848802552909
0.000584253708284371
-0.000537461440804898
-0.000288902872153417
-0.000522044429326628
0.00283544618724605
-0.00053453544077317
-0.000138044150707669
-0.000158182483386567
-0.000129587238820482
9.22586431874671e-05
0.000134321848144321
-0.0005021858428842
0.235424970879893
-0.0708667357603315
-0.00423370667491961
0.00108744363981074
-0.00184809342090412
-0.00119052778435164
-0.000422466324963101
0.000224949855824694
-0.000155148257263283
-0.000158254806507765
-0.000630472805421454
-2.74553923059274e-05
0.00251905658539958
-0.000659772503630152
-2.32898485239902e-05
2.49985016046394e-05
-0.000304111718400512
-0.000121860014132197
-0.000201199442405539
0.206449615185182
-0.0738223224018851
-0.00187776176256507
0.00119637764433365
0.00232013489404403
0.00122926785159682
-0.000236619928391838
0.000377920791951381
5.62089558690462e-06
-0.000186333108338382
-0.000496938308895719
-0.000481378064895613
0.00303776098836865
-0.00122155419990143
-8.04512540597465e-05
7.13210762261227e-05
0.000184107650083991
-4.70782399879741e-05
0.181833682068446
-0.0673798271850915
-0.00154731318623292
-0.00162543671001342
0.000204352074598344
0.000125587289040201
-6.01442215569505e-05
0.000110552656215725
0.000131586398551993
-0.000118839178030129
-0.000214403853329535
-0.000847912861641219
0.00276688270408017
-0.00113602912674934
-2.17283300695367e-05
0.000110914908548611
0.000290458936697823
0.173411416647996
-0.0688589743085848
-0.00203289638846496
0.00244333841140692
-0.000203112758421006
0.000104150540041785
-7.17386227233371e-05
7.22617165515056e-05
-0.000195742882147747
-0.000173945963379418
-0.000155090276049539
-0.00109545507231626
0.00241380917437422
-0.00119462333669568
-0.000490531841716565
0.00015661773544106
0.205260529985805
-0.0711729311892148
0.00398294678338278
-0.000915756995393684
0.000492497634813099
0.000280363803583508
-4.99859928344454e-05
5.47847691667698e-05
-0.000164123092400211
0.000234177849238532
3.19449739496306e-05
-0.000187678902270908
0.00280672569048962
-0.00130396236326467
0.000160068680662814
0.17311161152078
-0.0659678437401455
0.00051575711643693
-7.83574953384214e-05
-3.09006645359503e-05
0.000218166673622184
-2.64907848336378e-05
0.000416329378652928
0.000257526721864294
0.000185250497692792
-4.08183132342917e-05
2.23282791371786e-06
0.0032265676984388
-0.000744418138146997
0.183751807302072
-0.000784326773562657
0.00033047509591535
3.57707847699094e-05
-0.000121132741996127
-6.96333690287099e-05
-0.000386735184334721
-0.000320124621766107
-0.000397326416316058
8.59293651194382e-06
-0.000606949105895706
-0.000970691537513606
0.00362460379120171
0.00995356330321239
-0.0063445125985496
-0.000316857569581874
2.97865165381797e-05
-5.59043202805042e-07
1.11909011494859e-05
-7.86190142258769e-05
0.000127255963025554
7.58141095352197e-05
0.000187890830636941
8.44425621996688e-05
0.000288487839874474
0.00953873000632054
-0.00143431021921001
-0.000303983315576137
-0.000158129003503115
-9.65337257547437e-05
1.53558757556504e-05
-0.000187962978612821
-0.000109127485004493
-0.000219118465610755
-9.88213777122924e-05
-0.000205993995661172
0.00526518049883053
-0.0016791105052727
-0.000188745028371512
-0.000151041390097293
-8.21260981609915e-05
2.00105415402627e-05
-1.52895168177464e-05
5.16495665851195e-08
1.50760944166662e-05
6.93929900091125e-05
0.00575238905034437
-0.00175975057462528
-0.000333604089159609
-0.000129166445452141
-4.03539627138907e-05
-7.55936806022181e-07
-4.22630990682775e-05
4.85133198470927e-05
1.44693387587879e-05
0.00578831627676637
-0.00169817091528739
-0.00034420955032452
-3.70955528947959e-05
-7.16453491788493e-05
-3.65116248549963e-05
2.09313424413856e-05
2.34609465538292e-07
0.00665714049361089
-0.00213110718332526
-0.000328990682442156
-9.61538804030766e-05
-3.50286687370709e-05
-7.03262280824731e-05
-3.72622104785905e-05
0.00768121488506153
-0.00230069413822306
-0.000322921926355177
-9.81239679553918e-08
1.65455540315617e-05
8.57833990962534e-05
0.00650430088929508
-0.00200721680950139
-8.0882792623866e-05
3.30565884837319e-05
4.59664991091287e-05
0.00635539015112692
-0.00196175915770937
-0.000182305219688845
-5.18303845531756e-06
0.00675636706113235
-0.00201577217241791
-0.000118306715161636
0.00680414750956789
-0.0018892119303936
0.00734067954792715
