0.151172634665771
-0.0698923437934949
-0.00097372371509916
-0.00102008012482922
0.00248603904269378
-0.00150371187695392
0.00110981840581038
-0.000645093140709025
-0.000463052303858747
0.000292132644671747
0.000840202863403446
-0.00202810386227157
0.0114939043191037
-0.00173665674906575
-0.000984701621050911
-0.000679005006601561
-5.79702462841342e-05
-0.000247381833964674
-0.000225998830874801
0.000144852497458898
-0.000551452265900488
-0.00026822094166889
0.000251602815422774
-0.00042829658557543
0.173701705889521
-0.06892593073729
-0.00078856481598393
-0.00145788203988713
-0.0015536480461435
-0.000348005528479328
0.00124263860844237
-0.000373737102876782
-0.00138455225336307
0.000353789900311507
0.000245997794911955
-0.0033891613389989
0.0142047867904885
-0.00230409042742549
-0.000734059435997055
7.3407255386598e-05
-0.000450454906331855
-0.000116100997550967
-0.000598369747184047
-6.75081326811775e-05
-0.000393914665392
0.000231795892604145
-0.00022282147688815
0.178024418545244
-0.0724120226788611
-0.0027896563179417
-0.000460164979934879
-0.00098779939056824
-0.000628277369166168
0.00101347511347549
0.00142207481609216
0.000125953344468756
-0.00170552750639674
-0.00226255120947852
-0.000653233901092468
0.0132445924481878
-0.00223657850640696
-0.000715574423380932
-0.00065922415994525
-0.000355200681003815
-0.000103479320325621
-0.000325933267940095
-0.000377515218792033
8.88873221991898e-06
-8.93458616434614e-05
0.195634506887368
-0.0840824097532231
-0.0020802845123184
0.000385540474039938
-0.0011174040403256
0.000132201266795694
-0.001085281331932
0.00183539383360169
0.00194094010193913
1.99447875538377e-05
-0.00178834618058148
-0.00216825077752392
0.0145835530187201
-0.00286860087779406
-0.00110782914622307
-0.000400621016761443
-0.000255364596534004
-4.22558800443978e-05
-1.90937988351274e-05
0.000321266113836223
0.000484984211958225
0.193208970521281
-0.0722931572748185
-0.000876139951182425
0.00024356155444257
0.00048809133600014
-0.00166166612243083
-0.000442406179503502
-0.000361689323989492
-0.000131189312984774
-0.00044635542332517
-0.00140542182840811
-0.00288810302021132
0.014881935464476
-0.00219835806808898
-0.000726809243820559
-0.000596912181952679
-6.7746126872624e-05
-1.92833757226769e-06
-0.000435182319208052
-0.000418455987631868
0.167408081964521
-0.0585722266960373
-0.00113507602212332
0.000777099995537864
-0.00048965385205555
-0.00115831334477923
0.000567789915730149
0.000365362245225145
-0.0012398269816676
-0.000468218300699705
-0.00127344896550155
-0.00256429530733763
0.0150220248283163
-0.00206840717311452
-0.0011235064672874
-0.000169188051553553
0.000272866065371042
8.13632418846723e-05
-0.000354789221438788
0.145141828255029
-0.060165529654835
-0.00211865891831548
0.00186058876781865
-0.000501666471241373
0.000913818998193653
0.00056187880616036
-0.000102657526974735
-0.000502774398343419
-0.000440681903630519
-0.0015914085898206
-0.00169083758479333
0.0144514218147724
-0.00323711191002404
-0.000975097684115418
-0.000140842578329894
-6.35042352416997e-05
0.000484216878134114
0.142941832499372
-0.0567116414190765
-0.00227647525078801
0.00180576339556632
-0.00101026222977834
-0.000169899891682811
0.000423590314999979
-8.78624209933263e-05
5.72646686146361e-05
-0.000409983536939429
-0.00156584368928542
-0.00245087150738
0.0146140634854148
-0.00290674470423125
-0.000989399581553328
-0.000348036341704037
-0.000155554045959824
0.142555793881299
-0.0620959367959483
0.00400563570823551
-0.000670313046957186
0.000823241377385092
-0.00140868412444211
-0.000142833538114828
-0.000471828673490334
-3.69372341488711e-05
-0.00072284719226863
-0.00148487219297192
-0.00234294827087601
0.0134235352501022
-0.00206741322619756
-0.000280719251574229
-0.000115697273747549
0.158085035201211
-0.0705515321714204
-6.56893587960855e-05
-0.000451320508166971
-0.000308945412285444
4.94228573224603e-05
0.000284836705955138
-0.000192157154008459
6.4389943537648e-05
-0.000510944842141843
-0.00102682087174473
-0.00154496343145943
0.0132302404791421
-0.00242797284793015
-0.000661901038918394
0.148228801535754
-0.0554322240751543
0.000335501727957587
0.000283175588199664
0.000529776181218383
-3.01216274971042e-05
0.000161469494324115
-1.34237142411784e-05
0.00046090154919012
0.00027210085303443
-0.00103284219170131
-0.00153150054738263
0.0138003716556271
-0.00255012410053195
0.155427440761459
0.00125948464452089
-0.00140528917266946
-0.000281661719284941
0.00031679765381151
-0.000441864403051054
-0.000559121423249576
-0.000123273351488276
-2.88854707153604e-05
-0.000268395203174105
-0.000728723927925937
-0.00198731424250513
0.0146275250512618
0.025849583185265
-0.0138663329422667
-0.00167291723453362
-0.000428374575903722
-0.000543484378647497
-0.00013338332686359
0.000272139740460221
0.000326367968791027
0.000437190007443549
0.000365725353783468
0.000400777821718106
0.000676350047654474
0.0285400976667205
-0.00233708041351258
-0.00145646557765068
0.000146549914235332
-0.000490776439474725
-0.000648127961701685
-0.000597783813784845
-0.000752574288658694
-0.000632064121494802
-0.000237033148291692
-0.000759827245972939
0.0173058036569979
-0.00324739793332443
-0.00112691399768575
-0.000893682857857127
-0.000336320450834323
-0.000306301715891975
-0.000194743733962248
-9.92308135635594e-05
-9.85255138495246e-05
1.58088515904114e-05
0.0188609952445607
-0.00401778519240948
-0.00137943308015123
-0.000465235282479672
-0.000298076794876374
-0.000206405930431326
-0.000217006177192449
2.27692254288779e-05
0.000124364549597373
0.0192442958775035
-0.00343437912936961
-0.00133410773845809
-0.000723617284504765
-0.000306559566583691
-8.84810514371082e-05
-0.000169439268547882
-0.000232296005664057
0.0200380693445599
-0.00327695379212724
-0.00161999681534223
-0.000687216296816673
2.25551739600764e-05
-0.000217380944912008
-0.000237755210944248
0.0197477459143005
-0.00425227057144269
-0.00123040371275168
-0.000334979614387088
-0.000340794447499098
-0.000157725005549576
0.0195866872224103
-0.00356435882234392
-0.00108142113963975
-0.000146779946187919
-9.68751374528781e-05
0.0181855391106638
-0.00325996424235798
-0.00064047827321458
-0.000377766402345998
0.0187551974215374
-0.00326621686985928
-0.000787663858532578
0.0184075421908307
-0.00333641613609408
0.0190804945395242
