0.166071516941855
-0.0759993498917615
0.000551289502968502
0.00113364736275451
-5.61487091452001e-06
-0.000803920581505318
-0.000919064595563902
-0.000139860320820439
0.000620969466446857
-0.000481735979388587
-0.000230301060796592
-0.000902699687521749
0.004830237747761
-0.000523120020721114
0.000178508697282516
-0.000111956088145038
-0.000328411189382782
-0.000270013073149188
-0.000268315822774454
-0.000109004271443354
4.13668520208737e-05
5.56556118387563e-05
0.000243748936820634
-0.000206085188729672
0.20617249909194
-0.0823295738468303
-0.000163062739186348
0.00041113844629143
-0.000472584398958269
0.000182530840274078
0.00121039809684034
-0.000911323377497523
2.75635285325388e-05
0.000365178677898932
-0.000765221292367643
-0.000923909277884514
0.00496337819524777
-0.00134168126675922
0.0001300241900264
0.000230529998775155
0.00018565635570261
-0.000120993907726161
0.00030312771492146
-6.92256348794023e-05
7.23246796080547e-05
0.000176707309109275
-3.33098588121764e-05
0.232369659794993
-0.0910020113343162
-0.00337152624466401
-0.00165886749822399
0.000362470937645561
-0.000313868070284226
-9.78121614740332e-05
0.00118110531036056
-0.000446823628722809
0.00165349169155247
-0.00182725434055619
0.000216704732883064
0.00616928348094356
-0.00109929682803996
-0.000195965304128626
-0.00069587230516044
-0.000277030981417638
-0.000365237894674911
-0.000243195256405312
0.000188961583950767
-0.000147040092101588
-4.82678648286383e-05
0.264002526100474
-0.103960046859636
-0.00610958337622648
0.000932004033162973
0.000417879760468596
0.000132403196611647
0.000357362031887894
0.00128266601947181
0.00183936265399816
-0.000982957569713086
0.000678839247410555
-0.000390454029320522
0.00684423206051086
-0.00159548583587389
-0.000497269359081522
0.000308152049421335
-0.000411378414165911
4.78524633755494e-05
-1.92970531821623e-05
2.86753309872871e-05
0.000345979866507216
0.267287902639503
-0.0873939690201255
-0.0027833867937411
0.000698580161316757
-0.00162715357542207
-0.000177291980853603
-0.000141506415026075
-0.00197200734853314
0.00100529073363057
-0.000878733585422613
-0.000498403278969922
-0.000978749182540839
0.00683813332733395
-0.000486182617664643
4.98625101982174e-06
0.000173092741394138
0.000493705204806679
7.13442098921014e-05
0.000526285645190619
7.21068721373132e-05
0.224827752018526
-0.0671833510441447
-0.00251249980544558
0.00183148970422847
-0.000623056189210623
-0.00124455004340815
-0.00124165480390569
0.00128549328516817
-0.00134627705353803
-6.47680878384897e-05
-0.000781952858904368
-0.000719810395531945
0.00649742251757259
-0.00104853028270129
-0.000562253536978628
5.14752482251079e-05
-1.38974061553564e-05
-0.000532974587391704
0.000127324599824834
0.184374568811555
-0.0713634695358271
-0.00109557711066124
0.000436142970174534
0.000173713671736998
0.000649901231486051
-0.000211106185610034
0.000697906590061723
-0.000212798632026148
1.44553146950464e-05
-0.000626340189770506
-0.000872682442347469
0.00657518682792295
-0.0018265850872909
-0.000390290548385892
-5.19183181273675e-05
-0.000378493423383345
-0.000121738263364227
0.181342217322271
-0.0610070308864363
-0.000523143590375913
0.000130546405176159
-0.000368122260248001
0.000354901857854805
-0.000208599208675497
0.000186309839004027
-6.17830692613646e-05
-0.000215062210054651
-0.000623744905869884
-0.00119359613685672
0.00674309927076168
-0.00172993281919227
-0.00019327813898758
-2.24249816020703e-05
0.000205880351824496
0.171625242853364
-0.0614829990425564
0.000258259737655084
0.00265456952645419
0.000276379339853177
-0.000683566445263227
-0.00044481258823128
-0.000215808785578629
-0.000138695298504061
-0.000913703569656879
-0.000598854541309322
-0.00107034670269766
0.00666211745002444
-0.00153756230640612
-0.000258950303900466
-0.000353321080952984
0.164797476031103
-0.0634357749465
0.00240168087264601
-0.000432838354922037
0.000512456065809149
0.000166848517918155
7.38425131593425e-05
9.99556859941558e-06
-5.77158513038465e-05
0.000107418257502632
-0.000568143106622486
-0.000650968260049938
0.00695655807453077
-0.00182928134376329
-0.000430786965620895
0.159364042318687
-0.0582906312389516
-0.00046566029644406
0.000509585286444828
0.000372297341904248
0.000357497535627385
0.000135667062831917
0.000476298877778454
8.78978423964649e-07
0.000162807526294574
-0.00042171321073476
-0.000650393290542261
0.00756379540646137
-0.00155982926029634
0.162946593232042
0.000334356202113328
-0.000113115486063533
-0.000141337440362482
-0.000197906072434627
5.74168944195294e-05
-0.000639719536879191
-0.000258424523879888
-0.000247272443020637
-0.000121424015999325
-0.0010704722171714
-0.00130627255752299
0.00717317200842694
0.0155452297796347
-0.00761214840835833
-0.000851799928783452
-0.00030926758063366
-0.000194508488319837
-0.00013917896279567
-0.000555455439590455
-5.7413011057409e-06
0.000123604938006793
-3.91096844912821e-05
4.76017911978281e-07
0.000344088541303291
0.0167191419043013
-0.00166605604823414
-0.000378046753664594
-0.000106062195552279
-7.55312624573054e-06
0.000487144256135636
-0.000115284772898116
-0.0001707757401911
-3.78028413210507e-05
2.13226698259283e-05
-0.000218422197052691
0.0109520992683967
-0.00191624775919056
-0.000417519632141061
-0.000252015735479425
-7.23764316273238e-05
-3.29973402788128e-05
-6.83751559521059e-05
-1.31809860861831e-05
5.37790402213426e-05
-1.64687102157499e-05
0.0119291887069579
-0.00254848604433348
-0.000581642135255952
-0.000206045685711122
-6.19837462611463e-05
-4.54692672592753e-05
-7.26356222951284e-05
-2.42658046881381e-06
0.000114179036044118
0.0120888108998221
-0.00200429555117046
-0.000617296361069975
-6.73625297420295e-05
-8.68778544501039e-05
-4.38537102819768e-05
3.70639207466204e-05
8.78075337214561e-05
0.0127112206804818
-0.00255299185854721
-0.000704918702141894
-0.000338943196936366
3.856351956463e-05
-4.4843608372132e-05
-4.53227201655991e-05
0.0134268550725862
-0.00323913115851491
-0.00066860517506204
-9.11416897121655e-05
-0.000152389829242979
-2.38163753258444e-05
0.0129186427171476
-0.00254810923568173
-0.000459456058847314
2.29032784065467e-05
0.0001254897426604
0.0117712340140269
-0.00230058709860005
-0.000431498134481374
-0.000137582913936605
0.0120536912232131
-0.00256185666604983
-0.000421383569555615
0.0121850466816217
-0.00246253027835245
0.0121992684340083
