0.187801839365599
-0.0749895461939705
0.000590334305303653
-0.000357446943223496
0.00117070182714767
-3.97514826591242e-05
0.000503152978720694
-0.000321691465545541
0.000198364783508491
-0.000254492288475024
0.000498690293574067
-0.000326724208284556
0.00640290135890917
-0.00110972266200811
-0.000275952613687382
-8.50333019157481e-05
5.22514038334418e-05
-6.98478707986228e-06
-0.000167771685972794
-6.21557382795366e-05
-0.000137205244241107
-3.47980530819121e-05
0.000211064730923247
6.1832954341053e-05
0.24544926960783
-0.0888647575104641
0.000826209986327319
-0.000177427018342933
0.000136985206305793
0.000484957690547883
1.65573662496658e-05
-0.00124497594538251
0.00103771781047313
0.000907426394257659
0.000725363513325441
-0.000512543122305249
0.00641192697200104
-0.00125964778718383
-0.00011577990446595
-0.000193782246453453
0.000111991061693634
0.000165947313635908
-0.00035164959100606
-0.000103884187817281
0.000170530078375626
-0.000562159780954471
2.6359899331948e-05
0.273066687564237
-0.0999563076692229
-0.00634077065468096
-0.00114336426613293
-0.000256846162269748
0.00088094876131691
0.00205654498020376
-0.000663917300004275
0.000693820583996136
0.000466017829081536
-0.000583003936633319
-0.000708600024223651
0.00693551065214156
-0.000835018260447547
-0.00017522150293199
-0.00030351203022426
-0.000201151919032362
6.79008051718746e-05
-1.68363954729968e-05
-0.000311233069723441
0.000100424304522649
0.000139313396211341
0.326199132212843
-0.114481237039269
-0.00676467596572131
0.000323553119677676
9.30802532456243e-05
-0.000629199817468093
0.00122290768575806
0.000834504465518894
0.000171155256881144
-0.000144317007405092
-0.000472748893046563
-0.000670482572844983
0.0073580777924012
-0.00124062993898162
-0.000869865138575072
7.38789644111137e-05
-0.000222773404209598
-0.000165238057946598
0.000111248546838924
-0.000474335874779887
1.56288992011292e-05
0.323517187313272
-0.0954840595103805
-0.00371181861499185
-0.000800717733318576
-0.0018528006238989
-0.000164212534966816
-0.000123728839300707
-5.39560276604242e-05
0.000221769600875296
-0.000120027695908137
-0.000550001049898587
-0.00124789184964827
0.00665227516970444
-0.000372194471113459
-0.000105826243572514
-0.000219275255976877
-0.000100151709490188
-0.000308362054734137
7.19676934243669e-05
-0.0004801204490795
0.256455514493011
-0.0697927544578234
-0.00294109632833045
0.00129156486646537
-0.00123080298419539
-0.000752338184169276
0.000669795877710344
0.000195430805944666
-0.000204383660005417
-0.000248999634684069
-0.000833123685276123
-0.000847049340663728
0.00757107005915218
-0.0008074129877649
-0.000668638005705943
-9.53514506175783e-05
-0.000327340539624775
-0.000255882642168533
-2.12237798553801e-05
0.206037369632068
-0.0726528878721907
-0.00340568422092576
0.000778147824601824
0.000810447488603019
0.00109484121794334
-0.00058927825444869
0.000590341192893964
-0.000127887949626743
-0.000217179882255883
-0.000691931167860924
-0.000815036759137034
0.00746078398211001
-0.00200161068788929
-0.000668836493671555
-0.000117100449356191
-0.000150955177433455
-0.000275984368863865
0.189917877378196
-0.0637857466024001
-0.00187865887690697
0.000596091102156047
-0.000805241414623076
0.000286483687157068
-0.000243240421637462
0.000202510973997303
3.94516654075591e-05
-9.01719604283538e-05
-0.000902699509295969
-0.00116073507824512
0.00747201662763232
-0.00174200468357968
-0.00041217999397909
2.76994927329937e-05
5.7097806492641e-05
0.179994135198855
-0.0639165427063415
0.000210973643150477
0.000574742115230086
8.7828748638057e-05
-0.000491877873845747
-0.000410146091524857
-0.000101252907488848
-0.000178373956529717
-0.000644099072654924
-0.00083366066126295
-0.00118960643813891
0.00753576862331937
-0.00149764165688996
-0.000360377584942797
-0.000262535872897458
0.174652980685321
-0.0621879605801119
0.00187565951167217
-4.10655340149173e-05
-0.00013281456271819
0.000198043992253267
3.49122480898203e-06
0.000152077601228626
-7.09595431968291e-05
-0.000215299259259657
-0.000377144777694904
-0.000920965368437639
0.00774989030761369
-0.00193430003484014
-7.29503390196158e-05
0.183691070005397
-0.0608741934689591
0.000327584804635649
-4.04475894623946e-05
5.02079451865732e-05
0.000202803241520893
1.43288855331474e-05
0.000324540326868058
0.000332515058027519
3.30565115029917e-05
-0.000305416482455641
-0.000470776065980783
0.00834243981509098
-0.00189756651721147
0.196496723947362
0.000447015053988308
-0.00035352623332186
7.96271571108686e-05
-4.27039265850531e-05
0.000341278829079103
-0.000294570589726081
-9.41473190758939e-05
-0.00014615026388895
-0.000217907315970523
-0.000437864609214459
-0.00134925299475077
0.00848495644000713
0.0173678601602553
-0.00907361193481562
-0.00075665768722525
6.74774209069807e-05
-1.08511754638704e-05
-4.83489515717548e-05
-5.62935079334731e-05
0.000298501286881413
0.000289196170841166
0.000276212944032216
0.000256679027856117
0.000672049272205197
0.0182450161711483
-0.00177677211736403
-0.000784954866756266
-0.000299973256352962
-0.000118910024901734
6.04694543156352e-06
-0.000426252532948427
-0.000450434921021253
-0.000362795474926997
-0.000314561513370299
-0.000546583544317837
0.0111087424187196
-0.00202903073837698
-0.000492643236381733
-0.000289759657289548
-0.000191415108003059
-3.35300820999066e-05
-8.26461493267785e-05
5.19357214652596e-05
2.95375309893993e-05
-3.33167982263994e-05
0.012040805292395
-0.00246833102880584
-0.000697910689192538
-0.000234568771008963
-8.88438562779874e-05
-9.64522027296757e-05
-9.91705598624217e-05
0.00011561236726927
3.72699944544339e-05
0.0122766208306002
-0.00223104448473735
-0.000547012072685876
-0.000130076990210226
-0.00014212141491703
-9.86221536810831e-05
3.71685865549451e-05
1.94441869218714e-05
0.0129448457261591
-0.00248131458769014
-0.000861284919756755
-0.000382434188433867
1.37701572786149e-05
-0.000100279025031534
-6.78077679798633e-05
0.0135859714255307
-0.00339246802915673
-0.000790585589051545
-0.00010679233997568
-7.97566340519114e-05
-0.000123278272701803
0.0130758532507501
-0.00269880391261484
-0.000466113934867191
2.14734084128894e-05
4.38384029625135e-05
0.0125299244191976
-0.00258656956834645
-0.000366503206948832
-0.000124966005503339
0.0129073467396724
-0.00279606065913525
-0.000314832543256832
0.0131965644351659
-0.00293874220272529
0.0139056071856327
