0.272296377042835
-0.133744548035939
-0.00310287584521449
0.00175208905435959
0.00188747625207891
-0.00214254351218136
0.000482410874924041
-0.00178084524128267
0.0018621860894273
0.000490557104195429
-0.000919962493523936
0.000825634626512634
0.011506569537983
-0.00289530642275454
-0.00116429394861379
-0.000680553678860441
-0.0011006008192464
-0.000228987791157574
-0.000176449307080565
0.000286608774295556
-0.000350667550223902
-6.63995501605133e-05
-0.000184053615124035
0.000118028268890724
0.335631459576264
-0.0955696635158407
-0.00288718695950254
-0.00139719742547346
-0.00182673177612256
0.00170462195286433
0.00194026915563186
-0.00189122189921454
-0.000261710128046309
0.00220548832250312
-0.000624408794252186
-0.00248210837581084
0.0135680342801495
-0.00137751933266871
-0.000610650092971176
0.00075899784696677
-0.000572618057670397
3.68395953454182e-05
-0.000691341207722921
-7.35169653011689e-05
-7.98908502596139e-05
0.000436767627467059
-0.000389413199092129
0.323954167607777
-0.116490667375638
-0.00904437161915899
-0.00143725452521212
0.00200603379123899
-0.000515751816239617
0.00104324801008612
-0.000328945436380543
0.00220413918394153
-0.000502190372447843
-0.00117438060586807
-0.00189240647820728
0.0122516324756213
-0.00154288679112532
-0.000324961737311467
-0.00082503657414652
-0.000660743635873425
-4.74465790459906e-05
1.99054776855204e-06
-0.000177683759651431
-0.000244757634806488
8.82833687170686e-05
0.420735983930284
-0.152667812833821
-0.00725703887203013
-0.00354348078999018
-0.00145725273563882
0.000720551768966963
0.000879763913692152
-0.00169696873944084
0.00278847366747222
-0.000670971032164679
-0.00089677138769429
-0.00235917774897882
0.0139551762943589
-0.00235728619367421
-0.000980819860899682
-0.000365411410873068
-0.000747638979662796
-0.000501782207436227
-7.15623562360387e-05
-0.000419456714248958
-5.50049675533022e-05
0.4448691672551
-0.119824015311737
-0.00420419984960882
-0.000955100299435164
-0.0021298695162811
-0.000233843347020692
0.00146127184548576
-3.27136421613265e-05
0.00124873835354704
-0.00132831612125355
-0.00137207880441958
-0.00321360117992567
0.0123759630209838
-0.00123346724028253
-6.99427713053549e-05
-0.000336872708539976
0.000108943514957704
0.00019602170791669
-0.000201053649655614
-0.000255804308443723
0.349348505572992
-0.0774405398730544
-0.00222473433772474
0.00624161973462872
-0.00304457696322224
0.00141024821606113
0.00168908764566075
2.32016912973104e-05
-0.00108073354493863
-0.00104599512837128
-0.00151445580609821
-0.00285128488526463
0.0128581631555147
-0.00168139692756284
-0.000712089704730598
-0.00061383541931102
-0.000279408476673474
-0.000273496094787995
-0.000262652722662659
0.241533650335588
-0.0792168518287954
-0.00525855369352529
0.00350698169883002
-0.000508209811326349
0.00175295768440885
0.000418547216664226
-1.7262579846917e-05
-0.000172602430084837
-0.000368057094498531
-0.00105594484526782
-0.00233140186266956
0.0133888944597709
-0.0030322903564629
-0.000635168181600031
7.53502808984516e-05
-0.000597298938391534
-0.000460988419015817
0.213874754578725
-0.0641415547309453
-0.0041997256718169
0.00149962968447499
-0.00261110283316105
0.000373337709550488
0.00039872167984179
0.000328678068714063
-0.000215652280609719
-0.000501815758825728
-0.00129718245678726
-0.00283143257942462
0.0131380561080923
-0.00257062395475159
-0.000556039586225464
-0.000381014131593157
-0.000137306643420676
0.214713938297472
-0.0735982305593248
0.00372392737865604
0.000613737280995996
0.000273187604861014
-0.00101066963814227
-0.000279013527724138
-0.000170515169494145
-0.000700937384107558
-0.00104397815824637
-0.00135102903156012
-0.00220583724859866
0.0121610400664752
-0.00213161036345441
-0.000470222456883895
-0.000376592113359604
0.214122755804469
-0.0769568377268117
0.00114441901577732
-0.000376578853173541
0.000327480036741097
-5.31549803467922e-06
1.26924951752268e-05
-4.82100143318574e-06
-0.000307766202982693
-0.000685055932584537
-0.00125234860652595
-0.00195564799771284
0.0120441879576126
-0.00235523172750016
-0.00089711518212209
0.22307040380273
-0.0652453967704053
0.00118767812209396
-0.000850033201485
0.000158857841113425
0.000321272099592942
0.000139345644164372
0.000762376533236443
0.000455279426244975
0.000300595608233708
-0.000646971029690612
-0.0012956598226307
0.0134879630625434
-0.00250660679061168
0.236415611641305
0.000474012040745727
-0.000743721141786117
3.12090069496162e-05
0.000260583564576253
-0.000239657122526832
-0.000585165162930423
-0.000204699130684448
-6.98382280407438e-05
-0.000294940950496001
-0.000928264045231247
-0.00234960634747724
0.0143978655336369
0.0231551099305215
-0.0113725383755277
-0.00135039820077825
-6.9997590390023e-05
-8.27173768562452e-05
0.000101652092942594
0.000339074294171539
0.00034832112049974
0.000506551694216697
0.000403827246137619
0.000445443037394397
0.000738542785350577
0.0250509253609884
-0.00268232647101754
-0.00142714682837765
-0.000342896335189582
-0.000732540873249236
-0.000443426047288191
-0.000620021145119914
-0.000736943492933064
-0.000550720160226822
-0.000337767461742648
-0.00068706341948331
0.0165495615103023
-0.00315371168196627
-0.000989885222335213
-0.000784973365902324
-0.000261208387142527
-0.000119413830306986
-0.000180747054761634
-0.000144332630665011
-3.303342274384e-05
-0.000136535983647252
0.0180946496547686
-0.00378782355014151
-0.00108595993152336
-0.00060162143914611
-0.000224392736129437
-0.000159197145530923
3.77813266995444e-05
0.000133364294748246
0.000138314833141816
0.0186616513510051
-0.00335974628813149
-0.00102921758866399
-0.000455218031169659
-0.000325661195110211
-5.89758465709887e-05
-9.04534846754648e-05
-1.6256006293652e-05
0.0193015326230182
-0.00351522484752698
-0.00137592510828918
-0.000427334635592136
8.81854621643318e-06
-0.00012608045779537
-0.000153190185926481
0.0191357384743869
-0.00443732682082141
-0.00104583584987544
-0.00032547509116541
-0.000230274249259541
-0.000158168218699689
0.0188815338856031
-0.00352463121159374
-0.000692591859280674
-0.000230325608980594
-4.83322142516307e-05
0.0175581663901321
-0.00318714635126938
-0.00057449316903331
-0.000272355061258604
0.0176984997922732
-0.00333183793197356
-0.000794004893792374
0.0179843519759688
-0.00332498965750088
0.0188697221917188
