0.190974828392935
-0.0801671823439442
-0.00153274585945593
-0.000879970545445534
0.00108841209855759
-0.00179407177188936
0.00161532352972085
-0.00096923043284224
0.000471735341498002
-0.00145240979434539
0.000338422706212827
0.000789311315862777
0.00911654818523691
-0.00135574490656825
-0.000773157573079066
-0.000390179491780175
-0.000416743405925526
-0.000219292315978077
5.19717230763735e-05
-0.000229268873409774
-0.000403787261674181
8.24608415471496e-05
0.000313514059507805
-4.10639035247351e-05
0.239804780011136
-0.0825822354037951
-0.000435897615522311
-0.000462061816602636
0.000143395173665825
0.000828357511654987
0.00165210396744771
-0.00180384526223338
0.0015325446116361
0.000917926531518106
-0.000613949127487485
-0.00187617585549649
0.010000121459599
-0.00177874150788172
-0.000285680144329784
-0.000101725481934164
2.23855217962447e-05
-0.000525645749501638
3.47254883397226e-05
0.00029057389201629
-0.000302947355401309
7.79074208485288e-05
-0.000141525863708802
0.245651911880203
-0.0909285968809055
-0.00639825428612119
-0.000663388244201078
-0.000100144912407395
-0.000915990963418184
0.00279027340384326
-0.000421218550259059
0.000398945398070354
-0.000966511030104993
-0.00215251752459571
-9.5934403310754e-05
0.0102928677005319
-0.00114944078160042
-0.00116185722159655
-0.000550097099377833
-0.000423518019732137
-0.000223349940454711
-0.000549782508464817
-0.000107267962947505
8.31709546721752e-05
-0.000373165988862687
0.275049591928853
-0.103801056928973
-0.00373875311259092
0.000133949380022994
-0.00145188819331912
-0.000404867678891942
0.000471017164858571
-0.00165932064395253
0.00247035237593556
0.000322866643461815
-0.00147851339952382
-0.00132821627552637
0.0110987594494745
-0.00227144642911795
-0.000751797688657801
-0.000120866660444243
-0.000473312363575181
-0.000194421495159769
-0.000193991287853318
-9.69473251439129e-06
0.000144184554199156
0.266010407083147
-0.087327492761871
-0.00469012369649859
-0.000182960255017419
-0.000602960623548867
0.000101279974171968
0.000546587272030018
-0.00145775795213192
0.000706618912885173
-0.000813070486172119
-0.00116257803284438
-0.00256977925730152
0.0115930615905366
-0.00140486233728291
-0.00056682805890331
5.27154986237525e-05
-0.000239227234233394
0.000181342667456592
7.99860004901633e-05
-0.000139041564404402
0.224942148535855
-0.0676821750953479
-0.00190345557983383
-0.000370043525435004
-0.00189103538849888
0.000541443952763027
0.00134069136025863
9.68564086438566e-05
-0.000905393816480058
-0.000636102081823438
-0.00079424355753671
-0.00198837754225526
0.0115048940198631
-0.00131634770928163
-0.00125991592045206
0.000102037542925838
-0.00011154995500824
-0.000153329182047507
3.2801904971025e-05
0.19205035816814
-0.0694529008305668
-0.00342659869405228
0.0040949173554547
-0.00243914520924353
0.00049760299796217
0.000291501476213123
2.64479270396247e-05
-0.000353958415775031
-0.000533956755410191
-0.000997933935111262
-0.00148294811448223
0.0113034420581627
-0.00246919922267859
-0.000698053591236427
-5.12171123397774e-05
-0.00014837348962987
-3.10405291855938e-05
0.179643844673457
-0.0625467389826894
-0.00294546650708664
0.00102354776198883
-0.000374489140044023
0.000150925608491306
2.44237300565548e-05
-4.00078091661507e-05
-0.000130516937478038
-0.000428514692068165
-0.00102604538447797
-0.00189756852971149
0.0116077352653882
-0.0026446625872076
-0.000317465134657194
-0.000462619182901125
-7.26413788852119e-05
0.172685484099687
-0.0680432403126456
0.00270111767563626
-0.000178056642693908
0.000624177140583786
-0.000491303510462389
-0.000160086221877627
-0.000154675922483345
-0.000422072912830485
-0.000907899137695582
-0.00128115570841
-0.00201830160995716
0.0108210352294416
-0.0019429346760894
-0.000104625122588775
-0.000316234389413827
0.177155104043084
-0.0683907499881844
0.000633042854175656
-0.000304319916589085
-0.000360783383958707
0.0003971942112478
-8.9837708035447e-05
1.11107060388573e-05
4.80497260372275e-05
-0.000169537754054749
-0.00085509127463761
-0.00114094846861257
0.0106410807081416
-0.00228026854229261
-0.000459560059269796
0.173881113811723
-0.060017149825022
0.00108121068138639
-0.000247197797492108
-7.42099975113679e-05
0.000378798080751379
6.54084897509951e-05
0.000363143794570479
0.000173186477024443
0.000175729519365448
-0.000566160916565142
-0.0013051301733316
0.0115717413027657
-0.00213831868493831
0.171665359651782
0.000274176319757533
-0.000675422157794302
7.56105487043365e-05
-1.64221751362963e-05
-0.000276767112260476
-0.0001194991928208
-0.000170330431766582
-0.000304799551117614
-0.000328501282054537
-0.000883961637636013
-0.00135086325567106
0.0123267237797826
0.0209571938525717
-0.0110702230884763
-0.00111823754510222
-0.000352471681815025
-0.00031403393721868
7.69784567207986e-06
0.000229834389655318
0.000212579916450199
0.000412134869656179
0.000410789450279752
0.000267100741117044
0.000728153126998833
0.0229181578050193
-0.00215545949055347
-0.00103259680013362
-0.000161080710809188
-0.000359528203706716
-0.000423068700128285
-0.000384360357472826
-0.000658137127828773
-0.00056908939263084
-0.000225520285479038
-0.000711801691588278
0.0142595086667317
-0.00272063689129537
-0.000850336401697416
-0.000584983077249236
-0.00025056069889003
-0.000213837774772203
-0.000131249000356279
-0.000137951113476766
-4.27142275828228e-05
0.000149899872168826
0.0158136260868787
-0.00348704928682211
-0.00113114815853073
-0.000334610114465372
-0.000269606966964808
-0.000164974312648737
-5.3121991125143e-05
3.18451925750666e-06
5.87544711449472e-05
0.0160902048743035
-0.00305319962289559
-0.000876756864671572
-0.000433238734299671
-0.000373156860181052
-1.24321594585928e-06
-0.000169771400308044
-7.86312008199823e-05
0.0172484659354133
-0.00306608914209642
-0.00142463452571391
-0.000420617509768273
1.48532765011704e-06
-4.87376092946536e-06
-0.000178517640500668
0.0172178074855266
-0.00376371404881325
-0.00106163459557085
-0.000193701890620475
-0.000220292082551063
-3.93851786910646e-05
0.0167734034179172
-0.00316805607397501
-0.000666714557991975
-0.000123475754393511
-0.000180827992988651
0.0155269655002715
-0.0028567025063266
-0.000531573491807325
-0.000322399459484335
0.0160285405558496
-0.00310812448434689
-0.000573021126231667
0.0161935550869066
-0.00300190329920644
0.0170517477753703
