0.216021779132739
-0.0772658294699625
-0.000846466933275303
0.0019702623745567
-0.000194575624756718
0.000343770104096127
0.00114086015382507
0.000420045254879066
0.000191423130331253
-0.000291539199372914
0.00132321645376441
0.000239210354926371
0.00356631385354249
-0.00106198874362031
7.33989950951139e-05
0.000213342523189152
0.000111504030683347
5.26837529017628e-05
-0.000294623932027838
0.000290360326990777
5.73322606879034e-05
0.000530013139963754
0.000144498578845559
0.000100742972799246
0.305854119583423
-0.101980870216269
-0.00235399898592396
0.00487482054314832
-0.000114933974118345
0.000921377833856306
-0.00128355588775721
0.00104442672902084
-0.000343385562247038
0.00173906760508218
0.00366049468294855
-0.000384754908581183
0.00424117285306502
-0.00130513734893058
0.000417543388349289
4.36703146480905e-05
-0.000302276427660347
-0.000212917818152938
-0.000264163154447451
0.000115772348273371
0.000113305144226376
2.04359468865194e-06
0.000309723793231658
0.337447649217854
-0.116532420699567
-0.0107788395811759
-0.000680409154813497
0.00255368699444901
0.000217321014673482
0.00220312401145911
-0.00163748939712815
0.00122476288464656
-0.000953536142398324
-0.000512485022650255
-0.00119622021775823
0.00490202633299535
-0.0011100439648142
0.000134215309706233
-0.000303436453176994
0.000200270338945797
-0.000746025670986763
-0.00011644335851442
0.00024057938785814
-0.000214433926543361
0.000217107302782754
0.409165631176831
-0.142542041920128
-0.0124809208230862
0.00122740999590212
-0.000283085985233101
-0.000595927247614764
0.00161269562681751
0.00192489233245946
-0.000319838564435171
-0.0004234989037363
0.000550610286372805
-0.000951059036045275
0.00542107239334534
-0.00248228173829182
-0.000314445755884625
0.00064254883922683
-0.000953395083677576
-7.44388751822202e-05
0.000303857711503643
-0.00109074048384376
2.34344630442182e-05
0.406698319094693
-0.1140856564951
-0.00685365245927842
-0.000705421346278049
-0.00310947427374404
0.00040658328971831
-0.000358624972703375
-0.00240838972000637
0.000445119058652341
-0.000963388148798049
-0.00046549081466021
-0.00165370373079627
0.00551058047123002
-0.000631190403155841
0.00104689705326107
7.63746744577861e-05
0.000257350395481615
4.50106957209517e-05
-0.00020499326361835
-0.000313343814617881
0.313922657226866
-0.082642923585619
-0.00530003619877421
0.00119654610434163
0.000643592906720067
-0.000314288109079705
0.0014288302243532
0.000196065775649925
-0.000251990902106979
-0.000177853170211687
-0.000268152311484866
-0.000544667075629436
0.00496664212713186
-0.000192992155069591
0.000439521019524485
-0.000529977951547794
-0.000549681580852229
-0.000107597045771929
-0.000256013841371087
0.247149530687264
-0.0825718648020243
-0.00464568216315233
-0.000868736102233202
0.00230513310024019
0.00304517533448982
8.04239698008473e-05
0.000188160225281924
-0.000126279361805177
-0.000579987371748142
-0.00057994444681695
-0.000657502422617201
0.00608694678226555
-0.0020086311262248
-0.000345437571133226
0.000729358399710411
0.000144232993489659
-0.000395893728498554
0.219420520756523
-0.0740729402081117
-0.00180734342593077
-0.000207938674580281
-0.000951347135551204
-0.000172116904089509
0.000251164828182745
0.000212804342977454
-0.000287182255201123
-7.15598149650286e-05
-0.000502891667482052
-0.00116238370955675
0.00571052047178342
-0.00167392563165082
-0.000284842852832333
0.000443748120493232
7.57007520828141e-06
0.203667760521489
-0.0681728337667838
-0.00086841224212647
0.0003827450332641
-0.000200265142800939
-0.000186483039245543
5.16388313322798e-05
4.75380783297963e-06
-0.000654082115408328
-0.00050084320075729
-0.000546995873777004
-0.00122486771443029
0.00563213983780313
-0.00165732912560089
-0.000503136703637159
-0.00013532725797863
0.193724478680881
-0.0691763936635163
0.000470188225857911
-0.000141712873244862
-4.67110372300668e-05
4.41073557698843e-05
0.000306686099101754
0.000431539907349047
-0.000413612691014599
-0.000182942679496047
-1.30606871063704e-05
-0.000640151157266113
0.00602290017637716
-0.00164336103120511
-0.0001636429435422
0.210432547575622
-0.0710957936558531
0.000581047087585197
-6.62829836224557e-05
0.000652796953063546
0.000197794976314233
-0.000162635146712613
0.000602530035194115
0.000223381472058578
-0.000366391310646189
6.0751475414891e-05
-0.000323906957583626
0.00667293589784589
-0.00206808235472716
0.249412527889669
-0.000496232411375942
-0.000113560093078004
-0.000176536927192439
-0.000114749824490314
-0.000231776276797495
-0.000378975927105501
1.74703103748487e-05
1.3435080625105e-05
-0.000658476762097624
-0.000285066601044199
-0.00143402217219622
0.00822513582150233
0.00913356372861088
-0.0035671060667066
-0.000201997394610269
-0.000148438721663846
-0.000171793652579751
-1.37055560675926e-06
-0.000198081370962465
1.48834346370983e-05
-8.53115353905879e-05
3.89876085656097e-05
5.72606481331842e-06
-7.72549764371308e-05
0.0104175655740504
-0.00238270754971428
-0.000160088990983948
-0.000236917471949293
-0.000203450366544688
0.000255437930235237
-0.000121409547518407
0.000100710215965799
-0.000104839863765443
3.53820057844069e-05
0.00014600396086824
0.00908400650628806
-0.00243111610829414
-0.000363315385208123
-0.000206746650878333
-4.52436147557889e-05
-9.80356645943246e-06
-1.32515766234202e-05
0.000118112686803166
0.000163942798251959
2.78527752021934e-06
0.0106047592143483
-0.00316608228379141
-0.000640986393065407
-4.90589603060188e-05
-9.7067328875857e-05
4.43620905477928e-05
2.35237198177357e-05
0.000103263667588965
0.00018598046227362
0.0112694306329196
-0.00286170733999907
-0.000258239625503086
-2.28789711229732e-06
-0.000203830844199391
-8.7634223126676e-05
8.35445049569013e-05
-1.21333580549108e-05
0.0112393752393538
-0.00325357970625089
-0.000350060623398138
-0.000114716365319825
-9.19024172494865e-06
-5.86509373787107e-05
-6.39628030388382e-05
0.0141618870788638
-0.00465690438303451
-0.000571048227667192
-0.000177913581551671
-1.95736433374315e-05
1.02035519341191e-05
0.0129093379315651
-0.00336619557555389
-0.000154737157157265
-0.000146716967044111
-4.42358130904045e-05
0.011974986113128
-0.0032667955168035
-0.000149702856685819
-0.000169633255710841
0.0122453137283765
-0.00368697384423266
-8.41403966442108e-05
0.0126456192182677
-0.00351833468565627
0.0138978022053142
