0.193051444696426
-0.0896361254788946
-0.000130657772097329
-0.000914786419064594
0.00033654929934192
-0.00156335839126727
7.04055466803775e-05
-0.00042631020105655
0.000678609766994894
-0.000590439817322756
-0.000482784625629412
6.31422375926838e-05
0.00735374911124295
-0.00122928795572116
-0.000131334652062232
6.100649396718e-05
-2.35767412185953e-05
-0.000157820934194578
-0.000204900510875897
-4.86020942402287e-05
-4.86987818289862e-05
-0.000345206474213218
4.97470358538101e-05
0.000130982332401063
0.238931816955562
-0.0925985050692966
-0.000291282003934303
-0.00103184095687217
-0.00159887331705966
0.000685344517181204
0.000313960533854056
-0.000934296199246806
0.0015793662579951
-0.00063109363787551
0.00177187019662161
-0.00176148578301271
0.00966986991788742
-0.00132450856302159
-0.000510851205661437
9.79486730593072e-05
-0.000142199847536811
0.000126050584745503
-0.00010714452312809
-0.000305297326685728
-6.94025331693663e-05
0.000234853325555148
-0.000148731129518852
0.249563605951761
-0.0991217408839372
-0.00660730048245067
-0.00202162814287244
0.000348228002328965
-0.00098001702190234
-0.000869948744540219
0.000997670194476318
0.00197350203109961
-0.0029522770327911
-0.0013871502529867
-0.000908451602972014
0.00932132308628164
-0.00103177573547807
-0.000822396659199478
-0.000548461918987038
-9.99339113326272e-05
-0.000216440778039781
-0.000190386155642374
0.000310339920458238
-0.000424930078253215
0.000344834301489272
0.275246916474777
-0.116981000209633
-0.00528912620817088
0.000578040040451289
0.000404296169203369
-0.000421228024260975
-0.000257685037467928
1.94564751347258e-05
0.00163481049618528
-0.000480034353335911
7.4432480091628e-05
-0.00128175325161293
0.00989585545544142
-0.00183877814957354
-0.000585694444096323
0.000217324543991997
-2.75728874240126e-05
-0.000225221977565288
-0.000353364439246731
8.33037687292427e-05
-9.23347525646416e-05
0.275267414751254
-0.0993015107912711
-0.00215989735488255
0.000945064746047231
-0.00205782003561103
-0.000305245265776677
0.000219655558792921
-0.000132693518708197
0.000149221002076583
-0.000639847369332814
-0.00113518228878618
-0.00198357971636251
0.00930706979696812
-0.00068149387183054
-0.000457553808712485
0.000203343071795014
0.000114255640262802
-0.0001849440073259
0.000188084143090889
0.000218684619158125
0.246617252349217
-0.0811602571870951
-0.000809884910324241
0.00644556354573444
-0.00311225120335016
0.0012639911785347
0.000448830978128741
0.000581675389261646
-0.00206026693323806
-0.000646915304300205
-0.00103449344662609
-0.00163327630526812
0.0106028867164686
-0.00181446989657078
-0.000827738396206085
-0.00033013320519801
0.000490150703783083
-0.000495016178754326
-0.000821718607276294
0.210110250957598
-0.0829887465209913
-0.00382757813700875
0.00136326908355524
0.000210157937493303
0.000399392546534616
0.000476249729312901
0.000229604610254667
-0.000571340913124912
-0.000465702711774621
-0.000973016859816899
-0.00172772846696793
0.0113708733098183
-0.00287880280118438
-0.000451159730234099
0.000226575159462393
-0.000100669163368064
3.03734989401494e-05
0.199013814499021
-0.0732415581858934
-0.00245771190576357
0.000447499593641135
-0.000474029770696796
-0.000183935969601915
0.000621483917069901
9.94476435703929e-05
-0.000502832709748554
2.78773593970754e-06
-0.00105220227826238
-0.00220679683085618
0.0109582728369343
-0.00256129579705645
-3.12881127300498e-05
-0.000154330055297457
0.000163527140905252
0.201587424988699
-0.077174423973594
0.00357019981417668
0.000155347402321512
0.00176044500998839
-0.00247696916784071
-0.000175246519433189
0.000439706929124514
-0.000990913166513016
-0.000368349352893054
-0.000935305718690066
-0.00186835041386928
0.010384530213449
-0.00171064024169683
-0.000222463656605856
-0.000294318995511406
0.198776276648793
-0.0820518639537826
0.000389934893354559
-0.000515949189195728
0.000416622683940384
0.000464429566455337
-0.000306163288780599
0.00050464081976281
-0.000212506766548441
3.01679381282026e-05
-0.000839048530319942
-0.00138903170169744
0.0104749239976667
-0.00215543983964818
-0.000635933021636418
0.19199189180936
-0.0673471251534562
0.000332926152469757
0.000240259995790796
-0.00017738189529139
0.000557238893524028
5.46420158457709e-05
0.000405617324963304
0.000211146096913018
0.000194114526552473
-0.000396721221895057
-0.00133027935048208
0.0113992763048684
-0.00234071495351254
0.193961724470148
0.00102998202016202
-0.000649735984233508
0.000168827063999574
-4.6229531892034e-05
-6.80189260357771e-05
-0.000374169240850194
-7.29355679771612e-05
-9.63184299942052e-05
-0.000313235118503561
-0.000972168398987398
-0.00180041178485508
0.012115756941044
0.0197623703437183
-0.0104993193134548
-0.00119045014828059
-0.000363092326098344
-0.000336187846889572
-0.000194612340600056
-7.75841542362623e-05
0.000203583336931594
0.00030024207598842
8.77956993554728e-05
0.000200262415934776
0.00052800250153562
0.0222087002219814
-0.00194527870186671
-0.000638824490361122
-6.07764405016139e-05
-0.000153184085387719
-5.48962566981759e-05
-0.000282373804058145
-0.000486853431611904
-0.000253989169923086
-0.00018984607296358
-0.000457739012445183
0.0133720681058916
-0.00254692241204574
-0.00079099416222278
-0.000450055018252863
-0.000285196146963479
-2.73692002190935e-05
-0.000100566649642225
-2.44673152032689e-05
3.49168238366392e-05
-7.22256215506782e-06
0.014691968443995
-0.00327112490959728
-0.000961327088126047
-0.000184904481140154
-0.000229280609224161
-0.000177098332705239
-5.15795119030462e-05
2.38411678953053e-05
-5.34192008389115e-05
0.0155477906180216
-0.00297173375339008
-0.000920875315734669
-0.000255784689420025
-0.000242061987214478
-0.000154462321545408
-4.53903534651954e-05
-2.09828783717103e-06
0.0171035646105233
-0.00309258068157402
-0.00129508124569939
-0.000332812476274934
-2.63940294925682e-05
-0.000157495400011909
-0.000332880832444161
0.0172152838967968
-0.00395979455170742
-0.00109673196604283
-0.000133946709442068
-6.35016635594153e-05
-0.000215728864030317
0.0169394419828617
-0.00345949798257175
-0.000503977834679079
-0.000166219837321354
-0.000100670852172702
0.0163399152618065
-0.00326614035812778
-0.00053332698582503
-0.000178031191199744
0.0167707264672733
-0.0034126836308378
-0.000805313275459346
0.017042720605069
-0.00334965527546243
0.0171517632605949
