0.204505754394886
-0.0723820822971523
0.00066612874559645
-0.00264789044673713
0.000927854788426868
-7.4064248114864e-05
0.00117181136038177
0.00198922316674612
-0.0038475681905896
0.000801851234039018
0.00266065770186881
-0.00213917073899994
0.00653029812650297
-0.0010495183663815
-0.000586642848443008
7.69040778447391e-05
0.000315786805356773
0.00048001549480959
1.3217194251381e-05
0.000712253441379467
0.000394258567568953
0.000427344793169084
0.000383833364631521
-0.000330649650320548
0.263886011027336
-0.0948229286052276
-0.00177896410870169
-0.00152531659350991
0.00223509731184569
-0.00190335366542374
0.000936113307241559
0.000494157943780193
0.00151078001546884
0.000413108678718027
0.00119692001027535
0.001170514211835
0.00574951375074983
-0.00169535069446983
0.000316018402553413
-0.000549064174374455
0.000158657776230291
0.0014158881578424
-0.000247307583270163
-0.000508201378322801
-0.000117382782166736
0.000559635307675519
0.000555322741841268
0.304044854094536
-0.11153301198884
-0.00868475131465599
0.000282391389463284
0.00176118593726715
-0.000654155294548552
0.000470001918297191
0.000689101190851114
0.000452173234936715
0.00245783620076192
6.26874199068435e-05
-0.00136241445726295
0.00781994475567588
-0.0021141706746172
-0.000336806154637081
-0.00042457525129514
-0.000137780798696246
-0.000352960568748173
-0.000343054849074594
0.000471802414108314
0.000506526798994002
-0.00048785611143476
0.357794069711392
-0.128577628125812
-0.0142902916888714
0.00382505015370334
0.000338616488771132
0.000321101236976179
-0.0015940063092163
0.00274233508118992
0.00107511453411607
-0.000484523261731278
-0.000564174890461039
-0.000130386148932321
0.00866304888040724
-0.00364241076581999
-0.000205938413954259
-0.000138793365708886
-0.000301959644423183
0.00030507010698716
-2.65191553378282e-06
0.00062991724133364
0.000851259837768749
0.354472634655348
-0.119078553955508
-0.0109509770912732
0.000169661686739085
-0.00204902408271895
-0.000570257847616178
0.000190922957633048
-0.00477060960634659
0.000840340001760286
-0.00191503776466431
8.05244283768978e-05
-0.000450852442303784
0.00998068612297412
-0.00172030770766473
-0.000623376914111729
0.000638676898959988
0.000824232385472849
0.000125369726160805
-0.000468816243790059
0.000299730290906774
0.318326642621657
-0.104156429903736
-0.00761069554765092
-0.00185524357903904
0.00130070728178149
-0.00173148309533071
-0.00363990813028376
0.000330748421069411
0.000190476821620924
-0.000923044278671639
-0.00120867048993775
0.00108203904509458
0.00888875553570789
-0.000845416424779207
0.00016644784556313
-0.000885123040138862
-0.000463153759878127
0.000402318151782872
-0.00032821919946041
0.285174606876278
-0.104731622671752
-0.00369008267140667
-0.000295452106263612
0.00278687191150914
0.00319595228935256
-0.000748372608459604
-0.000656300936330086
-0.000468622389764998
-0.000332569484232862
-0.00164337456464347
-0.000392782274350854
0.0106436367991518
-0.00444530418676314
0.000193682309416062
0.000562686889115029
-0.000543810543115717
0.000593254519767192
0.239573894349454
-0.0977842125351359
-0.00478784567500239
0.00352459968770891
-0.00479550012421113
0.00100547987782209
0.000277625992012874
-7.27351827766277e-07
-0.000320398936808364
0.000204451201673225
-0.000241717238315349
-0.00116573039537435
0.00989320078122212
-0.0039591709850549
-0.000625995411680489
0.000889211836199773
-0.000496679700110396
0.238197808039752
-0.0970739899079467
-0.00433059433486232
0.00331803020514487
-0.000510296801240754
0.00066658667933736
0.000390959867277008
-4.92367165855957e-05
-0.00039033367007849
-0.00114937221637087
-0.000662558231374981
-0.00146522978699414
0.00995443488102174
-0.00327881416322125
-0.000273792647173505
-0.000293347993121899
0.284151642891696
-0.110587899348491
0.00850186481556402
-0.00099245620487817
-0.000106400258615819
-0.000486873865928762
-0.000162058162993617
0.000162606374593776
-0.000219803632063958
0.000556354640598129
-0.000526729055004882
0.000143885511137526
0.0102988018328164
-0.00367119342274791
-0.000534501813017312
0.254727966897604
-0.100282610504598
0.00100040212447871
-0.000360698724189203
0.000350505134998433
-5.37772518231133e-05
-0.000255396903364398
0.000366100513662641
0.000638370699676632
0.000206470750239952
-0.000753987322663028
0.00125049274389889
0.0108883957729967
-0.00310362452385825
0.283131101687136
-0.00120050738998012
0.000699072977069659
-0.000363981326747154
-0.000183455375453659
-0.000567181434638729
-0.000228380681656413
-0.000431088322172803
-0.000469971830653608
-0.000371537415003575
-0.00146955363160668
-0.00155757309976426
0.0125162993599673
0.0236104053682778
-0.0128568523004428
-0.000826855865863534
-0.000322805753967875
-0.000320324040591988
-0.000522728978577681
0.000144670181543756
0.000302427174692159
0.000279492836928336
0.000339259561589782
0.000637597524574727
0.000676339135972144
0.0262091083271742
-0.00396281252380853
-0.00103797734853332
-0.000569192558472082
5.69178804214212e-05
-0.000611163098932065
-0.000327711012124443
-0.000336262400492144
-0.000325192344852025
-0.000390767050380207
-0.00067497929885215
0.0183737249705411
-0.00438570270874828
-0.000602751127806248
-0.000621009910012483
-0.00038611150914478
-0.000208884723319911
-0.000196757953478332
0.000128584413468645
0.000395815655431963
0.00010211045677247
0.0210097070112792
-0.00574244973870643
-0.00112642447087191
-0.000322926939512911
-0.000177777637783843
-0.00015510067222824
-7.77536064213218e-05
-1.23471229415493e-05
0.000360434978048038
0.0224089783940246
-0.00517069258141275
-0.000964005016631691
-0.00028483809754342
-0.000366506777866115
-0.000114838568832886
6.12578894054151e-05
-0.000177741914028974
0.0234737583714038
-0.006414008841595
-0.000713940764621676
-6.87000981498908e-05
-7.61076517402718e-05
-4.112130024309e-05
-0.000417853851571389
0.0299333826213417
-0.00862736169071015
-0.00155727147409152
1.933514294137e-05
3.57909266243513e-05
0.00039788134960819
0.0266854006896751
-0.00680022071368475
-0.000696460935981188
-0.000138652697583579
-8.04524520293578e-05
0.0262838119457914
-0.00708124703909245
-0.000523222742476415
-0.000313943242906421
0.03026890145349
-0.00746208461240723
-0.000738594661002099
0.0287937850956388
-0.00750169256640723
0.0289501660530895
