0.148616150852737
-0.0584965502753639
0.000911227455727719
-6.36562117059632e-05
0.000408742120293891
-0.00318022893288895
0.00108732378590329
0.000123552313763693
-0.000401247568489758
-0.000233189909889146
-0.00054077706432299
0.000629335766335896
0.00343297753048915
-0.000287492272453845
-0.000343291513996438
-0.000159695944967734
8.04937018442762e-05
-0.000322525614808932
-0.000133021006338096
-2.35547239603752e-05
-0.000252734859533411
7.87131272868489e-05
-5.85067970473131e-05
-0.000130788788833346
0.200311604826746
-0.0706939754073781
0.000359454843329933
-0.000412076982404259
-5.87611552163041e-05
0.000438612613351666
-0.000489565678819674
-0.000767367336290054
0.00113189209152734
0.000842792015004221
0.000408600665598565
-0.000280264735208314
0.00395232605004987
-0.00117855811388074
-9.99553020055713e-05
-0.000418981225420313
-4.87285534184938e-05
7.71751883632502e-05
-0.000366623816376854
-9.02283736688578e-05
0.000183959961887811
-7.91469565460314e-05
-0.000115820195122991
0.223548164162177
-0.0771937531682627
-0.00475690587913922
-0.00100184597247493
0.000447905869091117
-0.000444381700339669
0.00122855736287012
0.00022662571849084
-0.000879667336501174
0.000479472287127417
-0.000248069501384873
-0.00156498402260453
0.00422517308683633
-0.000826661274930346
-0.000262990384233724
-0.000722856072039879
-0.000399392432236585
8.26752036840097e-05
-0.00011061989973118
-0.00024489920094107
7.37200647984317e-05
7.14124525079171e-05
0.263778698862643
-0.0884735286544207
-0.00294843125354025
-0.0016477814148038
-0.0011635684239354
0.000720101517059637
-0.000229210278738301
-0.000974059983554845
0.00240641957028748
-0.000563723963770387
0.000171417469824207
-0.000998669930649679
0.00454465480894864
-0.000904038704009209
-0.000576657088424918
0.000123842250605851
-0.000394755445909328
-9.48867471373002e-05
-0.00042865805486937
-0.000409708826481802
-0.000456723869910243
0.265541152684756
-0.0717074493101802
-0.00204545028527962
-0.0020025679795074
-0.000956583986970758
-0.000181269191076794
6.43444192229584e-05
-0.000616125108401179
0.000139597304518496
-0.000332369029305909
-0.000415447601766559
-0.0015297857637267
0.00366276062857229
-0.000501537469653826
0.000145288150270837
-0.000391109303040824
-0.000139138324314094
-0.000193763768501826
-0.000259649796635318
-0.000258134230060193
0.198729005790431
-0.0491951065434172
-0.00131958257093494
-0.000566919301578795
-2.44279743782847e-05
-0.000781261207186844
0.00123894223649011
-9.94311383877933e-05
-0.000122457898743843
-0.000179854651385391
-0.000446820663227346
-0.00123180414703045
0.0046414476421839
-0.000985440863024015
-0.000609385854900324
-0.000148439027683685
-3.22034597629576e-05
-0.000355309302338681
-0.000143897835972927
0.153313478803061
-0.0525803099663312
-0.00161239998749372
0.00106821864148919
4.90921428223432e-05
-0.000741984205121029
-0.00054259819261597
0.00060379419254869
-7.83365884516711e-05
-0.000165708301047096
-0.000373591624678179
-0.00125429848500564
0.00483810144023382
-0.00121172377180678
-0.000537824874962828
-0.000191856521909819
-0.000111279483119022
-0.000228790118685907
0.143403325176203
-0.0470391412487123
-0.00140041322156811
-0.000116668589957983
-0.000268682627891674
0.000388885387192188
-0.0001955585189256
-0.000108176883009374
-3.99272262283001e-05
4.27673838815948e-05
-0.000605938920916933
-0.00124469846747644
0.00428554395612619
-0.00132067637339532
-0.000246759972442957
-0.000226674401321018
3.61508934288025e-06
0.138502377837518
-0.0537349004284375
0.00177286134716056
-0.00020646294223054
0.000135722731038305
-0.000446392461785915
0.000178253694385592
3.69430040002026e-05
-0.000247082899832031
-0.000255000035064482
-0.000622391385823429
-0.00120513725633116
0.0044036866596605
-0.00109799982922314
-0.000521183350018277
-0.000136310042863083
0.154902252569995
-0.0514671773497633
0.000796429287514798
0.000272098379411937
0.000103494640873403
0.000104106224349097
2.13568565161218e-06
3.90520514161034e-05
5.33264726105769e-05
-5.79995906766519e-05
-0.000290602403800813
-0.00125504811671915
0.00431680339856832
-0.00121262508973675
-0.000148620497170734
0.113556043680355
-0.0433104994446373
0.000257688658285869
-0.000250224285962045
1.49648102590644e-05
8.97411672896448e-05
8.44863701217415e-05
7.25539586874869e-05
0.00034562572409672
-7.17751860262854e-05
-8.0598081298175e-05
-0.000946123349257408
0.00479128000666006
-0.00133638827656214
0.106078512490704
0.000559611883787916
-0.000658011037656859
-1.68415727332848e-05
6.52225248153677e-05
0.000133091205305514
2.32849115654981e-05
-0.000298320923644824
3.62631893871072e-05
-0.000180786754527606
-0.000349271684337031
-0.00105971072507544
0.00503472937651887
0.0124314861852118
-0.00792709875711459
-0.000549053346055303
0.000304806621238021
0.000265456409341128
-0.000105528347680779
4.40203417921132e-06
0.000275851422889033
0.000219208601132652
0.000347491960288253
0.000337220450289602
0.000815843266071199
0.0125458692602146
-0.00127903560207842
-0.000735255155056466
-0.000455429948775871
-3.96601799843235e-05
5.08487795906267e-05
-0.00034758763065794
-0.000317602479842411
-0.000331699119817109
-0.000312773450011915
-0.000776022661659458
0.00606452654352879
-0.00148028463930494
-0.000261774143152156
-0.000238917619722556
-0.000163814325247072
-2.37769711405738e-05
-5.12041897114933e-05
-1.33111921496397e-05
-4.08664372297693e-06
-1.73045852703331e-05
0.00640659201582124
-0.00168181962978342
-0.000387856857227798
-0.000200582068053708
-7.03127397659792e-05
-8.93173495077179e-05
-2.46149055141482e-05
7.44355211233139e-05
1.568571176024e-05
0.00638677125064497
-0.00149258678240143
-0.000382684126726425
-0.000114566687691134
-0.000126023754820642
-8.08889405016955e-06
-3.92160285135531e-05
4.38005854039401e-05
0.00690740487679296
-0.00168409347989905
-0.000580378030007984
-0.000111296094928293
-5.0361231103745e-05
-3.5175499528737e-05
-3.81505006531586e-05
0.00680405770833124
-0.00186376690663466
-0.000433903158663103
-9.36828811479363e-05
-5.65924123433727e-05
-2.91917493319218e-05
0.0064279630522633
-0.00157559198311574
-0.00030567322883013
-3.77748496808699e-06
1.52614159714453e-05
0.0061642292089608
-0.00152175204928064
-0.000272006284539073
-5.29896160909845e-05
0.00633829515975414
-0.00155145942900567
-0.000175360351775067
0.00631857619905856
-0.00152939268021708
0.00675849034494417
