0.100734393055072
-0.0427306152203163
-0.0022780595135612
-0.000690525546879617
0.00065716037862197
-0.000653331206181913
0.000340853732273851
0.000370290681168827
-6.80851885947701e-05
-0.00117671573657778
0.000692268887062067
-0.000783703929021055
0.0137375965870705
-0.00178353743458154
-0.00120845767538688
-0.00094000528068498
-0.000165091063598884
-0.000327728162492982
-0.000231327014391041
0.000129996589708568
-6.12969696118417e-05
-1.52035578529885e-05
0.000162710144720325
-7.48485910811472e-05
0.107862751521749
-0.0406393147733688
-0.00154732410903327
-0.00134609318938906
0.000272658615702401
-0.000546215973479809
-7.07254367983285e-05
-0.000785142382170346
8.42809025371405e-05
0.000545064919340505
-0.000386053845785537
-0.00371494300856539
0.0160144711011924
-0.00255457502463031
-0.00149701481372156
-0.000426605799514981
5.76019680245397e-05
-0.000232138061647271
-0.000390237613219214
-0.000117281785024763
-0.000218960386476038
-0.000132458637436939
-1.91287115586685e-05
0.111863732185128
-0.0449157768033737
-0.00197951351555848
-0.00258238586253975
-0.000190047236186902
-0.000171729257770636
-0.000161373104061998
0.000142351087916109
-0.000667048671176288
-0.00027309523020301
-0.00226762187065196
-0.00111890523749385
0.0144759501623301
-0.00238859283661875
-0.00121274345619283
-0.00142652825377389
-0.000682563037866441
-0.000307356377645683
-0.000180969574360657
-0.000178283801373186
-0.000116654703691464
-8.01648861396213e-05
0.124888545930809
-0.0498137726701155
-0.00170067141870791
-0.000974585411342436
-0.000252424233768057
2.16940334305089e-05
-8.65662247529622e-05
0.00027864981556751
0.00028594434389641
0.000356873724432654
-0.00275447067682255
-0.00214216698233147
0.015918111705701
-0.00336316555312923
-0.00106102330161502
-0.000132237492224591
-0.000220513064885494
-0.000383016708907633
-0.000198551739144766
-5.88566528309352e-05
0.000594113162220203
0.121363691837161
-0.0427272957340685
-0.0010480244814976
-0.000929184739729508
-0.00135899694003044
-0.000488443494182933
0.000493182597237493
-0.000447388336271167
-0.000235192619533539
1.10813855218409e-05
-0.00103615566163201
-0.00282931730269131
0.015844752562889
-0.00275202772804473
-0.000913578945884868
-0.000601104995423685
-0.00048113242822712
-0.000308363368438389
-0.000270945276914871
-0.000636103393853014
0.107684626362804
-0.0351117269049526
-0.00133758056923939
-0.000603874794385206
-0.000104401171735358
-0.000903101276734293
0.000218040483617014
0.000706734213584403
-0.00134222532383999
-0.00130413538982902
-0.00112917376771653
-0.00230648053156001
0.0167871992611365
-0.00235857733273829
-0.0011976265694814
-0.000233823306078289
0.000159493252387514
3.45098398335012e-05
-0.000196109031607701
0.0932245900094976
-0.0364022964879872
-0.000722888493017924
0.000129979659251882
-0.000460487625095826
-5.34241194496992e-05
0.000640691192237658
-0.000950718987448715
-0.00017459874911579
-0.000434292795540299
-0.00119052937152156
-0.00180893036453127
0.0155289031669558
-0.00312955294925163
-0.00109504711899263
-0.000117426976217723
-0.000125979237515546
1.07409946218572e-05
0.0916972526766872
-0.0346272882675393
-0.00138161332484933
0.000623936013077026
6.28836307762684e-05
0.000266071416966299
-3.25681440240304e-05
-9.76334802000212e-05
-0.000122228830031444
-0.000441569301465181
-0.00155728620158665
-0.00223391008408948
0.0145571820663276
-0.00263876140806562
-0.000859662549968422
-0.000103729376072205
-0.000189486309623449
0.0916062891127342
-0.0380751384020277
0.00111378051738521
-0.000908472742450222
0.00120058617940117
-0.0016448616039383
-0.000274812162884263
-0.000436944001232227
-0.000512201532344321
-0.00054332967338748
-0.00135119144366466
-0.00185647588507125
0.014799194564033
-0.00223149236968078
-0.000568871789010431
-0.000109086730269115
0.096766156665141
-0.0391552193139636
-0.00081838294675934
-7.4076201843735e-05
-0.000280706062846064
0.000156189586657849
0.000251449117492838
-0.000234617382089998
-0.000129900188862305
-0.000145974004311895
-0.00111983899071159
-0.00149199087604846
0.0141215317238933
-0.00249394597869838
-0.000594849882156915
0.0915458018528302
-0.0348783675191653
0.00035982646847069
-7.46919008278343e-05
-0.000247758751368141
-9.42243537332661e-05
5.73198084718369e-05
1.67360759511543e-05
7.60530801870766e-05
0.000278995007346802
-0.00100057365699504
-0.00136008043960134
0.0136352033970182
-0.00222676421006964
0.102377858719082
0.00127944025030699
-0.00147412571410346
-1.67049542344086e-05
7.84249557686727e-05
-0.00010715210728324
-0.000196205476572118
-9.69627714472412e-05
5.40465780670684e-06
-4.91710128983767e-05
-0.00140502921728103
-0.00131822754134073
0.0145266941061301
0.0297593217196862
-0.0162548733721916
-0.00208144864912932
8.9342457064973e-05
-0.000515837267700254
0.000210216270836361
0.000742017563533847
0.000529729327395846
0.000711862350481154
0.00051467488076828
0.000538046304080572
0.00102262620661957
0.0321667212360796
-0.00212823387501321
-0.00253739339620294
-4.36896380395102e-05
-0.00072032195563109
-0.00123017036401158
-0.000850892787789345
-0.00107330660476994
-0.000625110738150828
-0.000533102431403626
-0.00110781683467178
0.0176268735310622
-0.0032323102938904
-0.00109966474785058
-0.000933998585662324
-0.000427302396302103
-0.000278928680605924
-0.000292087302820646
-0.000276501412520869
-0.000116117256708671
9.45428313228861e-05
0.0196767881948925
-0.004264149232113
-0.00112902233525666
-0.000400192550201659
-0.000295530097081013
-0.000289814396688044
-2.12067578253843e-05
1.0791271579335e-05
5.68146591214868e-05
0.0193917777810487
-0.0035341315580483
-0.00133781407762607
-0.000634774852870021
-0.000405953266720732
-0.000358603998888879
-0.000151145397793008
-0.000250712471245919
0.0200982214692386
-0.0030697450182714
-0.00156669962230555
-0.000545765908739358
6.46761135412876e-05
-8.77339218849198e-05
-0.000315620630241784
0.0191493835905616
-0.0035846972972751
-0.00125629055497333
-0.000353693221245399
-9.18744763653959e-05
3.42855692408435e-06
0.0181414586871643
-0.00307083863924771
-0.000976974611581311
8.08018730477893e-05
-0.00016328703870072
0.0179865510615393
-0.00294067057191429
-0.000712720024020066
-0.000114717426803579
0.017814334868315
-0.00294941424610903
-0.000948168423971371
0.0169131699829784
-0.00281641952989529
0.0180570337476793
