0.178735581135094
-0.0708972306293569
-0.00130129478471506
-0.00205512836675965
0.00228531888840512
0.000230101055477977
0.000412517434761529
0.000233483629972501
0.00117249529800898
-0.00202728485021509
0.000924508124366147
0.000220721768783081
0.0112437056466828
-0.00108005749008824
-0.00094475857309572
-0.00041016818336724
-8.88782097242472e-05
9.68161076075011e-05
-0.000283687268765665
-0.000177993179382448
-0.000211388920453794
0.000333557122227358
0.000515386204194997
0.000753665544161093
0.224213654611895
-0.0859805120468708
-0.00187186590009189
0.000465373373531927
0.000605348785238269
-0.000983061064447621
0.000555202364545748
-0.000891158471111652
-0.000259340428966538
0.0013907399070473
0.00110668432690551
-0.00141646665832325
0.0120129506789048
-0.00167953555828487
-0.000828785661240147
-0.000215449131507671
0.000167740907302907
0.000212402039039233
-0.000449291458029765
-0.000403233265429804
0.00016099007298224
-0.000516384670598486
-0.000408745356259501
0.269716773604721
-0.110603884263842
-0.00622451291721307
-0.0020409304795577
0.000679596057247683
0.000624706455185329
0.00120004338110883
-0.00108839813148238
0.000735194281303829
0.00030180043100064
-0.00132374458113042
-0.00117993294194088
0.0129126357327445
-0.000706367435508749
-0.000329850757940118
-0.000272624879387252
-0.000286295891978743
-0.000414951624388394
0.000177398613483945
-0.000457165455747014
2.69713373822203e-05
0.000589680741348322
0.344533665844848
-0.137566726410687
-0.00592028263204621
0.00131242892526723
-0.000733882739000064
-0.00143646896034633
0.00335483131337066
0.00123006592867817
0.000151537522511757
-0.00039688440274154
-0.00109739757920597
-0.00138964939995754
0.0132035775753441
-0.00213033133093011
-0.00118251974665592
-0.000265788291914192
5.10960821615761e-05
-0.000440814898534233
0.000419298853179671
-0.000330321612695296
-0.000490162704973843
0.347040579953357
-0.12153070615283
-0.0055081388185062
-0.000694135150140164
-0.00164057406048125
-0.00100474540701874
7.87835218025718e-05
-0.00042043381210566
-0.000232699285616926
-0.000790563097151591
-0.00143180818276261
-0.0025270616091794
0.0133362805648967
-0.000866676280317416
-0.000748815156534386
-0.000465522056446034
-0.000250803989085871
-0.000211406890742044
0.000168598714035791
-0.00018502005885547
0.262612416225657
-0.079004569692257
-0.00234970525742924
0.00139248166677045
-0.00218852256560101
-0.0020351846550126
0.000186892246037405
0.000864409173567713
-0.00097180646816807
-0.00040333954561195
-0.00164265984938208
-0.00144268367375341
0.0134354548761383
-0.00128380633164876
-0.00126026658911713
-0.000276298137022562
-0.000875297390002722
7.0193166278288e-06
0.000133721096914044
0.204675128047967
-0.077437120493005
-0.00412067865392699
0.000441880875036034
0.00069633832607412
0.000976769762157964
-0.00075828245386935
0.000441091550032369
-0.000334483294540343
-0.00078627135842649
-0.00174532082892083
-0.00105530907562439
0.0136828354438401
-0.00357479535171854
-0.00138104069306282
-0.000426184016918255
-0.000246149030697769
-0.000159792049606371
0.181330139408742
-0.0695028575989546
-0.00273649785573626
0.000293941720961119
-0.00121145993583134
-6.50294869827021e-05
-0.00046660297382349
-0.00024469190542414
0.000147080233917767
-0.000419357938813975
-0.00150309418778296
-0.0016702959496394
0.0140892303990628
-0.00274823915089126
-0.000537693915354495
-6.74040494342528e-05
-0.000107288455456471
0.174031426922511
-0.0712686877358063
-0.000593478150457383
-0.000642565241208815
0.000614801703253233
-0.000523996731277172
-0.000308960872441907
-0.000229475138691771
0.000161763460315479
-0.00121955216430599
-0.00143966300266368
-0.00129514502642064
0.0145267656387589
-0.00247491467867835
-0.000626738134555395
-0.000587482132450447
0.189310713582709
-0.0729831349179034
0.00250369274429436
-0.000443663320932043
-0.000612830402212832
9.39510327387154e-05
-7.3437508095827e-05
0.000113401329323677
-5.07807368642827e-05
-0.0005653315313302
-0.000852766972062071
-0.00102671500802989
0.0157743581913781
-0.00334606721878428
-0.000598228876797158
0.162892374999654
-0.0659815748870806
0.000643882912739793
0.000112018971038056
-0.000142857221960129
0.000378934255210467
-0.000387947118683008
7.88792063061763e-05
0.000304284769091404
-0.000248116506469311
-0.000764838117491507
-0.000465929594005876
0.0149775303630608
-0.00311979821372748
0.16880354094261
0.00102818928271636
-0.000881212817240022
0.00039741954697212
-4.42437553504533e-05
0.000316331435802852
-0.000774004512232084
-0.000227385982342211
-4.24219211491745e-05
-0.000555304607182185
-0.00105001043495687
-0.00151747691049447
0.0143620987230859
0.0243478954127569
-0.0113596087650345
-0.00157081293517711
-0.000499199176268635
-0.000459039717367171
-0.000206495234184839
1.18468761943061e-06
0.000288335381199233
0.000620175768812284
0.00043491197795355
0.000414921485774411
0.00091713616874164
0.0261528665690426
-0.0029179463438565
-0.00145989661788491
-0.000652212443665727
-0.000464041638279076
-0.000398668398262307
-0.000499894957145522
-0.00107045766948733
-0.000456391407378238
-0.000327914736493193
-0.000591960847370173
0.0189343506696683
-0.00325686501253853
-0.0011037876266253
-0.000654759076366303
-0.000430342889701568
-0.000272244544893546
-6.12384519512662e-05
1.81787987316744e-05
5.22643676443409e-05
9.50429490987575e-05
0.0208560393236077
-0.00428219679368128
-0.00152642542748601
-0.000471933773516247
-0.000244614715496641
-0.000291735831611228
-7.39546878389802e-05
0.000138594451189155
0.000101643638924954
0.0215844798616622
-0.00357693305639961
-0.00110433400184556
-0.000350811985971007
-0.000252615154913381
-0.000179141174392011
9.34601157309366e-05
-1.95584302314877e-05
0.0222807645698465
-0.00394703654939389
-0.00144469595813963
-0.000838054386743173
0.000115991274972484
-0.000231799531173491
-1.84522228604692e-05
0.0233052229295881
-0.00587429218110324
-0.00145558903256281
-0.000232437863417336
-3.9500945209831e-05
-0.000159307272051898
0.0231292802043123
-0.00451888871393194
-0.000800014741981769
-0.000125432690025028
2.23629807613393e-05
0.0230066908519114
-0.00426545620308883
-0.0007499730564001
-0.000308751683849357
0.0253074610141126
-0.00497928017175901
-0.000840929043670106
0.0234464756251812
-0.00501027636565779
0.0222915482039201
