0.176361601710886
-0.0762402932543021
-0.000399502318618542
-0.00151872386774229
0.000677553883846735
-0.000445685464941375
-0.000392434249909108
-0.000139507099814429
0.000236012631622939
-3.9647095824242e-05
0.000631930341482099
-0.00329020685859305
0.00697850964265333
6.26101423872961e-05
-0.000223546662129216
-0.000422965383643501
-3.44671264526991e-05
4.5394606599431e-05
-0.000312662519004422
5.3787193848735e-06
-0.000295906250338227
8.10082119778837e-05
4.28831061529072e-06
-0.000502665477545611
0.216401318074259
-0.0827038302500991
0.00135321848726375
-0.00200568842379534
0.000111974738918765
-0.000311260742281105
-0.000342486507619125
-0.00111582578516832
0.000254173735886255
0.00108104436266242
0.000453294366463049
-0.00164405325574705
0.0102343780974777
-0.00163758484148981
-3.05197350663864e-05
5.21781957350055e-05
0.00011209006127071
0.000495908120481089
-0.000263214505598312
-4.15116441579958e-05
-0.000250538385088254
0.000288355147934026
0.000108922323904312
0.237525019002266
-0.0898843612029213
-0.00585420367671234
-0.002917265117986
0.000381598985765196
1.94744088823514e-05
0.00209272607454479
6.35138907767652e-05
2.8130299407218e-05
0.000711590716869117
-0.00128842076201514
0.000225334295724675
0.00895560898536289
-0.00145126842501672
-0.000664296198097487
-0.000859813246338193
-0.000299323514930774
-0.000194778575369205
-0.000379361364371895
-0.000307332923336397
-0.000233215464031434
-0.000156638211651299
0.275548016223565
-0.106979454799354
-0.00732837859970465
0.000872017739426099
-0.000580078104979759
0.000922323010907427
0.00092788871348618
-0.000426860628252374
0.00354534923296036
-0.000678400449554997
2.93801172626022e-06
-0.000912173171029895
0.00907458926342772
-0.00188683074338841
-0.000491519654573994
-1.2994076300353e-05
-6.3604911553698e-05
0.000107884223930663
-7.67927643384579e-05
-8.60786977634639e-05
-4.06697843809192e-05
0.279716340458769
-0.090173824121857
-0.00451754481100048
0.0010282444838325
-0.00361495862497942
-0.000710299752266281
-0.000253527816906606
-0.00180949234047228
-4.44384933423247e-05
-7.68902966334545e-05
-0.000244144828766365
-0.00109649762350593
0.00936968537549569
-0.00094809383880317
-0.000544443306859375
-0.000536803787050528
-0.00045789691153313
0.000124601110840872
6.4310025786716e-05
-0.000749704052452643
0.236077055536016
-0.0685058937636647
-0.00331435362859077
0.00195037002870842
-0.00245664897136394
0.00122928380843965
-0.00136885697751882
-0.000245951658253054
-0.000602702448380548
-0.000665049089739003
-0.00102854789528321
-0.00096511688808724
0.0106332287159333
-0.00126754369118078
-0.00112711657975738
-0.000256807772815026
-0.000187924718423388
-0.000182520526146891
-0.0010254452033058
0.191540459167188
-0.070682313038994
-0.00107004153197443
0.00186798775482779
-0.000242212617571698
0.00183436571542682
-0.000349017881987752
0.000240404254445373
-0.000133495836462986
-0.000342011596917492
-0.0010216051941249
-0.00109202095556902
0.0114301405631148
-0.00353268957403718
-0.000684250720034852
3.59389548479214e-06
-0.000392509856448915
0.00051159416617044
0.183651764567608
-0.0631550286232761
-0.00217624070873008
0.000582432690116398
-0.00118439651169999
0.000170988275463183
0.000296285676373641
0.000220156281704382
-0.000170291912970928
0.000121647218527408
-0.00161912326941569
-0.00207934751374857
0.0116891066934775
-0.0031261947973078
-0.000777916096878548
-4.30413815060824e-05
-0.000493504262267786
0.181242654865489
-0.0637871743055869
0.00171367090908737
0.00106282829784906
0.000159815044523553
-0.000690733161168543
5.98259594482642e-05
-0.000324541827894038
-0.00037693223748899
-0.000848853563850375
-0.0010971819104344
-0.00151471411223899
0.0119885511616376
-0.00270498992924105
-0.000502889091228235
-0.000425570953153968
0.182383581931497
-0.0670596070019231
0.00425203632296009
-0.000230665567385991
0.000300376024767013
2.36564029379096e-05
9.01222655657512e-05
0.000129790365512503
1.99202066210416e-05
-0.000190844301843245
-0.00104256136126709
-0.00176133719736401
0.0114447348784034
-0.00284713622412301
-0.000415762081305074
0.175117466390223
-0.0608710719340582
-0.000125035560839259
0.000450952466182926
0.000177159889987208
0.000307512579287496
0.000316720940533715
0.000244198508139285
-0.000111428514345187
0.000427989922871349
-0.000456773328478482
-0.000934848435363241
0.0117089874875395
-0.00257907887008778
0.194569119267603
0.000564575845059845
-0.000503218069267409
0.000162655304735968
-1.70581782089575e-05
-0.000786850949606655
-0.000441578661006683
-0.000125757281310103
-0.000538874744025717
-0.00021307640755656
-0.000902230291866555
-0.00167547314840691
0.0123273285149245
0.0167989810394908
-0.00727520729581925
-0.00125800392388889
-0.000594140567255171
-0.000362177817107989
-0.000219277558307371
7.6487950334784e-05
7.44030537691287e-05
0.000234923442386367
0.000360675904971781
0.000258537750609945
0.000628170482723458
0.020345795342663
-0.00171561716801488
-0.000250440496031888
-1.34116190581633e-05
-9.07819767931969e-05
-0.000109816817114602
-0.00021644157484618
-0.000577740146159013
-0.000441840630866644
-0.00024139957558595
-0.000712765824990923
0.0142571817428488
-0.00259955973480512
-0.000667084359555303
-0.000449941546420747
-0.000253493682995445
-2.85792842281326e-05
-0.000177134250208851
2.74058099641942e-05
7.26593769531554e-05
-0.000119559661905152
0.0147820516762474
-0.0029510586865485
-0.00091638973895193
-0.000316465913396793
-0.00024690443612625
-0.000307595573395893
-7.83666262693976e-05
8.62429877696837e-05
7.62184849805351e-06
0.0151224731823553
-0.0027448972398706
-0.000776617845727678
-0.000362850173090047
-0.000325184934434608
-5.33835970617444e-05
-5.84827818738103e-05
-0.0002393721677947
0.0171213992606107
-0.00327645555300697
-0.00157974404463358
-0.000477816839209366
-0.000172082700826333
-8.91865797196544e-05
-0.000435145234748696
0.0177291302725468
-0.00437152897016016
-0.00116144301240117
-0.000286359766769346
-0.000343493865902534
-4.20503618433526e-05
0.0182233299307016
-0.00372027689774328
-0.00102070155538905
-7.63549028223599e-05
-0.000135871188691116
0.0176858577357763
-0.00365750151977557
-0.000610926070820667
-0.000331480796796423
0.0178066931806754
-0.00360810261660331
-0.000714805613622761
0.017412132058377
-0.00343024410782693
0.0181361021111542
