0.165567936962247
-0.0716602735064419
-0.000108515091822293
-0.00049384304133125
0.000481451657842147
-0.00123472997576182
-0.0007825008276708
0.000294914445650979
7.39665094113915e-05
-0.000166191012755468
-0.000527985873816249
0.000527443513140789
0.00847885504382175
-0.00081542432669925
-0.000595749060494613
-0.000422989469114624
5.06400517816521e-05
-0.000322002583314976
-0.000264110916321594
-0.000117757128043636
-0.000231413601622367
-0.000138949559923601
9.83692950329687e-05
-6.89671770385149e-05
0.205912571140098
-0.0729115091517767
0.000127105970812795
-0.000680541148549161
-0.00214735702375363
0.00111403806539801
0.000335612571042117
-0.00148338896269711
0.000351839542229329
0.00103251308474111
0.000123259083098957
-0.00161098069266128
0.0102758947300663
-0.00166741073158274
-0.000240979270432491
-8.20619772027951e-05
-0.00013857135560884
0.000112210825099139
-0.000168669172351485
-0.000316661499596274
-0.000164419506941046
0.000144938806358527
-0.000294130422147356
0.225117182794339
-0.0806381432776662
-0.00409937711857459
-0.00147798309877645
0.000717007434709352
3.48127304232828e-05
0.000169782906544345
0.000620794883408151
-0.000212509370533739
0.000669165183278714
-0.000917549325239371
-0.00084692951925594
0.0102240297053211
-0.00159641619710707
-0.000289100564270783
-0.000810556384176862
-0.000285404970422859
-0.000345159298718383
-0.000239983695644916
-0.000329718990867796
-0.000166358012059112
0.000307244081855202
0.268863138138517
-0.0988791273830224
-0.00366085495575662
-0.000879619612544055
-0.00108153725202729
-0.000251359350536688
0.000316205185949478
-0.00058617556849784
0.00201082496370988
-0.000861546792412748
-0.000263920391196404
-0.00123832129261191
0.0104619666337366
-0.00213603190716509
-0.000581535296519203
0.000129227614323288
-0.000386790751644931
-0.000451516812789876
-0.000130398307439159
-0.000311422781149986
-0.000222894661164003
0.280183176632654
-0.0819734514131348
-0.00293395385999204
-8.09820228247878e-05
-0.001243280255609
-0.000621401111489781
-0.000261914248892152
-0.00135217330923669
0.00028179483334744
-0.000196063533817397
-0.00102589633950889
-0.00175611836423656
0.00983116345838294
-0.00115358239889083
-0.000388977998148103
-0.00038898355821845
-2.94191641737543e-05
-0.000498000967945984
-0.000134975887527253
-0.000600371152333148
0.217801838020367
-0.0549361746326116
-0.00109894616239386
0.00159300083615845
-0.0012187732585614
-0.000105120267813256
-0.000178897612547921
0.000251260816308092
-0.00101245407989899
-0.000659635366613679
-0.000995901740965197
-0.00162464833625481
0.0105938344647899
-0.00160484770936953
-0.000872426233019409
-0.000348258948358186
-1.32725249546567e-05
-0.000212733676494025
-0.000427109827424977
0.164538547607177
-0.0570178699089048
-0.00232690444764964
0.00126377039894924
0.000102775528526346
2.77021460042992e-05
-0.0001169035928668
9.20304405049659e-05
-0.000137347054785303
-0.00023079499770125
-0.000826900876582029
-0.00142925444135023
0.0110938611589017
-0.00272087808395501
-0.000838539958040841
-0.000219793310752933
-0.000295650795575415
-0.000181000890952288
0.153841319098895
-0.0481377876158853
-0.00168836268571746
0.000491155908545035
-0.00108900742296874
0.000223717858368497
7.34486464803097e-05
-0.00012155482004591
-0.000295217164607921
-0.000288684816264008
-0.00102569468874137
-0.00189080604713674
0.0107977208862652
-0.0022985194931462
-0.000443042999833269
-0.00024853325198754
-0.00027468741690282
0.151626082191928
-0.054518271937514
0.00171538271584137
-5.56674247817926e-05
0.000365308052490038
-0.000904999383684402
-0.000140579058792045
-1.36844093864693e-05
-0.000443117230469399
-0.000654759391438743
-0.00117713528325023
-0.0012685405199881
0.0107235731213513
-0.00214070215209927
-0.000601863454100269
-0.000145933318543719
0.153356893294109
-0.054112593255227
0.00054743134819493
-0.000115793622911085
0.000228742987263788
0.000181890272309005
9.26646175036192e-06
0.000174606841202778
-0.000130820925379429
-0.00019396710303243
-0.000942959644139768
-0.00142505005032512
0.0105280141057575
-0.00205451696564715
-0.000749255670792402
0.151491763238834
-0.0490783805006099
0.000553806849936182
-9.0102428805928e-05
0.000200418817562795
0.000241148193819961
9.45463219838978e-05
0.000435557706978107
0.000118896715650198
0.000169087861656579
-0.000398318434161781
-0.0012318134667106
0.0111906808400777
-0.00240265774407728
0.165330241621229
0.00056901395015866
-0.000579806739315032
0.000176679868023315
0.000163784276792483
-7.40576342820093e-05
-0.000351113954374082
-0.000289822040414915
-0.000113845367571621
-0.000205177369471537
-0.000827025232338659
-0.00145157699992913
0.012078009200868
0.0218421962552719
-0.0113131295885873
-0.00116490292785688
-7.93829184677328e-05
-6.49015917589429e-06
-5.51728848873512e-06
0.000212731297258337
0.00024268714150913
0.000529758600145237
0.000337665862887169
0.000536895603315406
0.000898769362742287
0.0229067198808686
-0.00179087574336669
-0.00107724991135143
-0.000372160184722762
-0.000425658811436302
-0.000371760958750012
-0.000512954441604629
-0.000697530856958591
-0.000455703743135607
-0.000475517257008189
-0.000850546851822349
0.0137984966615997
-0.00238940448275704
-0.000642872983415587
-0.000623895855638756
-0.000296147303718583
-0.000102744526027684
-0.000268673386426446
-4.68321253687642e-05
4.70900629238845e-06
8.2972967061749e-06
0.01487220023189
-0.0029281027173881
-0.000826475460355848
-0.000310896951387033
-0.000303710089970337
-0.000188933142654967
2.9073480847752e-05
1.98231861786432e-05
5.82156245094639e-05
0.0148589718859226
-0.00248719463536164
-0.000786619300955472
-0.000400545033049066
-0.000279835301791701
-7.86757440687637e-05
-0.000118376048885048
-1.86028373762347e-05
0.0155800658917407
-0.002707660878441
-0.00117050996883074
-0.000337486689971186
4.10699744942584e-05
8.99284661384246e-06
-0.000257635098754586
0.0155503646132508
-0.00353850739543329
-0.000976664439890784
-0.000230630939919776
-0.000132690846543216
-9.30154197076259e-05
0.01542317955489
-0.00285279441561485
-0.000626195441943904
-9.01538270441071e-05
-5.35667653041933e-05
0.0148446157555042
-0.00273267132949268
-0.000523127636607977
-0.000204045461375307
0.01484109592433
-0.00282161324384147
-0.000599328731157034
0.0149430447206606
-0.00282851142696217
0.0156867007567959
