0.19986703777202
-0.0757330061850876
-0.00043719517405465
0.0015944514146421
-0.00157632096250195
0.00025488415953143
-0.000691346538220237
0.00184300421737596
-0.000837605164728523
0.000135229189361059
0.000590082438972255
0.000325015091451653
0.00885350033493103
-0.00107024057104543
-0.000532976311363573
7.44527405536461e-05
-0.000445416348151993
-0.00022514627144057
0.00020472806222425
-0.000605386524238542
-3.19934756168052e-05
0.000119977377106652
0.000249467832012694
-4.53577512108888e-05
0.269738459139526
-0.100447861820663
-0.00299269232789359
0.000744449989075459
0.00315803913080858
-0.000436109214146253
-0.00304181633150588
0.00175669003727721
-0.000175045489296534
-0.00101953097765692
-0.000383213771064527
0.000245057786358806
0.00845528287747856
-0.00225586081919052
0.000274327459793352
0.000341418278632478
0.000474125921694012
0.000693202098999631
2.64297728546506e-05
0.000422005790389398
-0.000232036397308932
-0.00031063419796991
0.000920495120650498
0.306646198838025
-0.11636517766867
-0.012441291100254
-0.00205124839173126
0.00156620894062151
0.00089396145685161
0.00194266429405354
-7.97898152650789e-05
0.00266461923208416
0.00141053578593287
-0.000885723450098934
-0.000812286849429843
0.0103582795419842
-0.00189999965145888
-0.000614664725518601
-0.000321076524614865
-0.000343982557616616
-0.000639099999876553
-0.00029116524929883
0.000278623437830969
-0.000112450275760909
0.000250135633428563
0.372064675404231
-0.143990000623847
-0.012663624828228
0.000728184983439725
0.00208613643986699
-0.00189849576217347
0.00253528088840322
6.06358563591408e-05
-0.000708787868121137
-0.00116630200388414
-0.000811161908149206
-0.00128660922894612
0.0103322114505829
-0.00187441098441069
-0.00115808081270357
0.000214474844996312
-3.3380889161661e-05
-0.000748931514179179
0.000826344809697813
6.1625693421226e-07
0.000192728761440171
0.371445460907429
-0.12610731300751
-0.00805908817124461
-0.00281608420576501
-0.00106130672599967
-0.00139953677804038
0.000759669052672952
-0.00326927532179481
0.000194445842554686
-0.000733032834956319
-0.00126394475535774
-0.00193549354110624
0.01017289704265
-0.000234413283734934
-0.000187308050831121
0.000255496181219735
0.000797400183448671
-0.00031494579824097
0.00061050229656913
-0.00145823846980204
0.297487283893614
-0.0954288505941428
-0.003602282096781
-0.000777369006387833
-0.000894887512118145
-6.26684769211295e-05
-0.0016253694612034
0.000394229161451679
-0.000640101771541301
-0.00027719260428372
-0.001157183398809
-0.000539001063168897
0.0104047724596231
-0.00171979840829905
-0.000206750634322808
-0.000524891000061643
-0.000327968328510347
-0.000440717493421571
-0.00013295776079405
0.246768629999138
-0.0983276467816918
-0.00300849775287895
-0.000650025421181174
0.00343310061536826
-0.000388970444981101
-0.000324036794989518
0.000237267320787249
-0.000725855694455646
-0.000552606820288582
-0.000966023907966892
-0.000580224157315778
0.010613692656938
-0.00322811555338876
-0.000318926888033582
-0.000354150181390156
-0.000220533147841295
-0.000558263864579057
0.218683407055533
-0.0854276393915785
-0.00366515739079552
1.43945655045137e-06
-0.00147205520189854
-0.00025989093167089
-4.48891119420008e-06
0.000582237167463963
-0.000146759369280666
-0.000639813424923956
-0.00117123203582891
-0.00139787659069632
0.0112418228537678
-0.00344324220406711
-8.27619620768867e-05
-0.000480031367902516
0.000224371590012402
0.205489548873205
-0.0859293427166736
-7.05846788810685e-05
0.00268010293689495
0.000124339106641801
-0.000361442084090556
-0.000659270405813481
0.000129686901676228
-0.000474741332725471
-0.000707965211330177
-0.000764592685248387
-0.0012019970732668
0.0113183822012638
-0.00300048061983237
0.000143256948135896
-0.000264774835676554
0.228006327666187
-0.0891121231181649
0.00291581570405624
0.000377138804010779
-0.000431902388170578
-0.000117166999451284
0.000162498796704717
0.000217974098417874
-0.000244791306110964
-0.000510345358222158
-0.000899889855474434
-0.000282430728750669
0.0125586964009838
-0.00380817925707297
0.000293453905489285
0.203881590280787
-0.0817113658241492
0.000125965595081279
-3.12069914603587e-05
0.00011839806692519
0.000416640192929829
-0.000405660749463573
0.000435717545846025
0.000695735626018247
9.68742545257811e-05
-0.00041529757145425
-0.000285673895952095
0.0125399712013299
-0.00296044168079007
0.212632685755006
3.49141795759765e-06
0.000170984798047338
-0.00027269718046877
-0.00073697981208429
-1.7877251813599e-05
-0.000161877433554764
-0.000758145921591256
0.000145857765886115
-0.000336966449878493
-0.000478188160172255
-0.0015368604767063
0.0120479851031197
0.0216880590077657
-0.0103249682424902
-0.00125299964369771
-0.000381960430524893
-0.000265230521904366
5.29210389613634e-05
-1.80110918201991e-05
0.000547393823980278
0.000206754102064697
0.000372118457586415
0.00060856846421206
0.000737921407828237
0.0242148367001231
-0.00331937165502443
-0.00112724138942766
-0.000700371878461166
-0.000378100515390324
-0.000137928805682825
-0.000624824600796084
-0.000342892990068698
-0.000261624485831404
-0.000626798499635851
-0.000449386073028764
0.017225898421453
-0.00356131590482361
-0.000512424176674106
-0.000799165616262247
-0.000344758868005531
4.84900279838188e-06
-0.000331195380650798
0.000103387046776061
4.03070574587558e-06
5.74250400654009e-05
0.0188540588266627
-0.00441149349384137
-0.00104276447250086
-0.000522162654899414
-0.000116483533273363
-0.000143119960043251
-0.000180541955704875
0.000230550259730146
0.000112544290361123
0.0195517061458703
-0.00367172417463814
-0.000768931645768707
-0.000609231975468838
-0.000382469547205683
-0.000166985172439346
0.000261735214871126
-5.67679708338979e-05
0.0206039316750303
-0.0042523866394223
-0.00136838396871199
-0.000637721943425162
2.88057620601656e-05
-8.53460522902938e-05
-0.000111891126661812
0.0233027866640405
-0.00665635963070327
-0.00125171312814905
-0.000310051085082731
-0.000209824495952258
-0.000107366932133427
0.0226552097071639
-0.00512451123519605
-0.000941477168877324
2.57004314721989e-05
-6.1784062468813e-05
0.0222608265899314
-0.00507176292377831
-0.000524233611183396
-0.000293745469220323
0.0256437929434827
-0.00600056194260452
-0.00031951426424987
0.0241463630940674
-0.00582258693625125
0.0230955344065355
