0.185828646680989
-0.0753769033164021
0.000666694121758802
0.00049408763405812
0.000207315489800281
4.8573790568493e-05
-0.000227881617655587
-0.00023189114882846
0.0008377310237779
0.000512660207858821
-0.000286064421204127
-0.000457213066318186
0.00539944587091846
-0.000848522643660439
-5.58616913904282e-05
-2.95435646180062e-05
8.41203011888839e-05
-7.44392947183716e-05
-0.00022955943622961
-0.0001574702047634
0.00018286056453931
-0.000136626730985619
0.000370668011534877
-2.88517349488627e-05
0.241670023327813
-0.0868799446224151
-0.000347436129697071
0.00158283285084345
0.00015621496898134
0.000420537379906817
0.000922579159693621
-0.000952917517708848
0.000400509521255271
0.0001368026011793
0.00109174660956987
-0.000337320439172796
0.00454780897429037
-0.00100001773845316
0.000456465946627957
9.09128922237497e-05
3.31701785381366e-05
-0.000181406719124029
0.000381326290893707
-0.0002020144280615
-0.000179635997974461
-0.000273592840522282
-0.000107198662428815
0.262394739848615
-0.0953793426462768
-0.00767364274910172
0.000263160938521153
0.000322825516785161
-0.000443427351770139
0.00194224432130647
-0.000463340518560548
0.000920762827426241
0.00117329199273027
-0.000714622391696611
-0.00077536317401179
0.00608144888202617
-0.000780779365516073
-7.6976009268535e-05
-0.00015816421422001
-0.000442101402391505
-1.6234247054128e-05
-0.000150266487731075
0.000103471550622393
0.000258880290861806
4.82101486361618e-05
0.302873584932536
-0.10856644717038
-0.0058040464345104
0.000450268809257516
-0.000441320340273585
-0.000450621310668803
0.0015097885028464
0.000554048585066527
0.000256580877185747
-0.00034455798300228
0.000318868012110413
-0.000734696163921886
0.00637513663014653
-0.00115996637149237
-0.00094598400456707
0.000309696596626116
-6.23958462659272e-05
-9.08258891454839e-05
8.16046268568225e-05
0.000320081227379915
-8.77940013375553e-05
0.309424161076493
-0.0928484191909208
-0.00362349323462819
-0.000116467087607715
-0.00112169163802229
-0.00082124456678587
0.00091795617434578
-0.00173029674957564
3.76475370702037e-05
-5.67189440463419e-05
-0.000667072104050573
-0.000981281799470938
0.00638013673759468
0.000131122539745735
0.000186844191251564
4.51542879055174e-05
0.00067942140827856
-0.000185488862012321
-0.000187733155498153
4.9574504036533e-05
0.248443111930239
-0.0704481326344277
-0.00289000296955882
-0.000348057417570671
-0.000135124310472724
0.000800310830097379
0.000147214432893835
0.000636324463276131
-0.00068412021180051
6.49337571917779e-05
-0.000746417935897297
-0.000703634220080653
0.00651014752397151
-0.00115920713023353
-0.000371501487243574
-0.000394292792569878
-5.77747689462055e-05
-0.000146745117463008
-0.000200151446086373
0.209383837320986
-0.0757107091035271
-0.0021984768569644
0.000686923644819059
0.000250111633815513
0.00166225514014556
-0.000424144813859222
0.000343421830582983
-0.00011912418943066
-9.92677173010288e-05
-0.000678167792311053
-0.00102223520952744
0.00668604114035602
-0.00178796118366248
-7.16395787586257e-05
-0.000110859358723507
-0.000141282805699232
-0.000272403498401351
0.188143398231933
-0.0636218898035696
-0.00116047361049928
-0.000889790772725541
-0.000358286816218776
0.000259749583187296
0.000193491543507005
-2.34046004498515e-06
-0.000114499339511685
-7.04872216039058e-05
-0.000716272048240965
-0.00144211814004868
0.0067738768331477
-0.00160326293356517
-0.00046975036766432
6.62516994093858e-05
-8.79386983531513e-05
0.180776120558305
-0.0650987102727277
-0.000259600833932079
0.0012512912170239
-0.000159917527982228
-0.000278396107071623
-8.77915609941354e-05
9.32147476361148e-05
-0.000513315354576717
-0.000791809359279078
-0.000598395942698164
-0.00115376200145031
0.00592976238518165
-0.00135060717914586
-0.000543898831101794
-0.000256352658518698
0.172975231921111
-0.0614394824028619
0.000796881148324406
0.00013571134692295
0.000138674305656719
0.000145439286411282
-0.000140767091259397
0.000114988758651088
-3.4556059481861e-05
9.07029699813269e-06
-0.000499524336161579
-0.000756341957891925
0.00647118065793958
-0.00143801495745059
-0.000246657546507628
0.182762232504035
-0.0593999782185554
0.000172580313508617
0.000182259918129784
0.000331051033992097
0.000359546630906947
0.00010240847783742
0.000329795717354136
0.000310663351937137
3.6103200412522e-05
-0.000284275284857473
-0.000529451977444579
0.00666945942234243
-0.00122051048477013
0.194726329341652
-2.09520967158498e-06
-0.000473100290627119
-0.000135155897555894
-0.000234051968997182
0.000110956929937679
-4.32585672317288e-05
-0.000369385381130322
-0.00047260035425493
-0.000251980361052314
-0.00091651167220448
-0.0013231888284417
0.00705245366004986
0.0134870584380151
-0.00600952704875021
-0.000639154490427948
-0.000214422668538453
-0.000117145458993798
2.75679865784403e-05
-0.000527301401007051
-2.40933178259493e-05
0.000142542928914938
3.33872881343759e-05
9.75841472014993e-05
0.00019451038191674
0.0143066703590599
-0.00179299689771046
-0.000257798837088853
-0.000116461253220247
-8.77231807602326e-05
0.000548651115368852
-8.05451967929728e-05
-0.000171128410384518
-9.10632806909239e-05
-6.76325852137847e-05
-3.32282111646888e-05
0.0106743057890947
-0.00201376141884392
-0.000404934763988714
-0.000131518734910565
-3.08567916164101e-05
-1.36496385762235e-05
-1.60092521383348e-05
4.24859662855622e-06
-2.57531560870892e-05
7.93222871070544e-05
0.0114453920603746
-0.00239935552729186
-0.000466442669484978
-0.000219316033685864
-3.27245656699989e-05
3.93751738008316e-05
-9.96621139600932e-06
0.000102518404298972
8.90584411269997e-05
0.0119347682272269
-0.0019877394385529
-0.000528546487722593
-3.06578893638439e-05
-4.27166524605002e-05
-6.75774536590478e-07
0.000117446461667344
4.06973969686838e-05
0.0124871966755984
-0.00248774506494399
-0.000704459962832385
-0.000273775132721184
5.40288102807599e-06
-3.14298254886719e-05
-7.74205901995762e-05
0.0131066176648861
-0.00322961462536232
-0.000601882993362859
-0.000114149169479519
-9.93070329192334e-05
-7.11720448616195e-05
0.0124560998526247
-0.00248556390476172
-0.000416288219453207
-1.30158297588134e-05
4.6335057878347e-05
0.0110923284240192
-0.00220208316477778
-0.00029407775881659
-3.37869715283104e-05
0.0111094324871454
-0.00236521959114443
-0.000326431518186575
0.0112353341318605
-0.00247344933567633
0.011511984401407
