0.20530125199484
-0.0877032260082432
0.00100706271325586
3.21355949936663e-05
-0.00119588851430942
-0.00122112686271898
0.000522459691952541
-0.00086495605600931
-0.000844332410135362
0.000257172364233104
0.000665289245008994
0.000845251630517511
0.00688182335130542
-0.00116415810931847
1.33619679008558e-05
-0.000216762764466329
3.63504098483248e-05
-0.000638703975376168
0.000193801188373577
-0.0002174049384035
-9.58772295547585e-05
0.00021032056734538
-7.11535308735085e-05
-0.000589770657069804
0.258128810316159
-0.0917721898260129
0.000440758534799403
0.000573024011524455
-0.00186427908765381
0.000845241299825175
0.000851776461645984
0.000649601832299949
9.79525350174592e-05
0.00135312381877449
-0.00129253348273112
-0.00066055258220349
0.00668821698997723
-0.00151229864323822
-0.000154182207874006
0.00012103572336317
0.0005628618149772
-0.000277187088082242
-0.000332192132086612
3.59789754663979e-05
-0.000418662157153041
0.000566518125466835
0.000324467134157665
0.284849033859062
-0.0969236472486891
-0.00670940200736789
-0.000822025826429056
-0.000252619549607701
-0.000383589151583061
0.000411305922358376
0.00154486211855438
-0.00123820538641692
0.00161323330989049
-0.00210526554646406
0.000936171714451823
0.007395146960557
-0.00120015228986059
-0.000522857613552452
-0.000740750720116048
0.000260083317932977
-0.00030916379433454
-0.000331064790299712
-0.000242846455130359
-0.000193242096985221
-0.000151406689006965
0.337506287692773
-0.121676879723491
-0.00749464690514279
0.00106301318185823
0.000964183977868375
-0.00089518290016069
-0.00134774395513661
-2.03543152400922e-05
0.00467364186406768
-0.000531523256435046
2.53317382870822e-05
-0.00015888421082742
0.00829707972632294
-0.00262471416299623
-0.000387274197174953
-0.000174703330328972
-0.000512847179152169
0.000355986754870345
-0.000378527417294128
-0.00037585588811324
0.000418529684481107
0.347872025701689
-0.102252787297988
-0.0024480294573638
-0.00150424592323841
-0.000185880411338561
3.00764421889177e-05
0.000312814499761638
-0.00296523434107075
-3.07017399830608e-05
5.28759017495087e-06
-0.000639455375871904
-0.00102747466696646
0.00782522490771437
-0.00111744173908895
-0.00017851872207186
8.70316118491165e-06
0.000290523060718131
-0.000551921663390858
0.000201579142001502
-0.000242667540876493
0.292157645742583
-0.0819249888371811
-0.00210874907532694
0.00134333209550214
-0.00136623454719467
-0.00200330614133448
0.00096605193724623
3.1724128964642e-05
-5.71986432956415e-05
-0.000509618494493113
-0.000718098670011326
-0.000568726211988122
0.00776831309867596
-0.00159280683969839
-0.000719052673302206
-0.000213265471871147
-0.000344705176351711
-0.000713221200428397
1.30248193234263e-05
0.243660230502848
-0.0846986703996983
-0.00204886769679871
0.000555805708745663
0.0017681107534775
-0.000142304003167936
-0.00065680190943587
0.00113690840865715
-0.000300337810823989
-0.000312161364171972
-0.00103010668686489
-0.000798274703083661
0.00811589179874754
-0.00275412241032186
-0.00110268736015084
-8.98115488659529e-06
-0.00047151922179957
-0.000627358453855823
0.232732193112287
-0.067981117123935
-0.000606418071823817
-0.00179920058225774
-0.000477856738137485
-0.000436697701439484
0.000525276755755762
0.000390455829110883
0.00014843943712037
-0.000127127997460999
-0.000725414343127936
-0.00142835008250325
0.00851671400465742
-0.00227841527457111
-0.000249768517094344
-0.000432481808979156
-0.000570995415799766
0.217612903801659
-0.0738068554567067
0.000367036552387632
0.00316521105595206
0.000458621464855816
-0.000921697155098655
1.44250864920359e-05
-1.02623273837299e-05
-0.000763916858637086
-0.000744677882370916
-0.00108128468778244
-0.00135367754828479
0.00820206179670744
-0.00201424970949946
-0.000330374191252682
-3.07512658597421e-05
0.217193962370577
-0.0738064768335001
0.0022970008491217
-0.000784151910119434
0.00110543029532451
0.000607492307133423
6.14778907167708e-05
0.000348837026337931
-0.000462326223795194
0.00052810822862411
-0.000631463477939002
-0.000810665124238904
0.00822665852468817
-0.00235787890872848
-0.000326137919680825
0.21951544436303
-0.0713833184157339
-0.000632776381804294
0.00123555074655161
0.000124395167158144
0.000666474141307318
0.000414793621624004
0.00100478582937473
0.000213333937664278
0.000469754907116677
-0.000643659603682526
-0.000384068286434752
0.00919656812692054
-0.00215064209623205
0.245903138335387
0.000568822654410814
-0.000380896573828268
0.000284726270433078
-3.06736245301228e-05
0.000325715333255622
-0.000438776358482882
-0.000103047754038924
-0.000403143707890984
0.000579160807476736
-0.000798202974170756
-0.00153204591706588
0.00850617900933332
0.0213752947081399
-0.0121255784855166
-0.00133953783396199
-0.000418569009228158
-0.000387636072596913
-0.00081479499429646
-0.00125091583119301
-5.26374483572604e-05
0.000327831853163027
-4.12921932058432e-05
0.000311454280021596
0.000508321723979474
0.0246004804013807
-0.00142360854441861
-0.000238724696432791
7.71026012137074e-06
0.000773277412882073
0.00132571034407162
-9.01518778805674e-05
-0.000439789047082534
-0.000165860723943802
-0.000174746020384262
-0.000440637007707136
0.0138055217281401
-0.0020533261753748
-0.0005564240792698
-0.000287057335611211
-0.000119780033191476
0.00014668938584052
-0.000139530872166211
-1.44492657267128e-05
6.41928669719578e-05
-5.00396414336456e-05
0.0149190379073426
-0.00291328574691401
-0.00076784377229741
-0.000235887809124801
-0.000224770443174684
-0.000148732034873354
-8.94396415302959e-05
-3.01424108167462e-05
-2.46955511948856e-05
0.0151858566274561
-0.00258803148225292
-0.00073648928197334
-0.000233504166980174
-0.000193488200197678
-7.05202250114571e-05
5.58240951110981e-05
4.17439975789415e-05
0.0154003532323351
-0.00282368064721313
-0.00082358802246654
-0.000351943338339702
2.56417554146821e-05
-1.46560829037413e-05
-0.000173331908098106
0.0159037472238795
-0.00345408569487289
-0.000839996040737447
-0.000191466560601466
-0.000187435495193928
-8.83869542853741e-05
0.0150919303669808
-0.00309227861746475
-0.00050827966572241
5.99485020244631e-05
5.98058412946486e-05
0.013983638096577
-0.00267969931176261
-0.00042718899028929
-6.26476660813679e-05
0.0144665420978087
-0.00292623481403441
-0.000537153514121576
0.0143107767187001
-0.0028413471228484
0.014322505799326
