0.1463396409236
-0.0560612088258206
-0.00105607141280261
-0.00145729321392486
0.00183552597711657
-0.000431229114006412
-0.000353376898421376
8.61821135994948e-05
0.000435898653625052
-0.00116372954389014
0.000331328037908967
-0.00152577571053773
0.00552309530152806
-0.000620775642277971
-0.000217925919993703
-2.0064735046799e-05
0.000272571531582045
0.000126925545192947
8.6411416607461e-05
-0.000190171391842106
-7.3274097256246e-08
-0.000252570858396967
0.000427537743946514
-0.000386270798802567
0.172508433786453
-0.0651894577614464
-0.000102740724759162
-0.000552045800372495
0.000876066277578281
0.000458079436272221
-0.000456948078145131
-0.000411899095264862
0.00113163700898441
-0.000769329552997145
0.00160342283677119
-0.000546886692224865
0.00550510044839071
-0.00144491009103437
9.85358901978791e-05
5.51708472826004e-05
-7.28950461853762e-05
0.000234276609033485
1.58746401613859e-05
-0.000123448421580993
-0.000101907483982729
-0.000103642054687877
0.000307750763280587
0.19291362496165
-0.0695840646737066
-0.00535095467546169
-0.000781387479684079
0.00167635231879876
-0.000913346205401471
0.00133361617824912
0.000828370656403123
-6.68219505452179e-05
0.000712857406310739
-0.000807816089294108
-6.62331438609371e-05
0.00586588007659014
-0.00134465289420185
-0.000422919603700546
-0.000384671918173666
0.000203499919624861
-0.000411747200484293
-0.000110259467592491
9.35758538402754e-05
-0.000137687582759131
2.55214703581191e-05
0.207203067629638
-0.0782970773181789
-0.00617411316152025
0.00150374902914935
0.000358537518756603
-0.000157364320481532
0.000501041972807463
0.000281907048844761
0.0018540599035863
0.000298555006718563
-0.000959848064723597
-0.000414224841581077
0.00630653146718265
-0.00181887726885776
-0.000497659865797016
-0.000305946108445346
-8.46141914832007e-05
0.000182373796767407
-0.000192395362418901
-4.85483686813344e-05
0.000163958025408281
0.208594511555789
-0.0682240953211312
-0.00297314450952831
0.00204904962131631
-0.00263740796600427
-0.000599806790392344
0.000249126050310786
-0.0027042373983092
0.00060752115755362
-0.000259851132863147
-0.000255361719866998
-0.000443457776285584
0.0062920931943985
-0.000846291876141133
7.54018666554504e-06
0.000160739590513742
1.08356038045106e-05
0.00022697412306264
0.000196251824120795
-0.000374356337711269
0.171909359115915
-0.0551538254899557
-0.00249118747824514
0.000938489279483359
-0.00138384445354173
-0.00128133373273415
-0.00175283727377696
0.000132557848228064
-0.000335810436782034
-0.000224747538455999
-0.000492622259883798
0.000101466594320253
0.00632057337479025
-0.000712717990875342
2.50579841027651e-05
5.18055948716445e-05
-0.000405956325758488
1.30681138676757e-05
-0.000654911987490465
0.143654643610675
-0.0604958377027013
0.000407984593525282
0.00101557605638328
0.00119387357345718
0.00197617271010842
-0.000543700696058422
0.000412212889787234
-0.000250267967255979
-0.000142099876573411
-0.000740679723100514
-0.000489759809753784
0.00583485493980439
-0.00216566598565693
-0.00026107357236001
0.000198145726075966
9.46429370517499e-05
0.000375540513100642
0.143214421115913
-0.0592703246926117
-0.00116848832444736
-0.000200322759035855
-0.00037639629870681
0.000513153067027506
5.15215105376715e-05
0.000300201440803795
-0.000111579130566184
9.75775653926204e-05
-0.000546093323965599
-0.000500981977405568
0.00597796025372874
-0.00190746735871594
-0.000232564740055355
-0.000213308052754019
4.16881662723353e-05
0.147950955125528
-0.0587890870798861
-0.000232712626918292
0.0014764410947493
0.000563475592901725
-0.00116013087282784
-0.000129065796683467
6.64827683875905e-05
-0.000334047305512615
-0.000422309481815674
-0.000282146266599081
-0.000726125119741289
0.00563407000131543
-0.00190634936280683
-0.000245129943368977
4.16121542456051e-05
0.155297919584257
-0.0594787739103665
0.00488603074460661
-0.0011692685723347
0.000782776677190607
1.83497404468945e-05
5.06425461416095e-05
-0.000316920782213566
9.79929704251729e-05
2.58382193588302e-05
-0.000260602060116477
-0.000173301621252563
0.00635676198210131
-0.00245987350013843
0.000145101481039461
0.143158059763143
-0.0579049006754896
5.84389144138334e-05
0.00028544152216883
0.000281222678072034
0.000210139802820549
0.000306048876868927
0.000242738359030309
0.000501154312206993
0.000157108881886716
-0.000143517299210285
0.000139915445102342
0.00633073546962399
-0.00146695247714853
0.157839367235437
4.5598627565407e-05
-0.00025476631935257
-0.000243330304829806
-0.000406513876861736
-0.000482969343617363
-0.000232564161755618
-0.000294527414810865
-0.000117594571661872
-7.26981115153631e-05
-0.000393982330349498
-0.0010023792836444
0.00683169298405904
0.0178559991173137
-0.0100676765908736
-0.000846265053772874
-0.000178747450185444
4.03664462526099e-05
-0.000222924011763914
-4.03562094282683e-05
0.000282675091338569
9.96501601586063e-05
0.000161053464352822
0.000283594644174181
0.000490257172470254
0.0188484921320932
-0.0016945734834345
-0.000560651704123761
-0.000214399917928024
4.67849533882433e-05
-5.47849622521522e-05
-0.00025898651230286
-0.000205540754818863
-0.000286412518443474
-0.000200906866809368
-0.000478345115998332
0.0105428109143492
-0.00203380516249963
-0.000408074813055526
-0.00028065674296691
-0.000116690380948405
-1.66682392925121e-05
-0.000248787087873349
4.36757451345282e-05
4.97932380791849e-05
3.59441009649668e-05
0.0113316823008695
-0.00251173693697706
-0.000569159073023992
-0.000132839277826986
-0.000105315781492311
-6.53925198234574e-05
-4.20950788312223e-05
8.60143414402826e-05
-3.45990043757508e-05
0.0115062203731463
-0.00210859046754176
-0.000608363963872273
-0.000116368760591536
-0.00010649377775545
-5.61825000817602e-05
-4.46156475433615e-05
-3.53658736091632e-05
0.0125989282646318
-0.0025887599613615
-0.000777002843442439
-0.000201270547596452
-0.000101675338457884
-5.89332968764997e-05
-0.000117464024295342
0.0137306820919966
-0.0036222634034014
-0.000727632911827165
-8.26640714001655e-06
-8.98374283506482e-05
8.35483434743225e-05
0.0130846472565446
-0.00299876390944992
-0.00042476873536722
2.28651705385564e-05
5.49849208330312e-05
0.0127439670163811
-0.00296444045189599
-0.000360509384091713
-5.5758026864134e-05
0.0135384680208522
-0.00323790766817777
-0.000256984390210149
0.0136921087915257
-0.00334861407986775
0.01445968207709
