0.1163052994716
-0.0455875252863377
-0.00153534647253731
-0.000632031491694428
0.00135445284534993
-0.00160719486489135
-5.02624755233711e-06
0.000205190554352275
-0.000123530399145368
-1.89515554722996e-05
0.000853789806027861
-0.00102518286300144
0.0124787597717307
-0.00189792438985414
-0.00102588037721047
-0.000858982380998973
-3.00005540716724e-05
-0.000188707569011303
-0.00038426268678295
-4.7558319697434e-05
-0.000300436914621491
-6.22047996731489e-05
0.000369802214105956
-0.00025103075025277
0.13949245068645
-0.0510128423329095
-0.00112439534455274
4.70060091514876e-05
-0.00135842712259405
0.000176572512227232
-0.000665520549047117
-0.000464491404893219
8.04795245413425e-05
-0.00010582326438955
0.000530840117354689
-0.00292023026610521
0.014182415219621
-0.00229069433731574
-0.00104538268208641
-0.000267141516859892
-0.00027440920451963
-0.000231397085700399
-0.000240168593712005
-0.000229244903306572
-0.000343640377169255
-7.45771688527281e-06
4.89957540018291e-05
0.148795400142217
-0.0514170424835846
-0.0046550196471705
-0.00103798494738195
0.000741959347847084
-1.26702663759676e-05
0.00146948758295348
-0.000612499940435951
-0.000757874830058705
0.000296243068987114
-0.00151191183891627
-0.00148921655675576
0.012671544520108
-0.00227913543769391
-0.00108549082417675
-0.00112838264524272
1.29103110841707e-05
-0.000129728190158328
-0.000616834154475292
-0.000309815214480652
-0.000110939137134478
-1.10250273527607e-05
0.157073761181366
-0.0589423336831801
-0.00388270740462375
-0.00102652751951626
0.000587392000786062
-0.000176161607214903
-0.000604118611517282
0.00069097214755471
0.00154299539064083
8.56402760871486e-06
-0.0023785040848715
-0.0017395447359764
0.0147820954785621
-0.00318268109805077
-0.00107699479812088
-0.000121183967893157
-0.000168707452113434
-0.000157377628333238
5.21287979563966e-05
-0.000145893911627419
0.000201177409589171
0.159884398912366
-0.0506972945963932
-0.00283025542610346
-0.000379434768911414
-0.00218484913810527
0.000615854035984051
-0.000777111813481489
-0.00101655924763135
0.000141125887625056
6.88857867929665e-05
-0.000977530579250814
-0.00241403154459156
0.0143006632978407
-0.00230481388434354
-0.000929990961001673
-0.000430313978752473
-0.000522838380077931
-7.20102874723689e-05
-6.95646459386737e-05
-0.000239508578232511
0.133676827795314
-0.0386438405541699
-0.0017184635315923
0.00123273162665488
-0.00149138881538846
-0.000774559846451281
0.000248243092088485
0.000650060765145777
-0.00132572985989072
-0.000933988436447059
-0.000991847551377643
-0.00176397613078684
0.0147780421831696
-0.00219329061320121
-0.0010794404586907
-4.42571740573582e-05
-0.000200547839052242
-0.00012160389269759
-0.000199877619331103
0.108340406231711
-0.0394881548721595
-0.00137773291428217
0.000604239235108281
-0.000280368249503313
0.00044115938012984
0.000599031222775348
-0.000593788071546644
-0.000267360139265577
-0.00034437794645042
-0.00122845745740173
-0.0015763431554119
0.0139092466279346
-0.0029879175326242
-0.000838472927731614
4.14955346984933e-05
-2.83615116340573e-05
1.28466905245183e-05
0.101529212026484
-0.037801239812125
-0.000443495543444974
-4.10978686635423e-05
-0.000110281642331212
0.000360726160791519
-0.000674863550381813
0.000187273926180994
-0.000136376309223813
-0.000162690499260833
-0.00113090022315959
-0.00179805894684219
0.0135572822091185
-0.00272477504321176
-0.000923347425164907
-0.000120669742261562
-1.19421190508208e-05
0.103420485938114
-0.0381238523545698
-0.000111588558396568
0.000818329610651963
0.000756922709370303
-0.00108764015463058
-0.000398001874947029
-0.000175470575100479
-0.000648159176830887
-0.000435031647053413
-0.000952930858330293
-0.00166267211084442
0.0141751404190542
-0.00235902833026315
-0.000718175289879476
4.52363977370562e-05
0.0994908717195101
-0.0363798878915838
-1.08568778097788e-05
-0.000191958278096473
-0.000130338916187682
-5.55463357144406e-05
-0.000226561411531297
-2.27884446672078e-05
5.02276372774721e-05
-0.000162752253566657
-0.000927779330070966
-0.0017462318162211
0.013886532297105
-0.00239247438782253
-0.00102747002515365
0.0956677401781595
-0.0338746406073291
0.000460111244707327
-0.000155602812888184
-9.11661930105801e-05
0.000157200086699167
0.000174228146001796
8.77513638163076e-05
-1.7167927970865e-05
0.00011947266026934
-0.000531701040802866
-0.00107149214893091
0.0136267405889725
-0.00249155846980335
0.0990815327546492
0.000686705662338331
-0.00108431845135088
-3.64120664023663e-05
0.000125526927069351
-0.000282334014315908
-0.000358478256240417
-9.28251951307286e-05
0.000124353448021244
-7.399076737098e-05
-0.00129312565126676
-0.00155565298045225
0.0157120693875121
0.0289913127156411
-0.0165261890014812
-0.00191022527282808
9.48947415001127e-05
-0.000665552093667806
0.000354253557739938
0.000721206309428608
0.000495659271805646
0.000661755633964682
0.000372481883350608
0.000566570044892277
0.00101353834870698
0.0310842340106651
-0.00199446345101856
-0.00228462037227345
0.000203652519707302
-0.000888298423521035
-0.0012037884755877
-0.000930573670288476
-0.00096682330144093
-0.000608231482206008
-0.000582901874516302
-0.00111183001176226
0.016223622759165
-0.00300570783375321
-0.00108984077453128
-0.000705994449650261
-0.000445547798571505
-0.000198112175570875
-0.000289027660643614
-0.000291579874767476
-0.000146391567056189
6.70374747004787e-05
0.0185581752417568
-0.00385089602928606
-0.00101264059267884
-0.000394922055747477
-0.000336284930497495
-0.000172340511264704
-7.61526944769892e-05
-3.26178457388862e-05
3.69331513545957e-05
0.0179471792240209
-0.003246886235947
-0.0010970006456096
-0.000569332591870431
-0.000394319427425702
-0.000258962677477519
-5.30538353264615e-05
-0.000134743032281895
0.0188618396256328
-0.00293136906086787
-0.00138497854395737
-0.000461070005772569
0.000172685836213646
9.05541078982499e-07
-0.000257758389803005
0.0180985626631
-0.0035304015813265
-0.000949181601555313
-0.000174761293492396
-0.000135009075611025
8.96748910076848e-05
0.0174327153956854
-0.00296885654726011
-0.00097925282236831
1.02402140799366e-05
5.1085606967604e-05
0.0172117354576309
-0.00284289887127071
-0.000703985771337519
-0.00015446286735161
0.0178135953986444
-0.00294222782123656
-0.00100613569928472
0.0169305504497212
-0.00286958157293716
0.0190776823799156
