0.155719190084754
-0.0714311545541801
-0.00260782225112961
-0.000300218623215526
0.00118170302475076
-0.00179236886612818
6.49964933513425e-05
-0.000364944793527808
0.000599379251696026
0.000167226325676289
-0.000496139845505057
0.000750407037198345
0.0182661066019823
-0.00276287894720577
-0.00162336621314405
-0.00137905344623321
-0.000386356834581002
-0.000589676082100806
-0.000113489526836293
-0.000108879705888719
-0.000197021695206985
-0.000155359556523825
0.000140712473084636
9.61185193480288e-05
0.171638200284243
-0.0504703992243256
-0.00199397419561808
-0.00299985802974566
-0.000879876006812186
0.000147008439945303
0.000894374089498462
-0.0011440596597536
-0.000606339058315232
0.00029933055985457
-0.000880071459911369
-0.00451776774248533
0.01993032669362
-0.00292479348566729
-0.00162512706127134
-0.000217364719028803
-0.000109864946241432
-0.000582524067982111
-0.000421640615610686
-0.000200315810105711
-0.000547551053112361
0.000318699446431817
-0.0005461712625868
0.172087297295612
-0.0653327185208676
-0.00409735957841251
-0.00118089100339322
-0.00118434825414193
-0.000890178775598973
0.000136238527958719
0.000239002212331753
-6.57867888031778e-05
-0.000480787366228534
-0.00303799061947664
-0.00150382545850247
0.0189298089432234
-0.00323032820279057
-0.00128734985286987
-0.00141520713915385
-0.000817405549033908
-0.000644710337608023
-0.00057139955091436
-0.000104491598189671
-0.00050111861125577
-0.000193448313365242
0.220238945679793
-0.0828086759300038
-0.00235101938071565
-0.000109871067692389
-0.000945938447168636
0.000460273515331895
2.1826053459633e-06
-0.00059162678614934
0.00128206529467023
0.000439509387408635
-0.00313236793996126
-0.00311988606770824
0.0220028198291164
-0.00469838528811182
-0.00136323634341356
-0.00041169594378161
-8.60182842388947e-05
-0.000285227414610692
-0.000572441387140214
-5.83287166684656e-05
-1.86829207929877e-05
0.230478170696633
-0.064047425819642
-0.00161016011580473
-6.34150091283848e-05
-0.00213733185994865
-0.000713918514671479
0.00130948745718226
-0.000618491364520225
0.00032633854346465
-0.00107167210123641
-0.00207022269545287
-0.00453794770112572
0.0204273249871256
-0.00300500403326813
-0.00127865635325078
-0.00082504285895746
-0.00039003774801091
-0.000181105401191674
-0.000448486853193672
-0.000337176022590022
0.184859532638254
-0.0460182146810715
-0.00113328504151489
0.00384635859559062
-0.00207411565469232
0.000569785765875489
0.00197926531857918
0.000991830236962456
-0.00259135861310266
-0.00127637196341116
-0.00149612284799564
-0.00406200738065888
0.0211878015187349
-0.00258616314416099
-0.0014045963819373
-0.000143195962434696
5.85365205272502e-05
9.9722302443486e-05
-0.000569707204660548
0.138393109043134
-0.0475505567432608
-0.00251651292528627
0.0021266163149429
-0.00119368773742966
0.00014098287104261
0.00126868796664587
-0.00129492574297155
-0.000614779215972082
-0.000550939937919956
-0.00190264517788656
-0.00270341310278258
0.0201707340364825
-0.00424434317622123
-0.00110126922423271
-0.000101245151374197
-0.000501675798921938
-0.00023098574306307
0.136300484386137
-0.0418613039073127
-0.00364492742078851
0.00150133348050651
-0.00115399149710019
-3.16046948461008e-05
0.000287689862121946
-7.92867370675696e-06
-0.000337992202066838
-0.000689006634567103
-0.00208667251791343
-0.00356634297919122
0.0193884593236472
-0.00367812526946531
-0.00118723813265822
-0.000272132141541039
-0.000311096683668051
0.136934897613837
-0.0483899627072996
0.00425750567188389
-0.00109912425440694
0.00141382967601286
-0.00187414016899417
-0.000169683383876103
-0.000585754992075891
-0.000713801024522473
-0.000638766041941116
-0.00169002656770865
-0.00306112204716776
0.0187599757266641
-0.00279600418726192
-0.000581351199396087
-0.000271356823275271
0.147233371421776
-0.0546784843530765
0.000963010888690059
-0.000748030219910767
0.000163596160600499
-0.000105985112961665
-0.000120034871669741
-0.000276206578769817
-0.000114576601468172
-0.000496847594250623
-0.00154917443738157
-0.00227678660021043
0.0179474839953573
-0.00302949656128961
-0.00107606652910038
0.136101719754023
-0.0383251506985582
0.000766925642196709
-0.000473390503096481
-0.000280126891099139
-4.0802346276219e-05
6.09899945924365e-06
8.70982814447986e-05
5.93210144205792e-05
0.000192614229217353
-0.00123671693901839
-0.00179532396533142
0.0180535191267939
-0.00322078427562718
0.138793968107809
0.00140124834179562
-0.001469086516553
0.000134256645856136
0.000396457532350636
-0.000568658043683522
-0.000439101629012242
3.18145758435508e-07
0.000107896227056327
-0.000258703837497966
-0.00155780063098836
-0.00233638865892858
0.0197267374853329
0.0387623272610393
-0.0210712266407708
-0.00251529313733316
-5.26437139511731e-05
-0.000846760335373295
0.000484697461156791
0.00104927870978734
0.000688930184875603
0.000975774308986044
0.000575356968124957
0.000649470313575318
0.00118670582626342
0.0404474603570237
-0.00261500764306689
-0.00305691496275355
0.000290730951299954
-0.00143833974165309
-0.00176242391272567
-0.00113574649628607
-0.00136054250532105
-0.000961120833569114
-0.000498486628813608
-0.00129738499003355
0.0218591321141796
-0.00410718934438125
-0.00147279026194898
-0.00124149020324157
-0.000685459210487043
-0.000374874536757666
-0.000276861798125006
-0.000397400167993332
-0.000260618029402798
-1.15411718757691e-05
0.0254009112070845
-0.00540726931341378
-0.00164260501602024
-0.000603595190580228
-0.000439605631770717
-0.000351157766897885
-0.000191032694552853
-9.06123359889855e-05
4.48698998288182e-05
0.0250540502575494
-0.00453452652069978
-0.001911257499458
-0.000955047679638022
-0.00052776126062294
-0.000396925077838738
-0.000125003461784009
-0.000293171625756685
0.0257782841319108
-0.00376582987376844
-0.00204697304865874
-0.000676313343071886
0.000126702422941877
-0.000225588180820405
-0.000317662984796119
0.0242328954223068
-0.00449705518040007
-0.00144090507016289
-0.000448847132906015
-0.000318389300430716
-0.00016087488813329
0.0233848685877866
-0.00396990455554379
-0.00123766678806503
-0.000136841516441751
-0.000256086674291125
0.0226396445315153
-0.00347497753001438
-0.000929355424864431
-0.000253798921863988
0.0227755307278781
-0.00347385151467465
-0.00130386874276875
0.0217349160236607
-0.00330637442476452
0.0232746959135634
