0.102701134003687
-0.0401604850539762
-0.00128931252034375
-0.00176719440201269
0.00117694634312134
-0.00101779864040579
7.54092807728923e-05
-0.0001014083955073
-0.000142422990872964
-0.00014644925806785
0.000279783415293014
0.000241352673397147
0.0133150941921678
-0.00178446594998633
-0.00110943502002701
-0.00123736803977717
-9.58548292441451e-05
-0.000495534075237652
-9.44197953136336e-05
-0.000244589646776424
-0.000291155689563204
-5.04661750410759e-05
0.000236008237297613
-2.39109231371269e-05
0.12043095885095
-0.0395376044792955
-0.000966208917454862
-0.0011468407578245
0.000141082843551255
0.000545522239057562
-9.25899405349778e-05
-0.00043919793468891
0.000544113774925817
0.000596020746842506
6.21136791037204e-05
-0.00280079163868697
0.0147776379125573
-0.00228707712118968
-0.00118710503351805
-0.000317094824963439
-3.84157725171686e-05
-0.000168631105408573
-0.00034432059501181
-0.000111268525220731
4.33932423673841e-05
0.000151075501293328
-0.000123063767009378
0.128221106148537
-0.0459063277684219
-0.00253711408690651
-0.00115637054074888
-0.000602523129495355
-0.000298548568233292
8.56014638395674e-05
0.0002117361821686
-1.95582148292638e-05
-0.000357648140474039
-0.00179777846904743
-0.00112616140041017
0.0142291948145075
-0.00228223068523285
-0.000948814034008093
-0.00100582332814209
-0.000609845655955655
-0.000399179349848759
-0.000424112258882123
-0.000250352763388698
-0.00013124326424579
0.000274264565099013
0.15660439746129
-0.0564206189300797
-0.00218167262758297
-0.000534211912934306
-0.000140227814546105
-0.00038109274311223
0.000576014093043572
-0.000262130815110664
0.00113758666831935
8.27497168569899e-05
-0.00239136601069044
-0.00196277570570893
0.0161295441739489
-0.00331999344130605
-0.00118238558487276
-0.000138993169711581
-0.000257960407518358
-0.0002609141719517
-0.000144607780827621
-0.000305213845290747
-0.000114346345514169
0.159902216010033
-0.0494499366825798
-0.00163567218290067
-0.00123518039790632
-0.000596435998657724
-0.000691233931058358
0.00041459134002578
-0.000674115519484979
7.31766589420445e-05
-0.000236150351651974
-0.001012816661035
-0.00298524881036224
0.0148667826225052
-0.00216663468135061
-0.000923329568254629
-0.000662071232047903
-0.000192388783244562
-0.000308126334192487
-3.93772521954703e-05
-0.000367517384296218
0.136179569193165
-0.0372308229023952
-0.00213718397682316
0.000164125630093385
-0.000203351053366927
-4.35511284081801e-06
0.000377470012172579
0.000934234534360097
-0.0012313062662133
-0.00096472031530618
-0.00106793326765567
-0.00232982565375558
0.0155866514996779
-0.0018788067160843
-0.00131814990200839
-4.18714805327296e-05
0.000146023196531203
-3.53133992382135e-05
-0.000447033534361537
0.112066059003051
-0.0389235059063572
-0.00140563585116498
0.000359064958907908
0.000129327810724042
-4.63841484755462e-05
0.000691267065684861
-0.000771498355005212
-0.000451917685268449
-0.000407874286692676
-0.00118706271992136
-0.00154064558264308
0.0145137360759189
-0.00290989398194889
-0.0010306252657687
-0.000249111135278839
-6.28890445628396e-05
-0.000105664887183952
0.107788742543155
-0.0369892145204318
-0.00160374610282849
0.00011988155057258
-2.95088369821698e-05
0.000443357271180019
-0.000505293464285577
-0.000142271288450368
-0.000144047338756918
-0.000393652572800682
-0.00159630731426549
-0.00219148591826414
0.0138923406518155
-0.00256725973143568
-0.000811901307757779
-0.000196989017153954
-0.000136236143772667
0.104742825287814
-0.039162938795757
0.00134339113782855
-0.000689884914528022
0.000618408031009729
-0.00100852303869524
-0.000241497666680905
-0.000393218852272739
-0.000419114127041216
-0.000466231992768329
-0.00127865907060209
-0.00171003888770875
0.013839707797047
-0.00224377415979034
-0.000504995965159389
-0.000257779991431479
0.107345732113635
-0.0390531118638912
-0.000451454298264258
3.51070975005933e-05
-0.000263270568732539
5.024057326852e-05
0.000122950911687096
-3.91269285900219e-05
4.4113627976894e-05
-0.00016543126583408
-0.00108221273459847
-0.00150289058629792
0.0131300545207092
-0.00226754802550198
-0.00077788365442813
0.107301247750858
-0.0368666918065836
0.000607750001504307
-0.000228370327390642
-0.000167641506713088
-0.000195159535127892
0.00019592983859819
0.00024900804531935
0.00015009592080587
4.45271300975481e-05
-0.00066877742042818
-0.00117052648802995
0.0131032860757825
-0.0022672799440852
0.112391663251266
0.00111361580587795
-0.00125737997236631
8.41186411939222e-06
0.000200017357536045
-0.000199113609136733
-0.000237228258615168
-0.00015406421267938
5.61431948942208e-05
-9.03474162968385e-05
-0.00120259855500096
-0.00150119241085257
0.0142594143232084
0.0300953681589856
-0.0164606341936163
-0.00165887104089643
0.000144255814766583
-0.000418597886464901
0.000454040226339108
0.000803972276143427
0.000528380133267229
0.000717878640992266
0.000575554957314824
0.00063898251112404
0.00105388922883217
0.031024847168461
-0.00204976404675869
-0.00246499499272187
8.98892168076863e-06
-0.000952626235921286
-0.00126319950047112
-0.000865133761548517
-0.00100338787135734
-0.000674541083523285
-0.000587215852030691
-0.00106454176260312
0.0166428319080762
-0.0029485685133485
-0.000993534844248979
-0.00085874013734314
-0.000555976894426565
-0.000283513213942274
-0.000245134363969902
-0.000229218499232352
-0.000103905917110658
9.62500748814082e-05
0.018913288503758
-0.0038999484091016
-0.00117582208169564
-0.000291741140851283
-0.000331757608798881
-0.00022559604085073
-0.000118690626739956
-1.75376948260251e-05
1.10511288012211e-05
0.0181877343425642
-0.00308932943465679
-0.00126362839289493
-0.000627950969667185
-0.000375155727139625
-0.000216182813639232
-4.71345657800466e-05
-0.000133385928587105
0.0187613971708961
-0.00274465777094861
-0.0014971943956937
-0.000437427104504289
0.000157812021493344
-2.41752507095261e-05
-0.00026258619125938
0.0180667201974693
-0.00343829584785977
-0.00110273404575479
-0.000311102385169468
-8.44593488278158e-05
-2.39505257631577e-05
0.0172259502118704
-0.00296779045235135
-0.00091367632994564
-7.96280959427342e-06
-0.000108803876108679
0.016924935318135
-0.0027289237997996
-0.000630547397221678
-0.000128682010650231
0.0168612024556217
-0.00267453953645714
-0.000863764590009603
0.0161081485238836
-0.00267442439504959
0.0175766102599532
