0.332734456454822
-0.140878652034036
-0.000773082109173625
0.00157136214783506
-0.00111210617447761
0.00072199974818583
-0.00281866235274836
-0.000449331954125923
0.00181229581847412
0.00173056757580184
0.000646152018623685
0.00133898140267287
0.00464518439987462
-0.000455705070465293
-0.000267329764317094
-0.000361784253964205
-0.00104574954245498
0.000464595928730212
0.00012145663298606
-0.000329743407187779
0.0001718732972729
0.000243175670272023
0.000463146687617019
0.000534916228152386
0.510170888398011
-0.187675407314926
-0.00856587948852848
0.00320798070785253
-0.000386187990251182
0.0028207861531973
-0.00175181047543271
-0.00124729260212582
0.00274920192061554
0.000870265080270404
0.00251422993701837
0.000981269357715198
0.00431354147717226
-0.00189649025023547
0.000450598122122064
-0.000199613231218559
-7.79876376359627e-05
-0.000452209601993229
-0.000288599318586875
0.000101621447143509
0.000677818838151459
-0.000736655443241562
-0.000589779256541173
0.627281425155983
-0.24964838700945
-0.0371369360182188
-0.000261176066738502
0.0014095789043297
0.000911140315832853
0.00442791590578375
-0.00360755193295395
-0.0016057843567575
0.00502456708099152
-0.000822651020647308
-0.00121174829980542
0.00716434905223993
-0.00169445979630324
0.000342204052814811
0.000115448615260046
-0.000579328077746453
-0.00130613674463306
-0.000511596792157635
-0.0006171759863344
0.000118789775267576
0.000687233001080023
0.821676617853717
-0.318816561946416
-0.039617827526079
0.000591221261980936
-0.0025313324569584
-0.000876124841379317
0.000454887097961702
0.00102801390038095
-0.00254154884376508
0.000102493909642763
-0.000712580131556512
-0.000780968908034553
0.00821037404650294
-0.00347692620750653
-3.64254065813084e-05
-0.000491960089719083
-0.0013175866427856
-0.0014417733418855
0.00134965776603417
-0.00101121499613357
-0.00100547967731402
0.839195110802007
-0.243484071118687
-0.0237982545302831
-0.00240729110539941
-0.0050413151006731
-0.00299198448471459
0.00481767159464151
-0.00386853275793196
0.00115756334289495
-0.000960006627456813
-0.000737231212291198
-0.00234340814006701
0.00839009503537378
-0.00068286443032338
0.00202761759637893
0.00166175574098707
0.00244623199130446
-0.000368180783491187
0.000148184825517843
-0.000910719291355405
0.614242042298622
-0.147211268810132
-0.0104421058107504
-0.000796071337083988
0.00124738305404073
-0.00243513893390823
0.00163670508229049
-0.000294000038701531
-0.000126316458552662
-0.000672777845738925
-0.00223185576602835
-0.000179660736883003
0.00756647785465486
0.000806505186776885
0.000330560826310943
-0.000826469610615228
-0.000439244075433927
0.000133436737969852
-0.000520663471876388
0.436107622710246
-0.135825577638169
-0.0109215046022508
-0.000472258836718869
0.00466227476045764
-0.000330898199746917
0.0011541913918694
-0.000749844520510823
0.000368583544499825
-0.000512239584793377
-0.00101359273191241
-0.000682956321286548
0.0105508245748426
-0.00302079986876818
-0.000756523218199831
0.000294934803173561
-0.000984171026578796
0.000103322501535573
0.353565858637132
-0.107249862382041
-0.00694612559748324
0.0024359170705939
-0.00175828239306476
0.000143070012510924
0.000697236180818107
2.69075198372901e-05
2.53168346069839e-05
-0.000165302333994427
-0.000847558390219784
-0.00178145572727975
0.00935800373168526
-0.00326143582380797
0.000157004410026419
9.89434854681387e-05
-0.000439103912313724
0.312019172632454
-0.0901413409057449
-0.00205997464456858
0.00135303052769963
-0.00108027653205445
-0.00108121021778546
0.00019726792019964
0.000352447116830875
-0.000755480109335509
-0.000961922687160869
-0.00101012823009229
-0.00161691123689992
0.00955190667666645
-0.00251618319610482
-0.000218221273947834
-0.000421664413588839
0.276519675248988
-0.092526410911907
0.00161997594271356
0.000790713566329588
-0.000169941532530932
2.3096962135737e-05
-8.23324074751069e-05
5.51381670784943e-05
-0.000747192122405217
-0.000165022654995703
-0.00104788491906282
-0.000686197678132605
0.00971837999687729
-0.00200830451363261
-5.8653059665993e-05
0.30736807775361
-0.0955491352252683
0.000365099585091359
-9.35890381100207e-05
0.000920997405630888
-0.000561680484407133
-0.000117918723458901
0.00120030237475889
0.000545257957269226
-6.54012514827539e-05
-0.00110087053831594
0.000190004943422804
0.0108619458308766
-0.00319346992122641
0.400102135359053
-0.000543834332542573
0.000298942690519101
-0.000908141566097835
0.000468605276819303
0.000261705894580857
-0.00137695157140554
0.000104389455480734
-5.27182003866612e-05
-0.00143676529449461
-0.000526139287591962
-0.00195648113862791
0.0129799305312258
0.0154262641345225
-0.00631370090725881
-0.000437738047740196
-0.000205749850004793
-0.000222645457499637
0.000134693571971941
0.000262294308858141
4.57703992883293e-05
-0.00020230895888879
1.83717903236858e-05
0.000217052428197853
4.97589031820814e-06
0.0176662290844153
-0.00399675570726874
-0.000468691611481191
-0.000536588229114193
-0.000183811394223911
1.15365925884663e-05
-0.000132902831852429
-0.00019499219209152
8.41439693001206e-05
6.92268273383488e-05
0.000236585030244461
0.0160124392818421
-0.0040282661591492
-0.000710794139680509
-0.000554584550860442
-0.000177349223810833
6.38123044411045e-05
-0.000201854339428497
0.000124675510431703
-2.3042826751937e-06
-8.76980455252885e-05
0.0186783398601296
-0.00553088581904805
-0.00122967131839201
-0.000336045320980837
-0.00022050642378724
-0.000182420860466352
-0.000181538310826052
0.000139758828032098
0.000183149309035657
0.021173487338296
-0.00533222742399996
-0.000923895749107171
-0.000553040287207736
-0.000390997510849852
-0.000223820166000857
0.000128972769949768
-0.00025299226642386
0.0227208835046794
-0.00604080375766424
-0.000494569088048583
-0.000409550615028884
3.67824434256453e-05
-0.000143682267759918
-0.000351149111014046
0.0267701218019232
-0.0074180916002038
-0.000684579484640735
-0.000209835741423045
-0.000173739859332538
0.000203343956619119
0.0228511064946426
-0.00552087558502188
-0.000540634174865926
-0.000209684971281223
-0.000140638552938141
0.0212533745445411
-0.00513266193090297
-0.000547093525502137
-0.00027307417720124
0.0208780176178639
-0.00537069008118161
-0.000204847234279883
0.0215530729901787
-0.00559683022504495
0.022926642353692
