0.165128780804952
-0.0699193620830013
0.00129682676057867
0.000295868938922112
-0.000611039824309694
0.000396330897533458
0.000281406776536823
0.000342308581421554
-0.000539965018530587
7.40190142775334e-06
-0.000310490583925508
-0.000434128499643744
0.00424978117854244
-0.00101062698106498
1.12235606470301e-05
-0.000238618965511099
0.000106150649332467
-0.000293406525037307
-4.96727186961661e-05
-0.000161188818169514
6.81276098195875e-05
-0.000238727274142212
0.000155369256142884
-0.000137140015130266
0.207097762571972
-0.0854966652477614
-0.00123057733605638
0.00236812746087046
-0.000357489262553399
-0.000136537996472113
0.000565029053535566
-0.000733325200373854
0.000561127819525379
-0.000566164252596231
-0.000237952646088009
-0.000633316022712665
0.00390377230139002
-0.0011649703801089
0.00032898199443972
7.54591600375365e-05
0.000160486099208679
-0.0001133850356731
8.80873155560564e-05
7.00871816664613e-05
-0.000192009911884394
-0.00012496779844588
0.00017648760226187
0.22977248146403
-0.0876627063184691
-0.00640584610469598
0.000268619004593976
0.00154479161625899
-0.000528557173202816
0.0015626794406365
-0.00056064498469834
0.000339000064690271
0.000133924035852155
-0.00130660234229219
-0.000257256795304588
0.00538231268800911
-0.000763183675139572
-5.83412255014779e-05
-0.00013636746328719
-5.49284075293654e-05
-9.29813438090536e-05
-0.000433353075690365
0.000239297974433526
0.000111620258547534
0.000181539452612268
0.252718958843762
-0.101634661993187
-0.00383293469515919
-0.000155198400012053
0.000659977208933716
-0.000149810421721451
0.000283640711584602
0.00061069470062216
0.000949370084272559
-0.000517749989985883
2.02532309945523e-05
-0.000798396428029517
0.00526690279997181
-0.00113970043173105
-0.000513781643205117
0.000339464066285411
0.000102550184336581
-0.000104522346495333
3.47242776891427e-06
0.000345310498611261
-0.000122092817118625
0.262790764059189
-0.0895971877776718
-0.00318172318173582
0.000338664682628618
-0.000691173143713815
-0.000443846794858064
0.00121698686740066
-0.00189063688628798
0.000740236663935818
-0.000398618575255539
-0.000602372713820388
-0.000841745473492997
0.00518854203299148
0.000267603452743333
0.000655277583916536
7.06289578618505e-05
0.000397580602772149
2.18217826252212e-05
-0.000169788727988854
-2.26228435388036e-05
0.218905400184877
-0.0705000368841276
-0.00236162460126805
0.00120042595277615
-0.000367981430246601
-0.000644206143438433
-0.000479466188697063
0.000721295924280462
-0.00099635370620901
-3.98936698569601e-05
-0.000783551810292
-0.000240665676592239
0.00571162738331412
-0.00113056425536272
-0.00022326977907585
-5.30679051656745e-06
-0.000110983292414628
0.000147580770405116
-8.61481777927114e-05
0.187849956248469
-0.07045123222095
-0.00226366764495891
0.000738613785378685
0.000109633532405915
0.00158126936949071
-0.000122534264746456
0.000296127936636794
-0.000301294181645156
-5.37244368118563e-05
-0.000746607617882207
-0.000981521783272984
0.00611848936025568
-0.00198554482424778
-0.000438900513211439
-0.000120851741416027
-4.39321438185671e-05
-0.000120617912636321
0.17362688143237
-0.0596505736477649
-0.00159798522012569
-0.00104467919958662
-0.00108689057211286
0.000326392844668461
0.00014866620332841
7.98209008566244e-05
0.000207807735032292
-0.000319153432386818
-0.000315416556134046
-0.00136189159922507
0.00614705181344666
-0.00146871391001169
-2.08305304531537e-05
-0.000191637455928937
-0.000180686030121224
0.164959062390036
-0.0626553949106707
0.000593139435215035
0.0011118458853463
-6.85295714608312e-05
-0.000409411535107415
0.000271783542042393
-0.000157477806944799
-0.000201611035518903
-0.000637521813352229
-0.000715057398628477
-0.00133632954709018
0.00533305420799587
-0.00138305059159359
-0.000424664047047854
8.97319301934541e-05
0.159536526228684
-0.0583720695295334
0.0018955045701818
1.98170830966829e-06
9.07442756308277e-05
0.00021552810386012
2.13157671621483e-05
0.000112292363311946
-3.08225116689084e-05
6.44648657384694e-05
-0.000408532621658898
-0.000745581246439446
0.00568832070750175
-0.0013887508048419
-0.000161621546250761
0.157939736565888
-0.0595289887013076
-6.72879756342049e-06
0.000159741556529419
0.000103682035716918
0.000269674500432087
0.00017169459708717
0.000101350707884624
0.000396522085402611
0.00015526064624366
-0.00023350544126856
-0.000766819730117144
0.00637699608837807
-0.0015043579961996
0.161431924306936
-0.000417710885321383
0.000103057911333724
-5.00797216316886e-05
-0.000435530148992109
8.38033171133876e-05
-6.80256546038625e-05
-0.000235457694026789
-0.000295508111085129
-0.000359096754675765
-0.000539400550300118
-0.00166072082362076
0.00640316057447453
0.0112084212886405
-0.00476728167210283
-0.000574866056811923
-0.000165470825660578
-8.40522196122812e-05
8.69951575884342e-05
-0.000187758874235477
2.15210166444745e-05
6.13326165715233e-05
-3.61852499528259e-05
6.94858738373608e-05
3.59677761770484e-05
0.0117927026492561
-0.00173352904752242
-0.000317824733018662
-0.000211210360710996
-0.000142368358059846
0.000210724190250088
-0.000105127395976206
-0.000120994850950455
1.21684405965276e-05
-2.14520518712853e-07
-4.66230377444098e-05
0.00920233875745905
-0.00177625727797583
-0.000399422797752407
-0.000267449016498679
-6.07339845322482e-05
-5.57543469119387e-05
2.02400038548843e-05
-1.85430977362125e-05
5.25577637955049e-05
2.26419298609097e-05
0.00974377379814943
-0.0021757733041164
-0.000383076516167156
-0.000204163226068635
4.16418735182146e-05
-9.34880079095287e-05
-8.22456493325914e-05
9.88754324210553e-05
0.000100913490160231
0.0101592680641197
-0.00190170315537539
-0.000349238470631172
-2.68022481116742e-05
-4.30671132757772e-05
2.08140630112559e-05
3.37720333618774e-05
3.23228155275723e-05
0.0107262413126068
-0.00241725386161112
-0.000593524853470057
-0.000164055435676566
-0.000101448731408694
2.94719423369846e-05
-0.000147157010333275
0.0118123401463138
-0.00314815651901857
-0.000556066624935476
-0.000132334805720917
-1.3565908143733e-05
-0.000124133336825893
0.0110991185772373
-0.00254069764029637
-0.000255865672859029
-4.77686440796899e-05
4.02495977829509e-05
0.0101910722649533
-0.0022874561178869
-0.000253424551889357
2.08775540147588e-08
0.0101980066732254
-0.00240233274117996
-0.000236459037435058
0.0105157147770406
-0.00243387611356506
0.0107346967760978
