0.255020848513616
-0.109525224192678
-0.000166585541936623
0.00202722322076221
0.000112553410119006
-0.0019068497334315
0.00199313333579694
-0.000283376420668226
0.000772193470697773
-0.000136140426189197
-0.00136234547119939
0.00277206358024554
0.00516578613250167
-0.000865657399316436
-0.000420418451231164
-0.000174555233346437
-0.000840727726596495
-0.000267545261158194
-0.000623100405128873
0.000141850370815856
-0.000192022288874344
-0.000664333414370112
-0.000157357301887808
-0.000288910207278486
0.368118203173327
-0.132307476853099
0.00104181653641423
0.00176576423499014
0.00139454728656725
0.000441269324498167
0.0016571009983938
-0.00138530796480096
0.00022536599725795
0.00183947074492241
0.00120395740258721
-0.000789853488328739
0.00586842499136496
-0.00114367952561265
0.000408097492878548
0.000664448739963034
0.000402468642411352
0.000688200852718217
-0.000560318772341732
-8.84182270081564e-05
0.000104965854210059
1.48037560168419e-05
-0.000109691207200413
0.410497131714497
-0.159377632762839
-0.0101118012677594
-0.00285254284391303
-0.00063128887872516
0.00144557258673243
0.00165302490563574
-0.000216699174075011
0.000640596527646788
-2.26212670905235e-05
-0.000907427215687637
-0.00116469075272996
0.00780970156253585
-0.000943190776376099
5.42831280261731e-05
-0.000805250091503959
0.000359096069357136
-0.000261324918113991
-0.000232632675374532
-0.000300563813395063
-1.06620983533638e-06
0.000383036500770496
0.531521937617632
-0.190573193218137
-0.0145094138614492
0.000676156445572985
0.000995502045429759
-0.00079106737853714
0.00138855451609513
-0.00082587155916861
0.00162837659950117
-0.00150251348942219
0.00153607788123185
-0.00118756483950152
0.00768026996999107
-0.000518604910036212
-0.000542563739089953
2.67308342902418e-05
0.000341442003778317
-0.000878369399479529
0.000471573150037791
-0.000536992354423944
-0.000286214313664031
0.528498244465566
-0.157804711209277
-0.00752685894911696
-0.00450921723364621
-0.00301014267053689
0.000761524490895863
0.00127842636781268
0.000559878851391184
0.00105130877358894
-0.00182135489159101
-0.00118959526061662
-0.00242688268386944
0.00643303168478106
9.41758162392784e-05
0.000774635787733848
-0.000272979543805644
0.000646467674015246
-0.000297321515760882
0.000411790923150224
-9.97615307667897e-05
0.443581187413147
-0.115203488197399
-0.00345010364509194
0.00568908948806598
-0.000352185959010276
0.00164190459392696
0.00121820664584802
0.00134364155295323
-0.0021104196556757
-0.00035576112628677
-0.00123265867235011
-0.0016741062419174
0.00791827870417866
-0.000891762046904863
-0.000182974168238833
-0.00024806082958309
0.000159780218509936
-0.000119154119657493
0.000286888392060282
0.350760530273045
-0.116077369960296
-0.00590524781439289
5.11471288910139e-05
0.00341549060925356
-0.000888999455280859
0.000830975458562367
0.000110141002281518
-0.000285535708504363
0.000103263133744583
-0.00114023394804694
-0.00155022749943089
0.00910602486115162
-0.00209464185518362
6.0290084063769e-05
0.000359078767497052
-0.000464641332121323
-0.000747824908622855
0.301545028677922
-0.0837302322967622
-0.00267109074835093
-0.000253008699337148
-0.00018254488515112
0.000664031602525397
-0.000569481117259786
0.000111340166175997
-0.000579283834772094
-0.000180640890659981
-0.00100978876989664
-0.00209019323032048
0.00834139110291992
-0.00198970695978202
-0.000453490270456659
-0.000448582092650577
9.77339872892584e-05
0.269984368889244
-0.0842600595782832
-0.000377198493621935
0.0012046842802501
-0.000525906928991359
-0.000298595474693083
-0.000248690312044243
5.57616633001392e-05
-0.000672944373611491
-0.000962776518602336
-0.000915612993170651
-0.00158660785375035
0.00798998365993447
-0.00139332776268406
0.000141633437304319
-0.000241819784315828
0.25561800403771
-0.083289311809949
0.000341587982149648
0.000836277953654284
-0.000569115286134279
0.000337183946156439
0.00012099669719402
0.000333566195695573
5.30508599667765e-05
-0.000432973064806492
-0.000704546150853116
-0.00150473808288698
0.00845085570990445
-0.00166067043492101
-0.000274333311366152
0.283566536757925
-0.0792049941508267
0.000605761529810284
-0.000543813681449627
2.07922023497537e-05
0.000574673075341541
5.64440884434733e-05
0.000238102213481631
0.000661778528267716
4.00413371745619e-05
-0.000383615189328417
-0.000646308408265785
0.00912417739534672
-0.00202075965009864
0.31301594014647
0.000240444020387329
-1.59164860745679e-05
-7.46354190440235e-05
0.000103917457553344
0.000227477711361134
-0.000476044007426489
-0.000124528405243232
0.000104871955224048
-0.000364403193341058
-0.000751928200456758
-0.00177128131115727
0.009482303793286
0.0141848220481388
-0.00675431688386975
-0.000748956138711855
-0.000140301474484247
-0.000217885421378494
9.26012496088851e-05
0.000245808242155582
0.000161288540948859
9.90638023453324e-05
0.00029800677282402
8.24743552753585e-05
0.000439002253082906
0.0158940466475512
-0.0021856811677865
-0.000511562584475939
-0.000125030004796803
-0.000227686414773875
2.73145160470372e-07
-0.000258837478551632
-0.000216926358517388
-0.000237920351499456
-5.63443981494091e-05
-0.000262528748789114
0.0119159905013608
-0.00261039034517933
-0.000310168802515246
-0.00034003851991761
-0.000112275622312955
-0.000173357405511432
-9.31206161880089e-05
-5.72783387269322e-05
5.91382875284931e-05
-0.000120081749548887
0.012951538220691
-0.00320557465938025
-0.000606260989051392
-0.000343157131662915
-0.000118937382003512
7.02564593746312e-07
3.57932196613346e-05
0.000116147840093913
6.72934192716779e-05
0.0136897871736345
-0.00290545822011707
-0.0006348488055535
-0.000100117861420156
-0.000138270013538615
-0.000216299663649191
-5.4002008017877e-05
9.0005706257812e-05
0.0150234539837749
-0.00308705378947546
-0.000789673385890322
-0.000217272002007802
-6.35815702890499e-05
-7.77412435439364e-05
-0.000186875527367336
0.0162797902880052
-0.00427553488327188
-0.000585047107380266
-0.000182578296379837
-0.000177624615946741
-0.000225445295631045
0.0150810472534684
-0.00314409347320197
-0.000484635922003529
-0.000237877369821397
5.04726258673663e-05
0.0139704003049733
-0.00295424934153681
-0.000476666616843297
-0.000166234085020947
0.0140429931807576
-0.00317504268282125
-0.000458865419328536
0.0144237116445076
-0.0033040922907697
0.0150364785904153
