0.217970022863819
-0.0836407940946891
-0.000167363320383505
-0.00126555470087962
0.00193660234877183
-0.00245685719512848
0.00107509259294782
0.000235466130187843
6.68646775806798e-05
0.0012470705001198
0.00071692142845737
0.00037311380785422
0.00431855659140579
-0.00085757669767176
-7.61536056545285e-05
-0.000128129992562361
-0.00020091973906154
-0.000462840770167678
-0.000157186413987233
-0.000135023966691583
-9.35406081821295e-05
-5.58646317869339e-05
0.000479653548927606
-0.000357173791058699
0.290581372740242
-0.0999950771988609
-0.000492779203459004
0.000271374792322565
0.00170591772647222
0.0016805375180253
-0.000498659833336763
-9.99901309530097e-05
0.000652934548926495
0.000954725027927242
0.000234186005484438
-0.000158480940123279
0.00408948436203858
-0.00135168371962307
7.36508987815842e-05
0.0003401912394165
0.000416140292340124
9.94473887480192e-05
0.000147393522941846
-3.74052723855899e-07
-6.73687451790904e-05
-0.000336623107265224
0.000244494082304813
0.317052697972162
-0.107992378346733
-0.0069583429651907
0.000425213684220404
-0.000489721154501311
-0.00163380298729009
0.00471910744967124
-0.00166716622758112
0.000365523903974922
0.0008380289544808
-0.0010110632505786
-0.000461256991811398
0.00570512473764617
-0.000825300046203196
-0.00049333886801122
-0.000284953375014657
0.000216189771971836
-0.000192237506631294
-2.75476986693657e-05
0.000102140362135433
0.000258334174308487
-9.32050167348795e-05
0.356306886545417
-0.129550484419784
-0.00771061404025335
0.00102116286866468
0.000565476663433954
-0.00197415738308456
0.00208513731347369
-0.001371362161059
0.00329879463677141
-6.50797642845846e-05
-0.000371966532753866
-0.0010821898243256
0.00638231456200837
-0.00140382449206988
-2.79178388018923e-05
0.000314879343200009
0.000314121410169488
-9.08943583709733e-05
0.000412820250648363
-9.06373062711413e-05
-7.75223875576216e-05
0.357343711172653
-0.107482797645815
-0.00429873553143969
0.000500691933983578
-0.00216009018045644
0.00311299176313823
0.000372397963923233
-0.00113043266765503
0.000307953061734182
9.11722736645831e-05
-0.000826428065620557
-0.00194044964133813
0.00573297289153278
-0.000235690509321539
0.000410496696625735
-0.000362667013199668
0.000386516254144482
-9.59775117945825e-05
9.22697692724868e-05
-6.39833884679016e-05
0.300163487793391
-0.0799180159112598
-0.00498425554897694
0.00234884234492512
0.000228721255373913
0.000411777889961949
-0.00065849991523401
0.000539156113381728
-0.000842999257977217
-6.4063872447586e-05
-0.000504196149289471
-0.00103079839884664
0.00632166248352909
-0.00081630953947963
-0.000138726689276677
-0.000366190748021613
-0.000281401125423023
0.000294853768999818
3.07927722246592e-05
0.250735570501409
-0.0837324070256691
-0.00293887705997353
0.00100912848637836
0.00212998516415459
0.000577097156109957
0.000834418527212887
-0.000605463107067781
4.61907834934212e-05
-0.000179808949079461
-0.000464342060579308
-0.00102648732533092
0.00664598495204821
-0.0015894629943264
7.04505546106325e-05
0.000358467019120925
-0.000217470706142476
-0.000244662075172886
0.234742222760671
-0.0729747111483135
-0.00182560840099237
-0.000301715750146439
0.00130627093732651
-3.31802282192777e-05
-1.28056307163797e-05
3.10389213084668e-05
1.70520645480889e-05
-0.000474001165898831
-0.000681276045140988
-0.00131845206457508
0.00663795501577076
-0.00162719208438041
-0.000177372584481956
-0.000179886337926269
6.74033761806756e-05
0.225678597798683
-0.0756685583948742
-0.000471721331801632
-0.000410409131990988
6.29411167197224e-05
-0.000439032926793561
-0.000118742198126067
-0.000168995209762763
-0.000291651465106338
-0.000990025817021481
-0.00100112626478977
-0.00129584939906717
0.00607948504368449
-0.00164506278970242
-0.000234882353459516
-0.00018550393244327
0.207691685386052
-0.0677292319272185
0.00031314086258025
0.000903602985938187
-0.000956726227729717
0.000251345821179125
0.000160049171919813
0.000250105110645987
0.000150826886181561
0.000129717496627995
-0.000416351357800527
-0.000607108791301699
0.00716830958963072
-0.00164700851474275
-0.00038274319221245
0.215807149482062
-0.0680490006159157
6.52897942260514e-05
0.000215942009719483
-0.00015534379706695
0.000268904751206841
-0.000370095629268204
0.000380177720255935
0.00035424159387519
1.28801209297093e-05
-0.000445444851411417
-0.000795674812004015
0.00741596964260186
-0.00144897592365246
0.2270652347659
0.000989364761752424
-0.000674375894966141
4.86857806563628e-05
2.72219568616293e-05
0.000231362544586115
-9.0009768952297e-05
-8.60695383367858e-06
-6.28990280522402e-05
-7.476516745185e-05
-0.000644743816932351
-0.00128817175983915
0.00791950239710153
0.0127207503087028
-0.00640042540322695
-0.000637177957262839
-0.00015978009360671
-0.000130595565346829
-2.39524413594086e-05
0.000153407040736723
0.000145021924456083
0.000114771628550079
0.000230231573687984
1.97253725317641e-05
0.000343474213368698
0.0138741840689949
-0.00174047214020841
-0.000369389049775559
-0.000101058287102312
-7.99418343376208e-05
0.000112915596948212
-0.000136640699439869
-3.45014583281111e-05
-0.000359409303987458
-7.80506409921499e-05
-0.000238189842303229
0.00953248078938639
-0.00214536616542436
-0.000346079078950567
-0.000269540036913743
-6.67987776522279e-05
-6.91997901587913e-05
-4.47291096287313e-05
7.02955559276017e-05
0.000132153545770701
-5.94059549134852e-05
0.0103254904985501
-0.00255764357450667
-0.000490858602148263
-0.000201226795663141
-4.27177385025013e-05
-2.1478413073721e-05
-4.90527475065873e-05
0.00011484032080712
8.85303282936032e-05
0.0108603109414777
-0.00232675032380794
-0.000252343323325416
-0.000159038608255038
-0.000124067019177529
-4.37817219102078e-05
-2.03678401707797e-05
-5.44509888583541e-05
0.0119316419197809
-0.00268753947264794
-0.000654689690109688
-0.000231491217661457
-6.22817191945848e-05
-5.62353683309561e-05
-5.5284746178414e-05
0.0133049721677968
-0.00350731197502412
-0.000591238250352919
-0.000103475859177304
-4.36364600816567e-05
-6.65628930071511e-05
0.0125021809254633
-0.00266924020011175
-0.000373764108505199
-9.62323666896279e-05
9.12978460550378e-05
0.0115014763590744
-0.00257190365301329
-0.000382138990773097
-0.000202198747064258
0.011982287040457
-0.00292071774082102
-0.000332147013343235
0.0122109393198555
-0.00275575579221225
0.0129155985945079
