0.0786613342858773
-0.0319493413194244
-0.00041006492402417
-0.00136449490506716
0.000835214041080142
0.000189806218009252
-0.000584060964983527
-0.000210907368589325
2.25878743824603e-06
-0.000555748129116821
-3.31476273497972e-05
6.88620836768033e-05
0.00952153556403416
-0.000873835383597546
-0.000740839662877707
-0.000940079517526014
0.00012755857551563
-0.000333410656866533
-0.000205241378421384
-0.000386931310424223
2.33103277491023e-05
-0.000165133235872651
-9.57871916460453e-05
-1.29573118259794e-06
0.086820866063393
-0.034149449077528
-0.00037173314581294
-0.000328878502363513
-0.000797836750232889
-0.000191353860989281
0.000366114097979556
-0.000790466084555415
0.000458749659934454
0.000364142021068337
-0.000341183442278576
-0.00123738308961307
0.0106948166793847
-0.00175885640497919
-0.000331700636131953
-0.000266499684397385
-2.08453072033626e-05
-8.40436544489241e-05
-0.000139907938045139
-0.000160673996905185
-8.82944778531956e-05
6.94574274960919e-05
6.15817746575756e-05
0.0906530745865013
-0.0346558496301184
-0.00139743965089588
-0.000724557524804165
0.000117526284423369
0.000381474409880889
0.000209342273480761
-0.000986772252856719
0.000559220413910635
-0.000299814498582676
-0.00120840907392674
2.57948877210258e-05
0.0102874675318905
-0.00226824231039235
-0.000554629728447977
-0.000593123321072483
-0.000414002063316652
-9.35733049666104e-05
-0.000398441114294952
-0.000244646586101992
-0.000223236185476293
-2.74344690414789e-07
0.0988112792874892
-0.0388669579738265
-0.00117986027555284
0.00014597339640099
-0.000445624300745305
-0.000213319427547884
0.000540944562299879
0.000156573514385512
0.000242250772560085
9.11847025009055e-05
-0.00153438685952779
-0.00104416801450262
0.0117694548683639
-0.00250799816494987
-0.000700248980516683
-8.05853438447532e-05
-0.000121150599169259
0.000129413739959636
-3.43479861116458e-05
-8.9648475753282e-05
-0.000160871927873134
0.100012249288977
-0.0340128558792935
-0.00162974214750966
0.000818233711421383
-0.00116589364928623
-0.00043708496062579
-0.000284443611370049
0.000149945476484156
0.000145253920961498
5.73168754459427e-05
-0.000386936181155656
-0.000893550045151355
0.0107125985024094
-0.00181705561801166
-0.00085536403379837
-0.000580983894560972
-0.000542673301460555
-0.00020735914941067
0.000186746750162516
-0.000118838898628021
0.0906238742402356
-0.0310122055227409
-0.00132525250767917
0.000708418567794252
-0.000410045712997355
-0.000679004052670081
-0.000689102975235821
0.000511127762502445
-0.000908890809815111
-0.000415744947251289
-0.000660517376879927
-0.000444959504545744
0.0115343487308529
-0.00160231939056225
-0.000706817608761248
9.63922886927839e-05
0.000161474769843726
-8.63738085489305e-05
-0.000191351737009325
0.0811684654305675
-0.031604765975568
-0.000468262578952698
-0.000342390174770664
0.00113069759773216
-5.94813331828731e-05
0.000450123958741756
-0.000460621138627956
-0.000131817056720081
-0.000257536038744244
-0.00083937055113714
-0.000257394433027166
0.0108578482550154
-0.00269719696030628
-0.000920422145602788
-0.000145115716949752
-0.000110438317796694
-7.94312088773298e-05
0.0805935133944684
-0.0288240361557478
-0.000196346139925514
-0.000270318148067499
-0.00027313831895932
0.000251656918440196
-0.000428471747155589
-1.19470863502238e-05
-0.000291146906480103
-0.000184048883194134
-0.000891399131886205
-0.000838003915510503
0.0111967765815069
-0.00226661051043659
-0.000806827927822481
-7.71156598862613e-06
-0.000171727676922469
0.0772014438166696
-0.0305115481148621
0.000328498068481115
0.000278177631508697
0.000839473744175639
-0.00119907229220071
-0.000136542698558238
-0.000153143083831699
-0.000367027038035414
-0.000206374070688056
-0.000728918241535522
-0.000771148183080037
0.0117350522040099
-0.00198061242727782
-0.00040602111673902
-2.09573756899871e-06
0.0818816713211555
-0.0308062697677035
-0.000175065590498449
-0.000317507635510654
0.000304305517515358
-9.50671805701014e-05
-0.000112916565252275
3.91030324164105e-05
3.33395314351293e-05
-0.000125599202552069
-0.000611663137991054
-0.000829678291687737
0.0119389375595644
-0.00222862717635665
-0.000734594700208152
0.0822243399856502
-0.029909003866904
0.000186552239605377
0.000166692898525232
-4.81643143638985e-05
-1.19686476891589e-05
5.7035581312558e-06
0.000264865823864855
5.43303572239876e-05
7.7587884066422e-05
-0.000207962537771807
-9.95777725999413e-05
0.0123253120433583
-0.00227838889940018
0.0909881475000931
0.000913004748522842
-0.00126234697819502
-2.96004980405173e-05
-0.00010564154201568
-0.000121652828278271
-0.000241066452813374
2.85827257706303e-05
-8.58708579444646e-05
1.65718933697433e-05
-0.00076127291369299
-0.000773910574824676
0.0138452510410857
0.0269520220725236
-0.0155510685644998
-0.00155274346645514
0.00010042070197144
-0.000375409340387795
0.000327715425907603
0.000444007836765055
0.000243475353283932
0.00078553942191634
0.000307566899435637
0.000377027308677255
0.000969074873546246
0.0278355645402188
-0.00145130165467134
-0.00169581391650103
9.91531208948888e-05
-0.00079536484165283
-0.000867072829918238
-0.00077379928203421
-0.000923831419483476
-0.000377403642239202
-0.000382002464529281
-0.000862221319075079
0.0138366984186789
-0.00235682385773534
-0.000646816381408532
-0.000611922777080113
-0.000412586012660092
-0.000149219598655403
-0.000239700709660296
-0.000158179420430921
-0.000221158944969336
-2.99167845900659e-05
0.0157601255827842
-0.00300067953240739
-0.000827972370553131
-0.000391351310718138
-0.000275082369210072
-0.000203261353731221
-0.000198840974006898
-0.000105415140922182
2.09574569487329e-06
0.0147826484456443
-0.00250209814541309
-0.00083812326174052
-0.000518731823278073
-0.00033891229558732
-0.000270155449627786
-2.99398114207408e-05
-0.00015103283496417
0.0158910192326083
-0.00221695140830257
-0.00119239533605529
-0.000387004778681333
0.000207518457915538
-6.116220708417e-05
-0.00012246571198768
0.015618926976992
-0.00317676907103345
-0.00087568229317472
-0.000100303435303924
-2.09598171317987e-05
-2.55922425934575e-05
0.0156711212424642
-0.00269669650992802
-0.000759879372328359
1.11228731836782e-05
-0.000117656477881874
0.0160148469827744
-0.00273277105621534
-0.000481154514098806
-1.59694251567736e-05
0.0169702217701718
-0.00272479934720982
-0.000838668908591424
0.0166895472190821
-0.00273135283188588
0.0190167181292973
