0.192379751721194
-0.0778577673473845
-0.000266748112022034
-0.00258724078784076
0.00287090720330265
0.000747855499854533
-0.00124662612344912
2.55116373296868e-05
-0.000240531684390876
-0.00341020858602726
0.00100933753223316
-0.00241269616964522
0.0123468189356803
-0.00193045112633815
-8.82485744898407e-05
4.32438735090215e-05
0.000166369211307242
0.000196086044325676
-5.71240833157371e-05
7.48524733567882e-05
2.72973321041751e-06
0.000118801736978908
0.000281075994698818
-0.000108043638916626
0.237148010881352
-0.0860093508259919
0.000472502883729468
-0.00108337335236395
-0.00130430925618153
0.00134004711985549
3.25607440943334e-06
-0.000536955932972739
0.00148671692631521
0.000322976062961944
0.000924045642476188
-0.00108593992717351
0.0104969507876684
-0.00138141072892208
-5.92023574488356e-05
4.00829653564329e-05
-1.14699280576987e-06
0.000160687312718407
-0.000112042300023281
3.67336724287782e-05
6.65410483629611e-05
9.52405849793604e-05
0.00014863861641666
0.265897505974037
-0.0963780933520647
-0.00660439119827365
-0.00101472391092713
0.000925781389637025
-0.000606502229782446
0.00226870074479134
0.00201895188140155
-0.00029180096642007
0.0022017723115772
-0.000920965761378882
-0.000612893595981016
0.0122801139374418
-0.00128084542462296
-0.00044690718169842
-0.000413118826736791
0.000196933135983782
-0.000222264452950699
6.54222286019987e-05
-7.05276573770142e-06
0.000108648383143677
0.000358933023782165
0.31434681851541
-0.113825150528699
-0.0103532275805717
0.00267555781503938
0.000210109089261179
-0.000268353430933423
0.00311469166307375
0.00138322478675256
0.0028606633470566
-0.000396085852704047
-0.000810032701379486
-0.00100427488391769
0.0132714948041619
-0.00226516845733117
-0.000970754066617612
-1.3336761523405e-05
0.000111993450061849
1.40321611310393e-05
0.000152151549792809
-6.93820249010418e-05
0.00039266723851201
0.316492722846635
-0.0932859894655797
-0.00594085637114346
0.00304119092791316
-0.0047685349763118
-0.00285681722949624
0.000309731771985284
-0.00409999160620496
0.000719957917229123
-0.000334058815349923
-0.000793395832001177
-0.00135827165290858
0.0132491797235298
-0.00080208065104534
-0.000360222306197323
-0.000153735408720665
-6.22474115028554e-05
4.57696111636773e-05
8.60570129508327e-05
-0.000579589533150303
0.25776463836909
-0.0737956720274653
-0.00452086760684609
0.00252152407615308
-0.00568015794824339
-0.000127879792463974
-0.00192940826669709
0.000618152160663362
-0.000826463939886622
-0.000579937909788238
-0.00109297761647157
-0.00110953512739138
0.0130829140284242
-0.00125267369454938
-0.000429457657614335
-0.000271462646263248
-5.66202926681371e-05
-1.99153385700756e-05
-0.00031826172066738
0.207915086942449
-0.0743127349044527
0.000319385571193263
0.00395937386698709
0.000125771033481002
0.00358298909838576
-0.000322153131997175
-4.5799229873337e-05
-0.000335672452654027
-0.000359285568474683
-0.00137119368081453
-0.00139884672339636
0.0135502387984397
-0.00287680796717857
-0.000376218736861997
-0.00020845291649291
-0.000249158511578505
9.85021243878579e-05
0.194107159404118
-0.0679210808836094
-0.00135899491569909
0.001296880835236
-0.00213024607334751
0.000333836548055277
4.97296779070874e-05
0.000172928123670608
-0.000189816587458054
-7.9328401123163e-05
-0.00070097506751174
-0.00191631207617934
0.0136155971200781
-0.0021888311894344
-0.000152993727413402
-8.96527713312058e-05
4.23201377762236e-05
0.18775213076707
-0.0635055899356812
-0.000654730228897808
0.00341884415163109
0.000246756402819849
-0.000825700055680224
-5.9127935699444e-05
-3.13657200177362e-05
-0.000558146513815314
-0.00078225166416831
-0.000341025960295645
-0.00162600048203505
0.0132090300189618
-0.00194679600719857
-0.000172132814075415
4.28717875610806e-05
0.20277987546808
-0.0702750222701803
0.00877991001496882
-0.000972023023893235
0.000205580534391887
-0.000132754753219798
-1.31413312677269e-05
-0.000472673857630654
-0.000329803464530474
3.6637873633501e-05
-0.00104741573133733
-0.00080976605883022
0.0133802969475899
-0.00272396965225655
-6.89321378345469e-05
0.191350958295548
-0.0653360379651871
0.000680041624592952
-1.30938162704683e-05
0.000254609501260542
0.000242435256985593
0.000226951728412956
0.000435232480069023
6.58960078190576e-05
0.000327456613318721
-0.000525862126628954
-0.000397689390243897
0.0148551546843663
-0.00179996716309123
0.223751330495615
-0.000160225146670326
-0.000641175049767735
-0.000262576717265276
-0.000279948251770253
-0.000617192164223446
-0.000778118272763358
4.5984839989551e-05
-0.000829376456693019
-1.93502758151873e-05
-0.00131817580911078
-0.00143493908720426
0.0174355761042396
0.0335474450380904
-0.0156915555697051
-0.00106735154054016
2.6153842422218e-05
-0.000116010174972859
0.000271351895258528
0.000382607710872017
0.000435092825162512
0.000515470705863993
0.000646979871363365
0.000589637294633235
0.000805490201890824
0.0319099711586322
-0.00172484404620753
-0.000927659539050365
-0.000184530527516704
-0.000218022111142032
-0.000345119708628601
-0.000463798387196419
-0.000554691349867405
-0.000511274615104114
-0.000315495899429046
-0.00054359768282602
0.0178965076721079
-0.00239223020320897
-0.000675427223681393
-0.000424631330579501
-0.000171491232258595
-6.8908954402626e-06
-8.63770623816801e-05
9.58015086852667e-06
0.000100995969631886
0.000116270316638745
0.0194466642175977
-0.00306208170413936
-0.000940405526980415
-0.00022427519707638
-0.00015898304907563
-2.40110861484758e-05
9.72410525311797e-06
0.000117767134315104
0.000150489716342052
0.0198476564083382
-0.0028080939731045
-0.000925671399073614
-0.000305829185455318
-0.000255450639548962
-4.70730945106348e-05
7.99667178144855e-05
7.00339091205602e-06
0.0201965868721728
-0.00281663969549262
-0.00105854106300576
-0.000378839763517327
-2.32676659292395e-05
-1.52819052069636e-05
-8.91160420214633e-05
0.0212841100041656
-0.00377684531640724
-0.000955151727111746
-0.000216155950431292
-0.000144406756741093
1.80080671183774e-06
0.0208663911107949
-0.00294923690214564
-0.000620357068250376
-0.000104657265442616
1.30165223894905e-05
0.0199621828926712
-0.00265771310148912
-0.000648819693824871
-0.000104532179674372
0.020619263710961
-0.00292523962794086
-0.00070598079238104
0.0219474595599924
-0.00305848753442491
0.024859844482134
