0.234526499792392
-0.0975555917897201
-0.00124823309529818
0.000950440245831848
0.00143816066174249
-0.000447721841989193
0.00164575380982939
0.000844626594179369
-0.000758962899412447
0.000179636792482609
0.000542108280744855
-0.000209181662358009
0.00606787533299581
-0.000941623166505591
0.000109413289301877
-0.000566557011784806
-0.000228182628764142
-0.000137173646516864
0.000212362237063869
-0.000177462804370872
5.84759277493775e-05
-0.000171073683031952
4.45068901607843e-05
-7.17980047527675e-05
0.312000666973872
-0.109973725865617
-0.000463646806789365
-8.86654349975386e-05
-0.000151410657248659
0.000910183594836212
0.000675530334040258
-0.000428169618900976
0.00169632466322756
0.0019215721650465
0.000569561090429216
-0.000444463755770846
0.00655226965832883
-0.00146904402400964
-4.34974713163258e-05
0.000467642076892481
0.000365362842290339
0.000112153964134977
-0.00039922008860873
-4.40801325922226e-05
-1.32353855106283e-05
-0.000756570973997983
0.000477710893719249
0.359288771924512
-0.1356898464406
-0.00795903029255213
-0.00103273358504431
0.00216117562303359
0.000770999522436139
0.000638004143070874
-0.000959737423576131
0.00188004013424297
0.00040205758417184
-0.00163905234301257
-0.000970591195491331
0.00808841091125904
-0.000961568118585803
-0.000771839776326463
0.00024713374274243
-0.000818069088620261
7.98558083108869e-05
-2.84015791871877e-05
-0.000371863263695781
0.000615491114862731
-0.000346394970719363
0.429831224650655
-0.157927235275255
-0.00817394708949598
-0.0041012216116406
-0.000126781045293159
-0.000461734998096719
0.00115097003903986
0.00173410525540573
0.00025686306867071
-0.000296339556753016
1.20209822262795e-05
-0.00119336291875426
0.00743362917769221
-0.000928536169731854
-0.000762251595738332
0.000211232372588077
-0.000557126294054442
6.21424509292785e-05
-0.000350710571691044
-0.000134944771005258
0.000445256003193228
0.426718284214279
-0.130712593628856
-0.0044619842235293
-0.000449255480442339
-0.00325891679854442
0.00276640410343298
0.000300283697453362
-0.00058133769112407
0.000937298590372128
-0.000795877708609429
-0.00104591089877794
-0.00168727261009685
0.00719557869286549
0.000204860218239161
0.000332923736049619
5.49505054527094e-05
-3.61158822558484e-05
0.000695190170328286
-6.78867682425211e-05
-0.000829070497633104
0.349613306685767
-0.094298700137953
-0.00410490533729029
0.00427809199307886
-0.000468203478141584
0.00147407423503461
0.000696336832254322
0.000785318518443173
-0.00156732909746534
-0.000195163719585908
-0.00128927160057428
-0.00149604274973649
0.00814120969941285
-0.00134244774900331
-4.98172765602239e-05
6.98275910792239e-05
-0.000126694236568514
9.57436499622009e-05
-0.000209043015033984
0.292196339356297
-0.0989103140648113
-0.00454144410617929
0.000410125940000493
0.00180358125967178
0.00122597677391718
0.000742714187059048
-0.000397516394365805
-0.000854041007103327
-0.000412715505754733
-0.000561345015215999
-0.00158720865096661
0.00918391975817283
-0.00248912621835466
-0.000202342347101935
0.000135591622215356
-6.87604870107934e-05
-1.41450509294108e-05
0.255354142961575
-0.0792070048123588
-0.00391211002010372
0.000475984913773999
-0.000178129492114198
0.000194295545324251
0.000146751870294979
6.60675336373263e-05
-0.000128504950208998
-0.000555469402385711
-0.000783809739792935
-0.00211381091207123
0.00862847859295673
-0.00193458660548182
5.44562943015596e-06
0.000189973048025714
-4.99954163745545e-05
0.239298376009325
-0.0794422980177163
0.000730969976389215
-0.000418749744761803
0.000218625701038367
-0.000908963324331536
7.49424880545292e-05
0.000488896185891404
-0.000519097314410364
-0.0011679592911352
-0.00087581940252911
-0.00153267808265589
0.00823361048746523
-0.00158278779880946
-0.000520728732957925
8.88705535509076e-05
0.229390209945836
-0.081422903828476
0.0014282080233937
0.000140669981290736
-0.000600841707158674
0.000168492630269274
-0.0004551750979031
0.000136587683949757
0.000112309789453145
3.41350717082631e-07
-0.000622909135781393
-0.00107965298573524
0.00820083047562085
-0.00145935577118492
-0.00050859298949187
0.24399872059006
-0.0761719538857586
0.00095689844033739
-0.000569596599540518
-2.88715060677634e-05
0.000609079250839597
-5.32396625599716e-05
0.000891687757744084
0.000178445592589873
0.000131387361724047
-0.000151948864762347
-0.000782173235832756
0.00938111598323322
-0.0016030372167988
0.250754962185043
0.000604105232357366
-0.000424266441718989
0.000281371989148575
-1.86308040200304e-05
0.00025899561495088
-0.000459368026325662
-0.000144778218597669
0.000171066061427045
-0.00032667156952137
-0.000683001245988786
-0.00208008284420923
0.010236065173206
0.0159427735494215
-0.00821789579353173
-0.000892718285083003
-0.000292793321885259
-0.000185454422545119
3.55011440914287e-05
0.000147157842932104
8.46346163202086e-05
0.000471344041229744
0.000236219076423372
0.000351396811284916
0.000418783091838286
0.0175038382661675
-0.0019615812197668
-0.000561477536200851
-0.000169525789121488
-9.74127939102404e-05
-7.82202787582588e-05
-0.000208567846534827
-0.000313729906390567
-0.000368703421746275
-0.000270034863740015
-0.00033061052522516
0.0117842661962543
-0.00244859357708597
-0.000580167932684898
-0.000363740075117356
-0.000258093519187372
5.2861242250767e-06
-9.77783570262851e-05
1.01176511999993e-05
3.10574773212207e-05
-9.03587204241233e-06
0.0127984688999467
-0.00308380386400179
-0.00079863691287624
-9.90945607530386e-05
-0.000183803021442027
-0.000134383715151367
-6.259821836083e-05
3.86258684029672e-06
-3.44023480283021e-05
0.0136104254236117
-0.0024934660033822
-0.000668773282755074
-0.000286571987372556
-0.000268713355500056
-0.00014300250821589
5.18166557079791e-05
-1.7467152826093e-05
0.0146132322261253
-0.00302132858363176
-0.000796233787807889
-0.000340804156158485
2.41383297333593e-05
-8.69242201941777e-05
-7.58139049898821e-05
0.0156349872585198
-0.00393581709902244
-0.000713289680332792
-0.000163633531358621
-0.000110107756963612
-0.0001018352316495
0.0147694214274326
-0.00305338937481354
-0.000332504968397754
-0.000115375547094503
-3.72786280725958e-06
0.0138316444396344
-0.00281178317627777
-0.000310237267615336
-0.000185195281788737
0.0138414154343403
-0.00314448421744861
-0.000437548847951843
0.0145406834241521
-0.00315801343285403
0.0150267270020636
