0.219338134034536
-0.0896483200653759
0.000156984272587328
-0.00283073662695831
0.00471639911587541
-0.000767166658242429
5.25612445031983e-05
0.000724628247810164
-0.000353651903216273
-0.00248596687818523
0.00235130351373038
-0.0012499159088964
0.00509222477758781
-0.00154728397410249
0.000105879842040124
0.000177963694730462
0.000302143985620333
5.56057867556946e-05
0.000182028158560813
0.000197567427040065
0.000295911244178502
-9.00418041756454e-05
0.000517199889461005
-7.93269457311244e-05
0.283938349014154
-0.112877068842678
0.000315564224842252
-0.000674996193621264
0.00137114516120032
-0.000511902920360801
-0.000911222766701363
-0.000615193817690013
0.00138152621359279
-0.000108398615505635
-0.000246687595043134
0.000262289333015257
0.00426666560880685
-0.00181786730672024
0.000355247411572559
-0.000190052693129826
0.000298318228769826
0.000266140844878142
-0.000397668883649322
-8.77363212891754e-05
-0.000186370628042985
-0.000127309321347412
4.83959005469384e-05
0.32502906556562
-0.119053923682532
-0.00948032144375593
-0.00111152803547998
0.00153652755981525
0.000424688041005076
0.00277601776354126
0.0022894425709655
-0.0006139751648765
0.00358179270364584
-0.000554792095110249
-0.000273907338019172
0.0056787633711322
-0.00180990491479287
-0.000492461761542019
-0.000505443916138936
0.000377967096427071
-0.000388062036722982
-0.000154166047510455
0.000106030471518372
0.000164188406063854
0.000386213984739004
0.369014887250897
-0.137929443964517
-0.0147822421020988
0.00335685018958079
0.00179313865508428
-0.00233281494442399
0.000804262598659327
0.00267405801026795
0.00220636906707632
-0.00039854029812834
-0.000159177663697431
0.000121976293206052
0.005985560300021
-0.00350676072037866
-0.000576222480949149
0.000251161678450277
-0.000216319899609771
-0.000136249140132866
0.000578867654729245
-1.83170810134917e-05
0.000469390065725459
0.361219852159331
-0.111988579855592
-0.00872435456626235
0.00320380230376206
-0.003489278983786
-0.00187152517822762
0.000514779521067337
-0.0047004704345791
0.00090432695202362
-0.000464603441431234
-0.000383166832036026
-0.000136627496730847
0.00741744025236688
-0.000439856655303317
0.000148312883053102
0.000206105562057749
0.000449675799555667
-0.000105088629429073
0.000169116708241684
-0.00115659283999047
0.301000033800739
-0.100498866088649
-0.0054793059873503
0.00101921105902088
-0.00100429367160451
-0.00178053008761676
-0.00272410499526147
0.000212347266700512
-0.000638923563735367
-0.000335132450003334
-0.000837831564335452
0.000974254014095944
0.0064535024584575
-0.00122154974152882
0.000124544343933238
-0.000415900310648599
-0.000479760723966088
3.65538915614462e-05
-0.000562944189746882
0.269800687801774
-0.100756843571851
-0.000600322679295988
0.000818022982475846
0.00211138892717435
0.00345319816116139
-0.000448250646941188
0.000437082411692803
-0.000174722995839762
-6.79456277255347e-05
-0.00108185639902972
-0.000454593145209707
0.00668930602631437
-0.00310405617631641
-6.22967787875739e-05
0.000420737658757802
-6.80790857268859e-05
0.000519291816305863
0.24945052360753
-0.0900466850168988
-0.00228123656083189
0.00153740388678241
-0.000959089527333142
0.000366802999926961
0.000225576360327581
0.000182748883674493
-0.000174318970826946
0.000130988237939603
-0.00022189649207318
-0.000837461910710722
0.00679340090014451
-0.00260385605161098
-0.000124920184623794
0.000271671641466895
0.000122384168974673
0.243537460515205
-0.0821782591619002
-0.00276807316220656
0.00500934801253749
-0.000629234831747286
-0.000232175768684265
0.00011919430391139
9.82279388044517e-05
-0.000505878674159495
-0.000844505504799607
7.21536742786674e-05
-0.0013818139853879
0.0061988788732568
-0.00217711256679855
-0.000464598710424348
1.72857759717141e-05
0.249041702162491
-0.0930411776757955
0.00820898549433352
-0.00129447365360993
0.00094101887577428
3.76000673608877e-05
0.000135624747251929
-0.00010930519070866
-0.000284152034697222
0.000369505574637559
-0.000291282493647691
1.34478218541848e-05
0.00654284217687439
-0.00275248662599742
0.000227705573859536
0.253720087653924
-0.0938476745385571
0.00086222316290237
-0.000155707126430791
0.000345292679774821
0.00057086412377123
9.9670701939397e-05
0.000587258130341249
0.000615937401737366
0.000183761939554399
-0.00049414203873634
0.000293010968959177
0.0070313302172222
-0.00208545646595243
0.316817121104352
-0.00159931474189621
0.00100725417581058
-0.000242013843645473
-0.000419511607547762
-0.000311106077120297
-0.00112318084961766
0.000151983204102893
-0.000732316899487094
-7.45297300932375e-05
-0.00114042342513039
-0.00127613182316573
0.009117053216446
0.0195384215219413
-0.00968636629393069
-0.000472037686804747
-9.75761426479934e-06
-7.58380122589912e-05
-3.80083543206282e-05
-2.37477357664091e-05
0.000230470801943497
0.000131426362180249
8.77397402880966e-05
0.000267156759856658
0.000232554555674124
0.0206933078829029
-0.00251323292099848
-0.000470872936588668
-0.000302883832653632
9.11754182919703e-05
0.000179670092810522
-0.000240933600495625
-0.000209303013673886
-6.98649100589509e-05
-0.000233803443435613
-0.00012341916152757
0.013619904743623
-0.00294414736119276
-0.000433682289943548
-0.000333673331932697
9.53255840846114e-05
3.99530859610461e-05
-9.48348840830744e-05
2.74376861770054e-05
0.000119029578447465
8.09249359834168e-05
0.0151181922570226
-0.00388556422689455
-0.00066335419137127
7.38883159386011e-05
-0.000144022093698465
5.33292120976956e-06
9.68770889680625e-06
8.62900449665526e-05
0.000102229787201884
0.0159450756518941
-0.00332030983482166
-0.000539164246687618
-4.93725226559646e-05
-0.000266871138809394
-5.14807518735694e-05
7.83406990870212e-05
-0.000138818421804618
0.0159821518498241
-0.00399295626344074
-0.000553406334255801
-0.000201354829370784
-7.38689257506016e-05
-5.91625170057813e-05
-0.000208527793420413
0.0195511758688034
-0.00511340696900963
-0.000660315902951913
8.17331119574049e-06
9.73617961714134e-06
-3.28283387480219e-05
0.0172095159699371
-0.00424768180737956
-0.000271345712764286
-8.16135315239302e-05
4.85417696825443e-05
0.0159585569175493
-0.00412871438258068
-0.000312373034474439
-5.25093283392589e-05
0.0167439353796864
-0.00446821426793061
-0.0002887707457016
0.0170414071221224
-0.00445407309866051
0.0184767292072956
