0.196551056377869
-0.0766325075889304
0.000420025223466783
-0.000507224451758176
0.000246618505580865
0.000782939346613335
-0.000520579888989299
0.000994789553420083
0.000196319867509532
0.000253007672930402
0.000756312465708744
-0.00122027620126606
0.006042470885566
-0.00122588050084814
-0.000101113986471357
-0.00014063421805255
0.000100296605086673
-0.000183699407236543
-5.54792593909723e-05
-0.000179962713543276
-0.00016284238862135
0.000167376508371489
7.13140910563732e-05
-0.000214378192011552
0.260206500407206
-0.0973568823531296
0.00108581829213978
0.000876312262090576
-0.00085445972532981
0.00120278083575438
-0.000144080140079102
-0.000886498096609755
0.00147322689687351
0.000232133230509565
0.00184290639657486
-0.000290645949971048
0.00497819334458662
-0.00115637119085039
5.4826353686374e-05
0.000254071109173813
0.00035670756412985
0.000300009241534495
0.000210512410706232
-7.18391055395265e-05
-0.000106617786681016
-2.92155626224919e-05
0.000210645072841232
0.294373441516775
-0.108476539593282
-0.0075500402554542
-0.000755297084370523
0.000526496741017901
-3.18969041334184e-05
0.00258590322688655
-0.00213125363254024
0.00114075941926022
0.000376583366189806
-0.000570425126283979
-0.000781022034108755
0.00632532173318352
-0.00105056866851379
-0.000531328902351053
-0.000305240744056438
-0.000114660336196934
-3.00473240810387e-05
-6.48402344854889e-05
-2.94504490947232e-05
-9.77248796889699e-06
4.90523081645801e-05
0.334626875114326
-0.11908239613526
-0.00786785935426815
0.00204910737348602
-0.000318947873461172
-0.000424503886709702
0.000957964901253184
-0.000215123268602013
0.00144081640454182
-0.000217787393345179
-0.000244218904205144
-0.000952311007943348
0.00647837157690343
-0.00141085445970648
-0.000230017339624376
0.000437049015585846
-0.000158717406332258
0.000138654981711522
-0.000225575375240205
-0.000157085290720687
0.000160107100776744
0.322892994486005
-0.10162270536141
-0.00490168821832153
0.000551477283487549
-0.0020922002646285
0.000936673346621723
-4.3468259091382e-06
-0.00113918837747208
0.000189379268488556
-0.000183299817793528
-0.000579137998248735
-0.00119213562627408
0.00656187259509717
-0.000636579160048049
0.000120987732922914
5.45397524979775e-05
0.000123499915829573
-2.24790211298661e-05
0.000117944884103256
-0.000242228070458116
0.264638132786373
-0.0791295582904427
-0.00396224269517494
0.000861272979262953
-0.00115040053293474
-0.00064956604188448
0.000360743291849144
0.00074178146521028
-0.00104130902568717
-0.000131941618635637
-0.000484059938967176
-0.000792900907372513
0.00628772979496712
-0.000952347970029723
-0.000217432930139356
-0.000121384576582235
-0.000267884230110993
-2.4510912007639e-05
0.000101048304969562
0.228135011920385
-0.0824548017793666
-0.00288721946967452
0.000579723919027188
0.00197946299013465
0.000938186535044478
-0.000212246408980062
0.000454557389644806
-3.88988286885817e-05
-0.00025477035710527
-0.000658882903718413
-0.000661181640909745
0.00704752234325535
-0.0021062989295195
-0.000291070094327042
-0.000127352263938937
-0.000125300855226917
0.000117302870447714
0.210175011717871
-0.0715084730493542
-0.00112150891519354
-0.000347458944314435
-0.000477661821419905
0.00016756479894218
0.000100867000152016
0.00021797233979206
-0.000204422757092772
-3.26482275083849e-05
-0.000641020513494054
-0.00131310446934785
0.00664525164222268
-0.00190911967728705
9.90154109847596e-05
5.32833444679233e-05
-0.00012550742354155
0.198627297864614
-0.0700975774448845
-0.00109939084261604
0.000551604341320908
0.000217087333508621
-0.000512323839116453
-0.000216586349559604
3.02760540707452e-05
-0.00025220163820695
-0.00064762637924866
-0.000836421179574602
-0.00147180007329805
0.00636971376229389
-0.00194234244558348
-0.000187759669592903
-0.000203720111973739
0.192504327780864
-0.0688630345673579
0.0023913318551008
-0.000425348983523342
0.000375222611168602
0.000158421571066643
5.87858813132405e-06
0.000262062619279743
0.000124008446864516
9.56462864629224e-05
-4.84996351998886e-05
-0.000578837795639411
0.00700470208073206
-0.00217180394605258
3.10580391523049e-05
0.195721107749834
-0.0647209526532693
0.000329463788826404
0.000229461034893513
0.000178412569938068
0.000451345743134112
-5.72153287169718e-05
0.000329304843894263
0.000363564500169556
0.000262379164422909
-0.000108994086545316
-0.000401732210953579
0.00731244823870278
-0.00182070629186285
0.215880554909008
0.000167962267077252
0.00022881430040938
0.000132758451178048
9.6531514325277e-05
4.7807571935224e-05
1.19605563270467e-05
-0.00030209900237575
-0.000251193244798985
-0.000196265993833502
-0.000506706845691471
-0.00136522495081246
0.00767269112783179
0.0174980506733214
-0.00938401885814404
-0.00083380692004794
-0.00010307924789241
-0.000121933663756987
-3.87349952592302e-05
3.94710464996768e-05
7.18309990763061e-05
0.000260800219527609
0.000184622703831127
0.000324139589797531
0.000482981808931972
0.0185605185474412
-0.0017029336284715
-0.000540599662952849
-0.000119461785500514
-4.84648226851439e-05
8.13516932271054e-05
-0.000223202893942595
-0.000300180002639948
-0.000257900384486496
-0.000266788595087216
-0.000352177699613981
0.0109830654162875
-0.00220377374105033
-0.000425002342889043
-0.000225020797529098
-0.00012273224170368
-1.6853223953234e-05
-0.000110102063384785
5.91360835089183e-05
6.53315508853628e-05
1.34920000500427e-05
0.0120474735073923
-0.00273602593346415
-0.00065364248772441
-0.000182468577402725
-8.08219102801447e-05
-9.39979138617563e-05
-9.53619079083147e-07
2.01802048588219e-05
6.67438897387215e-05
0.0121164206730701
-0.00248226932858433
-0.000386035699029675
-0.000245313843687427
-6.83939446870452e-05
-0.000175173509863948
-3.8156898384601e-05
-3.98164251651509e-05
0.0128762836601377
-0.00268014593541605
-0.000709334615223112
-0.000269882074911058
-6.09466863773438e-06
-5.50304069582526e-05
-0.000121626112999499
0.0142648861252862
-0.00370802198776992
-0.000739155102717996
-1.68878682619203e-05
-0.000100302939843218
5.16299833771514e-05
0.0133001600998565
-0.00304831080595659
-0.000379055758295235
0.000103581652067714
-9.8531023528535e-06
0.012864147468045
-0.0029413190044402
-0.000400772122677327
-0.000123343724265684
0.0133110623001779
-0.00321643585383349
-0.00026646199025874
0.0136421511756469
-0.00316146894924282
0.0139053256663292
