0.315003037877038
-0.143929645980231
0.00144730835766618
-0.000519893343873523
-0.00215510280215582
0.00167919839673415
-0.00620654809743577
0.0012386517853742
0.00115331154141172
0.00413967711380473
-0.00135729673937668
0.00069654287779033
0.00556220421413664
-0.000278709140932041
-0.000627980443187937
-1.93799979028904e-05
-0.00096330198231392
0.000155446009113634
-0.000425145510212642
-0.000459621267627139
6.62371709533036e-05
0.000510379985100088
0.000246135898698029
-0.000168159918745414
0.466505096256671
-0.165798578118242
-0.00142610553536907
-0.000136151699353873
-0.00222306381980791
0.00384821670424079
-0.00236721070828928
-0.00224660898643287
0.000447715712575958
0.000165773120953975
0.00228434630213005
0.000399157330123876
0.00556422515540039
-0.000842229106858457
-0.000389095796266492
0.000531144471592863
0.000278411048856618
-0.000120453525092312
-0.000236206254900964
0.000155011343830597
0.000322265345166493
-0.000127424519555998
-5.4605714241429e-06
0.545862601075659
-0.222832373043062
-0.022880804635139
-0.000725700959340537
0.00178812259074471
0.000354259959626178
0.00149965053258928
-0.00166214308929465
0.00258450184445469
0.00307133390988857
-0.00072061987841545
-0.00104981194169159
0.00732229354257739
-0.000844644042804713
-9.09465494701754e-05
-0.000355912507104167
-0.000375880609020565
-0.00117836245034697
-0.000191546081059714
0.000126811381398459
-0.00018365533152441
0.00108320291372037
0.757581064000767
-0.296580427864785
-0.0294776094034229
0.0014300988526909
-0.00346092839288437
-0.0003918685565618
0.00185335760262197
0.000808236052387036
-0.00147272502864373
-8.19708733265098e-05
-0.00119325623270031
-0.00166923491190787
0.00893705151673346
-0.00277207854817173
-0.000303248369969153
0.00141993467292254
-0.000899312659160434
-0.000676710656796199
0.000467125388878668
-0.000234541799538192
-0.00117816069627893
0.763679269691717
-0.222618822349367
-0.0165897150576284
-0.0006676500707791
-0.00321605062737218
-0.00142723386264657
0.00302100475695131
0.00341508705042684
0.00115208955768007
-0.000945594794653569
-0.000809784372696453
-0.00244180696285761
0.00923058620051992
-5.10146309248467e-05
0.00010722508369264
0.000732285307297672
0.0012655980988477
-6.40816729009806e-05
4.37720648843634e-05
-0.00055835563931255
0.634982893913839
-0.160351335512555
-0.00834790633651372
0.00244847503941958
-0.000914575597254074
-0.000475430897792624
0.0015669045039684
-0.000774331450722785
-7.10828153154235e-05
-0.00100679042853922
-0.00223089266489454
-0.0021339123021934
0.00920297099790627
-2.24191875626156e-05
0.000509545501199737
-0.0010235239555466
-0.000819777915629372
-0.000243850527918726
0.000595471481013641
0.480445988309621
-0.150271272254062
-0.00994154779597833
0.00108766701963873
0.0035962089986686
0.0038408208364151
0.0005174525275054
-0.000797780626629953
0.000151060049073069
-0.000235292483930795
-0.00066320906307148
-0.00186695373184542
0.0113104042144797
-0.00297133248019998
-0.000525716654828407
-0.000254254854875198
-0.000236247588411076
-0.000248824281643158
0.419612901002616
-0.11004686786284
-0.00541161548194037
0.000853261513334332
-0.00190678962155837
-0.000261763974007172
0.000311782142438096
0.00035724835549092
-0.000216225545573878
-4.27976643619539e-05
-0.00108539721644116
-0.00247034275309325
0.0100419058932255
-0.00320242741927017
-3.87477564500187e-05
-2.81825327894118e-05
-1.27604806091697e-07
0.363911228266141
-0.0992461672373134
-0.000411282073901235
-0.000149905794076449
-0.000500609623750299
-0.000722686078335676
-0.000819867603127283
-6.3908662227824e-05
-0.00110565671712775
-0.00046056053796463
-0.00161106545213832
-0.00177498596582811
0.0102235779608143
-0.00258335256162205
-0.000363522147451066
-0.000623525829879006
0.325677165042442
-0.0994933744459392
0.000961899338999809
0.000358634758643402
0.000516794900487954
0.00014099214296383
0.000122752805417321
0.000543741242514931
-0.000759265681957444
-0.000208299671627122
-0.00130579445187751
-0.00135287598529004
0.0102010291220093
-0.00215036831611401
1.31835199064861e-05
0.370322553003096
-0.100721130296516
0.000738749747025207
-0.000604329861604105
0.000452907441547466
-0.000313070214943981
0.000120467687556585
0.00151415504316472
0.000660350614384221
0.000208667875531458
-0.000856904754575425
-1.41003329294313e-05
0.0113873859411479
-0.00276746758366599
0.517787366566224
0.000119096276106433
-0.000288627196626881
3.96433123916029e-05
0.000305499532507658
0.000289169156576225
-0.000815794778017841
0.000807768039896653
-0.000416206981250628
-0.00050566757374554
-0.000848507817476508
-0.00242509161098061
0.0130153269757766
0.0158956547911654
-0.00692915635903664
-0.000786839794957799
-0.000103335480966482
-8.99286566557912e-05
9.07800452779645e-05
0.000265053549226869
-7.35314303114593e-05
9.90878278933423e-05
2.85898718646342e-05
0.000136002656939031
0.000140296407748495
0.0177915946044857
-0.00301218625770915
-0.00030572226817057
-0.000511900116165182
-0.000156300381679127
-2.4769157744533e-06
-0.000307930224899922
-0.000404595708075204
2.30934837785002e-05
-2.88775283359321e-05
9.96194834681667e-05
0.0148898071744055
-0.00362160416577716
-0.000447196561720379
-0.000575749926870961
-0.000208604885254945
4.19193587537508e-05
-9.81548194936056e-05
0.00025862396072422
0.000130310904587483
-3.74849287048338e-05
0.0169893235924079
-0.00444216388580621
-0.000842488122722629
-0.000332480849698659
-2.79936189253076e-05
-0.000273253635461823
-0.000321275945674937
0.000242881352263418
0.000134342169073076
0.0192776235019341
-0.00444429772687558
-0.000515225256631833
-0.000192994636111275
-0.000359318630348975
-5.20928439194699e-05
0.000117857809710018
-0.000102299432906505
0.0211733110779401
-0.00491904017827403
-0.000672908382572313
-0.000333499262820708
-6.00515239091431e-05
-0.000101640807456044
-0.000310162139796433
0.023921593455071
-0.0063854705668999
-0.000963805309214845
-0.000117256498964524
-0.000165500370376292
7.39349669121505e-05
0.021553458747643
-0.00491589968240977
-0.000588861162919761
-0.000205917151171842
-0.00024415099503889
0.0198911806532097
-0.00427983797247587
-0.000640737749257762
-0.000338130788274824
0.0192037888926092
-0.00464682817482407
-0.00019644742323732
0.0199693956654547
-0.004724059881462
0.0204886074451546
