0.195825341857805
-0.0742318570477608
0.00151328960410875
-0.000595303382598115
0.00083744500187593
0.00129779294137329
-0.000118052811869288
0.00107886582761828
-0.000499752226084281
-2.78780300556915e-05
0.00126993448490263
-0.000933501962869013
0.00345968525439787
-0.000895330202390982
1.20670244757411e-05
0.000340156689400821
-0.000119213089931922
0.000269828851277023
0.00023742957081174
-0.000274830210597326
-0.00018256848154434
0.000121260680343545
0.000180729769791902
-0.000265835354519643
0.271383434225768
-0.0929026605565665
-0.00058279279457412
-0.000474141834984528
0.000764730436790945
0.00190557801506707
-0.00051903757577666
-0.000981532485953621
0.00240076596926893
0.000295342111965522
0.00220251755756693
-0.000542000992771626
0.00338465940389351
-0.00113597994167201
-0.000265970367706252
0.000228507022256612
6.93296739131631e-05
-0.000141419094893489
-6.44212653182227e-06
-0.000185506998011584
0.000320887940606244
-0.000397281812333636
0.000124598089121418
0.302626561840429
-0.107729719924577
-0.00809466174384333
-0.00111895236617804
-0.00137601817585158
0.00258346444254732
0.00113658780796115
-0.000992338592593155
0.0012079666099612
-0.00112518311330593
-0.000519483267544606
-0.000703004703194092
0.00418827368595305
-0.000358322527471085
-0.000320152451730029
-0.000303402223792985
-0.000428435604039027
0.000151284198561489
-3.67541994098687e-05
-0.000318311826962038
0.000364087786687877
0.000208803475595292
0.351342307401187
-0.114312648539219
-0.0103316963633604
0.000786559631750793
0.000753040504124134
-0.00122376965788041
6.49639959105313e-05
9.91953193862785e-05
0.00161391433238472
-0.000254424368314846
8.51049871280027e-06
-0.000415734590442134
0.00386378064376255
-0.0014097351612592
-0.000255095476799225
0.000235930357647591
-0.000328205137581507
-0.000439162706516934
0.000346979160560725
-0.000454984443456708
0.000148108266903941
0.3316712431002
-0.0966564842846995
-0.00459594880450883
0.000233120143892131
-0.00125423372587361
0.0017472271785241
-0.000283990169144435
-0.00125219275668583
0.000184379389248408
-0.000218082269684478
-0.000697062752575065
-0.000911670190251986
0.00467740234867763
-0.000236061234982753
0.000738301897511229
0.000154109251699601
0.000261094357584377
-0.00060417254220715
-1.81019821406813e-05
-0.000769764080800681
0.265841876399462
-0.073646320065288
-0.00376928151576387
0.000753520316880402
-0.000866910848270288
-0.000218997444038627
0.000342980517313109
0.000393341406977269
-0.00035706624413656
-0.000442081006169409
-0.000428837306473768
-0.000410374038705871
0.00468898414272641
-0.000689908742117028
-8.71318426472074e-05
0.000149517435569765
-1.53644558102818e-05
-0.000195092828807057
0.00018638731423934
0.216530951564557
-0.0755785870548267
-0.00297496001906488
0.000286087859832671
0.00201322153751194
-0.000538607482497192
0.000199589046540184
0.000148929468112337
-0.000141179117091169
-0.00011732400058058
-0.000712727832777258
-0.000725275600617765
0.00546946982877356
-0.00158866747333484
-0.000333996072305292
6.0824539768918e-06
-0.000271721617317796
0.000188180838015507
0.188139800340817
-0.0664026879474185
-0.0023269106992883
0.00084200598649026
-7.54489502783569e-05
8.82379242470894e-05
-0.000177780572561099
0.000308140676067578
-6.0107253908871e-05
-0.000104262884974377
-0.000497864634190499
-0.00130734902595291
0.00518921629359682
-0.00142828517954991
-2.54970482994148e-06
0.00017496809862268
-0.000274475683530996
0.177292190725504
-0.0647023407855368
-0.00187773574583342
0.000558621080824549
-0.000150629181797486
-0.000420058950429999
-3.78832380860029e-05
-6.64557430885286e-05
-0.000302251428563291
-0.000522121654067885
-0.000539990341900055
-0.00140436834374629
0.00467316027481299
-0.00139171291541551
-0.000323479605038747
-0.000121369730093637
0.170079410417342
-0.0625520667118685
0.00115088521185945
0.000114548113853359
0.000144338872399251
0.000101672198729385
8.5185501576855e-05
0.000193424344714576
-2.80316703980295e-05
-0.000131744300230885
1.66235556917679e-05
-0.000583112636189382
0.00534551933835712
-0.00122771983928247
-7.59638512149951e-06
0.182126415729491
-0.0617929123021494
-5.16579889302018e-05
9.30823214682278e-05
0.000111008928901039
0.000201473943713192
-3.67879648110678e-05
0.000229195200625956
0.000477506140269547
-1.08187984346552e-05
-0.000216143826722034
-0.000679658260156873
0.00599402795913999
-0.00143600480647357
0.202212380405015
0.000116765095087078
-1.37245743708097e-05
-0.000145863292561675
8.60774575716967e-05
0.000106108390991313
-0.000553192696595643
-0.000243212027568483
-3.07259618132951e-05
-0.000256660313253621
-0.000279557906617257
-0.00153969822665831
0.00620855316224234
0.00764270294062899
-0.00297469156371298
-0.000268794544262562
-0.00012818191093525
-5.01569591265407e-05
6.2305686722413e-05
-0.000130890691276389
-7.22536994898792e-05
3.37396471840434e-05
-4.57578746310094e-06
-4.0118564285101e-05
7.89519902261197e-05
0.00837084225600976
-0.00186899119400392
-0.000208131664826916
-0.000137001954278228
-0.000146972173815104
0.000189406429402254
-4.2704549746134e-05
-7.98330553956499e-05
6.39096319576949e-05
5.35090046243396e-05
6.63852747270763e-05
0.00751131396174019
-0.00195569352474205
-0.000221835923779533
-0.000125498844659411
-8.01029490059525e-05
3.3645393311932e-05
-2.50722409373505e-05
4.30497245878517e-05
7.94766480318325e-05
3.26811289091297e-05
0.00845107252869466
-0.00229840319389008
-0.00039803987808685
-4.02829152534174e-05
5.55817189286791e-06
-1.38726382474319e-05
6.24953714823946e-07
8.29917535953014e-05
7.9288781833573e-05
0.00900857522526246
-0.00204408295408518
-0.000240657127506408
-0.000106841664698124
-0.000101991579601979
-7.32362647028317e-06
-1.32354126288023e-05
0.000101449715167486
0.00933153545048354
-0.00249682219515914
-0.000379872236109112
-0.000152356027922784
-2.14033951852197e-05
5.75142054311018e-06
-7.59565846737542e-05
0.0108268136113574
-0.00326458741229245
-0.000520761031647419
-6.42555805066561e-05
-3.18161015801109e-05
-8.94200288277209e-06
0.01040509981658
-0.00265527510274449
-0.000197553765747507
1.6302132247683e-05
-1.87530568071543e-05
0.00962482545942109
-0.00241849453328605
-0.000226813205634584
-4.5345854678559e-05
0.00967735804768112
-0.00255414042017198
-0.000166142668018831
0.0102683083899101
-0.0028209211967927
0.0108598369250189
