0.180908198127809
-0.0828421237500491
0.000305373490770468
-0.0015618798304527
0.00178742186401195
-0.00196686534777987
0.000432623380990871
-0.000799521826726519
-0.000620520619077717
-0.000275724124570516
0.000759669184069377
-0.00340576745365228
0.00672042432822147
0.000397726663849186
-1.23370760941606e-06
0.000210669968354912
-0.000479244902668514
7.58620482319321e-05
-0.00025615514668178
0.000104665221265747
-0.000142508648160884
-1.36589599738591e-05
0.000216109445005304
-0.000776927046462879
0.218841639183115
-0.0857508712904175
0.000193365153129519
-0.00305138405397727
0.000116729094695823
-0.00106390368309785
0.000327523059709722
-0.00161109035223576
0.00115051063379978
9.55889189506708e-05
0.000780571360405739
-0.00220763808330658
0.00969835162443958
-0.00161676675285796
-0.000204090747213687
0.000590584266033895
0.000285200614584002
0.000610456755156965
-0.000476448562614024
-9.38198466409246e-05
-0.000208146996918957
2.22144265336909e-05
7.86117051250969e-05
0.235794052979793
-0.0910134421246714
-0.00601323075751035
-0.000709352932923405
0.00139776950433243
-0.00223705965306857
0.0035002535351169
-0.000321123017927392
0.000413088391401897
0.000913120477166029
-0.00169485230023796
0.000699086433744897
0.0090185931909749
-0.00148081832166085
-0.00058020781609928
7.77187104653179e-08
-0.000352575467820754
0.000178849254151789
-0.000258106898939571
-0.000943948255846048
4.91665011763101e-05
-0.000179490026257158
0.273235579696089
-0.11570800397807
-0.00770708289305522
0.000343626764449586
2.89421646281034e-05
0.000261569414826391
0.000916010147108305
-0.00135666825040271
0.00274453113669445
-0.000336288661973954
-0.00047186665410668
-0.000774519973095904
0.00952568079905163
-0.00215294962571403
-0.00117365893755145
1.63691294206119e-05
-0.000229709281214722
0.000137275633400168
0.000339849763171569
-0.000224854675679683
-7.89487631648359e-05
0.267436775640506
-0.090312088036727
-0.00379715978650208
0.000870712608981064
-0.0035711942529872
-0.000739970627661346
0.00121788488657624
-0.000194690061389955
-0.000391690576231317
0.00101201166849001
-0.000751183457388392
-0.00191622709942149
0.00913606588668105
-0.00103616576566018
-0.000307799138611759
-0.00057406834687424
-0.000348219240167664
-9.96620493245406e-05
-0.000280726933061061
-0.000385584717513456
0.221891166185525
-0.0702635903227865
-0.00175188263249621
0.00246299266632962
-0.00272105413436548
0.000927140034543001
-0.000644122073694955
-0.000743141836817685
-0.00020003408537556
-8.60529977831265e-05
-0.000519706268456614
-0.00149822601144777
0.00938582023045264
-0.00133701869660957
-0.000673401714556763
-0.000523280411437517
0.000221169511237724
-0.000150441342563409
-0.000691128808671762
0.18096385797848
-0.0690521420475051
-0.001519058548064
0.00205300182756596
-0.000397258766508371
0.00078130489166816
-0.000574442878622117
0.000540760204078112
-0.000436874825367778
-0.000697766948118003
-0.000422842951295172
-0.000899007512617224
0.0101111759025205
-0.00292214144223013
-0.000501629316851604
-0.000390910278173299
-0.00011349861755289
0.000327804932889051
0.163162923599795
-0.0608946458375055
-0.00234224161972315
-0.000540694205402177
-0.00035051382243212
-0.000553638271523718
0.000742359802253866
-2.13193932039332e-05
0.000241366943369884
-0.000306186672301132
-0.000697176415038937
-0.0012456999112959
0.0098571642575399
-0.00274943245768081
-0.000380852161923595
-0.000349406473009089
-0.000170758140935408
0.161388534674168
-0.06028714758519
0.00174674692239562
0.00147987362324018
0.000689505799159801
-0.000747661130056928
-7.00397000455709e-05
-0.000165409984053737
-0.000493185168151989
-0.00090499068023522
-0.00126104468270863
-0.00144744942087695
0.0108572942917203
-0.00237044356117395
-0.000283912835543836
-6.21928224344814e-05
0.1607943481959
-0.0636540587233431
0.00276776036856109
-0.000144325637226208
4.75177980091346e-05
0.000527410514510274
-0.000185570203923995
9.38354945747177e-05
-0.000102151163288093
-0.000176938911804922
-0.000630019228527332
-0.00143329427583657
0.0103743704167935
-0.00260748959310868
-0.000855598864122308
0.145269764749699
-0.0550514373011092
-0.000145133944241582
0.000430044113756578
-0.000582090353628526
0.000655616987021343
0.000118631356045435
0.000414356050493913
0.000245802464529212
9.56757909922998e-05
3.28498389878758e-05
-0.000749712131632273
0.0110412808750252
-0.00223067725455731
0.149137985053298
0.00123383946098492
-0.00130359002013256
0.00042408270971366
-0.000345169165815533
-0.000306001728285991
-0.000455302856047126
8.30861577826451e-05
-0.000469219777972532
-0.000138689648696333
-0.00104078786218207
-0.00179290407219332
0.0114736250731863
0.0194264690786298
-0.0104448428855365
-0.00150446989893173
-0.000527727057488423
-0.000592782981940008
-0.000628452555375986
-0.000340064459212284
8.00747935890296e-05
0.000574378782390113
0.000221447845214599
0.000594726938623411
0.000780585014299672
0.0238260837507808
-0.00117845576557345
-0.000112560054712038
0.000160798042183455
0.000635978063052557
0.000329025152524462
-0.000283351570418621
-0.000698109545215283
-0.000518052804906767
-0.000464844239538814
-0.000925791299549453
0.0136687989706107
-0.00228467257165075
-0.000529484444793095
-0.00028485996864125
-0.000135205159234176
-6.88004630273276e-05
-0.000269155273954483
-0.000159873329156405
-1.10973457366655e-05
-9.74136109890738e-05
0.014255119583356
-0.00284253334543952
-0.000880494737093032
-0.000208065450704516
-0.000290623058102889
-0.000143972504567561
-5.05451275615405e-06
0.00013580015412066
-5.22113372795353e-05
0.0144717599257324
-0.0026178187655361
-0.000755005975063405
-0.000307074868557685
-0.000425015527654091
3.02317605434051e-06
-0.000193799397228878
-1.37658782485515e-05
0.0154469748446296
-0.00272898976449885
-0.00107858564700363
-0.000533942058985221
-3.8613668734496e-05
-1.28796542870825e-05
-0.000339029304535081
0.015952177473266
-0.00374461319382197
-0.00102159737531763
-0.000287889480114221
-6.89640717625309e-05
-0.000188443668386897
0.0159362525800024
-0.00333865739499136
-0.000643852211069988
2.04885626005188e-05
-8.86362621404417e-05
0.0160801842412183
-0.00321759509425932
-0.000560824564148254
-0.000223456769471498
0.0161082222140474
-0.00311017920417657
-0.000660374764148254
0.015995650977492
-0.00334119223897281
0.0171203024155083
