0.155858543436548
-0.0633612245501254
0.000945971994597201
-0.00242434408091284
0.00331064211853204
0.0015386874790232
-0.000743561511977645
0.000847495073618271
-0.00281122358917965
-0.000646259907338037
0.00167694896226166
-0.00256877677482528
0.00385747340932425
-0.000986283521055641
0.000294610373008471
-2.59461728667482e-05
0.000599702159040186
0.000258185821279419
0.000331265060646232
0.00037119670875558
3.11931416817274e-06
0.000333228896058658
3.06687000830565e-05
-0.000274195945987618
0.189242924093687
-0.0759360480209506
0.00122098728719143
-0.00130848670397279
-0.000662228925766191
5.13916963435671e-05
-0.000150818160373758
0.000129113523188255
0.000594465443538395
0.000454874726623935
-0.000469018259474647
1.97116578206138e-05
0.00373568057355433
-0.00130568997981729
6.21068817866631e-05
-3.24334682584489e-08
0.000125036076345779
0.000530950248192768
-0.000152139220684871
-0.0002131736348572
-5.75627068778726e-05
0.000356563398707819
-2.47558180962166e-05
0.206990644168377
-0.0778621752952054
-0.00524543225115106
-0.000268643292163419
0.00073765535491608
0.000408994989215034
0.00159774917551864
0.000834251667641313
-0.000433733949221739
0.00353251880762668
-0.000559304641382214
6.3814390061975e-05
0.00465210162641662
-0.00139381322429527
-0.000120778127720415
-0.000251818820769881
8.5140935901847e-05
6.20486794802471e-05
-0.00024753320864886
-8.19721669714525e-05
-0.000165953805688899
0.000203131861010807
0.237020292596188
-0.0937696174814617
-0.0107318080926374
0.00366388243745184
0.00184974581509529
-0.00158766533751006
0.000374250887016395
0.003474677773628
0.00397047843273267
-3.79957485858348e-05
-0.000364013233306557
-5.39620152019419e-05
0.0050939288333151
-0.0029032108784916
-0.000721545372334922
0.00056954413812827
-0.000222236427170948
0.000394810090808685
0.000111961688028482
0.00039656003553687
0.000899628775871104
0.2451799401912
-0.0787036301473881
-0.0039250578351679
0.00231729595665616
-0.00275401046202972
-0.00138871636775102
-0.00110902399193466
-0.00651846233369427
0.000671906059451408
-0.000536945830347098
-0.0003018153471888
0.000312261776373694
0.00603514230514134
-0.000384693713154628
4.95643929114709e-05
-0.000163267342324725
0.000224010903535908
4.77811963768032e-05
9.9712926563545e-05
-0.000709497222147757
0.205772809947751
-0.0671282054462283
-0.00409591089819466
0.000178989890545601
-0.00087046950570943
-0.00190113465070967
-0.0027939705483908
-0.000121852646052704
0.000180764739561283
-0.000200275697494389
-0.000443053910096956
0.000908229633856572
0.00524311478462441
-0.00124981610094503
0.000271531526685211
-0.000598765484985073
-0.00015669274890339
0.000255780365046405
-0.000886229143552245
0.170657171589366
-0.0708276272620126
-2.57420430023055e-05
-4.1811328083174e-05
0.00239939308131593
0.00324134945273416
-0.00018112778041934
8.9556871147955e-05
-0.000175953092838698
-6.78142561486148e-05
-0.000870663415816631
-0.000101469661032364
0.00542957088960049
-0.00275808730286121
-0.000150911396982068
0.000259677866676798
-0.000429344154232859
0.000607552624689015
0.169857260071831
-0.0687844068519487
-0.0011742384580659
0.000839309354211297
-0.00305721397642069
0.00017405790850023
0.000162913657214125
0.000406340586807418
-0.000272148777346077
0.000180061905185462
-0.000288456503508687
-0.000680578942737527
0.00557519675619961
-0.00178783760218522
-0.000131001340347481
0.00050258428212177
5.10397499527727e-05
0.174726657846392
-0.0664683286596632
-0.00279473506242098
0.0047423822338113
0.000123281062786394
-0.000246449449015766
-6.20780598785564e-06
-5.8778130135234e-05
-0.000294641967563562
-0.000784389544207371
-6.97954630674804e-06
-0.00105123706089997
0.00490741050619838
-0.00178461639234409
-0.00019215886377869
-3.77791407677703e-05
0.193059857217392
-0.0770029200531999
0.0102689576261166
-0.00147698622690559
0.000838949111154278
5.03756856230444e-05
0.000139226478111155
0.000245370316268255
-0.000286542118556123
0.000306898118490066
0.00021506361198642
1.582213867471e-06
0.00529826585979214
-0.0025034412100089
0.00059134807070955
0.193219806937325
-0.0805031588268382
-3.92969157002762e-05
0.000576360696854572
9.25851986528e-05
0.000496370863407034
-0.000342790202445317
0.000232619977256477
0.000738859338382012
0.000250876841829936
-0.000407246029693203
0.00020779116273167
0.00602126574010528
-0.00191637180203175
0.246461748099425
-0.00149303927089149
0.000571929998105769
-0.000341286285053036
-0.000638774892456166
-0.000479054458664635
-0.000989149402936086
-0.000335668028290061
-0.00110790818835751
0.000179033128397099
-0.000943750379269676
-0.00126459792731674
0.00766994926423074
0.0175333567096827
-0.0100120604678448
-0.000807661049055764
-0.000176413390904978
-0.000311940072647183
-0.000220734700012101
-0.000170529179463088
-8.49527631184018e-06
0.000311709363071468
0.000152926813683403
0.000286677717486894
0.000296971207576536
0.0188676422432286
-0.00173041750805882
-0.000296344647739819
-6.76254108901397e-06
0.00024320151827371
0.000283479229285903
-1.78614899482502e-05
-0.000343042177270224
-0.000175300777927463
-0.000169971443763622
-0.000190518391050795
0.0113618334874129
-0.00240146699048833
-0.000330630760378317
-0.000193225819663337
3.15401195047582e-05
0.000119735507707717
-6.12898372768987e-05
-5.64682389788017e-05
0.000164529623491037
-9.32569399044797e-06
0.0127121919919128
-0.00297625236017131
-0.000636089114782887
3.26496370858997e-05
-0.000108015719739297
6.58895746843172e-06
-1.40517269104795e-05
-1.61666390729503e-05
8.95194738912213e-05
0.0132507900354053
-0.0027847153944227
-0.000474679889704841
-0.000128454107987441
-0.000264818465449935
-7.37605342748252e-05
0.000125209087778249
-0.000248231817012976
0.0142038503710282
-0.00346769901299548
-0.000561012421165979
-0.000159672252636578
-5.60105589748894e-05
-0.000106814707335463
-0.000147937097629443
0.0180528923793151
-0.00460408856154904
-0.000710775835652948
0.00013778047283599
4.16753578953192e-05
0.000155973329474584
0.0158865781539975
-0.00384617888874148
-0.000331632132594652
1.43293594463798e-05
3.74347958076111e-05
0.0148250615350533
-0.00386265468561751
-0.000307721092878225
-6.4568271237363e-05
0.0158649059073684
-0.0039589728821366
-0.000442883847166423
0.0161352630235861
-0.00392145083274379
0.0172954672309852
