0.113963377263604
-0.0537790634364957
-0.0022118884462045
1.06403597022116e-05
0.00194137728484726
-0.000747015971190127
4.15229543524168e-05
-0.000763860655688927
-0.000138717106994163
-0.000351184589568586
5.90263742564811e-05
-0.000876461459647762
0.0123685770051712
-0.00271783448062473
-0.00103998570058201
-0.000500082640936146
0.000125094620534513
-0.000300358726501127
7.0827870376184e-05
-4.74644360157089e-05
0.000232864404550109
-5.17381500043378e-05
0.000140411222366028
5.32996134983508e-05
0.1299323619267
-0.0497234953912848
-0.000762927512915867
-0.00214670064030057
-1.88615365677301e-06
-0.000706597461214903
0.00111569672567564
-0.00168415599731621
0.00064097735794464
-0.000471761816416506
0.000477852179764032
-0.00223188075505904
0.0132247738800163
-0.00204090412759122
-0.000667066755045914
-0.000484652779505057
-0.000187546360319078
-0.000351783556565854
-0.000382017931099262
-0.000265986338524918
-8.90505659175936e-05
-7.99298982819265e-05
-0.000156992525189072
0.127567517563449
-0.0541772852364513
-0.00363095742577066
-0.00198511520507929
-0.000173905654517663
-0.000661947404934704
0.000234991810960343
0.000137130510820805
0.000650818568495491
-0.00040622369784803
-0.000833889671376136
-0.00166366751488631
0.0119157168473302
-0.00209500654266794
-0.000569171716941928
-0.00125081418289366
-9.09742309619822e-05
-0.000442699425776041
-0.000303015859885462
-0.000187032164973439
-5.43599489368202e-05
-5.41638032083214e-05
0.144466716728072
-0.0625256327977515
-0.00292919849305768
0.000443889009307725
-0.00110594084419492
0.000698048752340868
-0.000213367821931708
0.000405727708856697
0.00197521798291342
-0.000132858690459792
-0.00136435346754729
-0.00135000815667123
0.0129215887330091
-0.00216849022035943
-0.00101958003011717
-0.000253122264008359
-0.000325452923643095
-0.000262699411936718
-5.49015091650396e-05
-0.00021381527958074
0.000201952012604958
0.144436680392083
-0.0530194940476443
-0.00148937252686623
-4.50148642112841e-05
-0.00133000684951361
-0.000832956013755136
0.000152908115548012
-0.00178348947339553
-0.00070864011683184
0.00030720832502404
-0.00106266435050102
-0.0017334136096709
0.0126524226086746
-0.00141624176993564
-0.000943269080618075
-0.000341350788936703
-0.000323058641710259
7.22332008643067e-05
-0.000169649116314578
-0.000155686460667393
0.128675250785042
-0.0442515604678814
-0.00190523992689814
0.00254644908281812
-0.00169849047173083
-0.000952959016918675
0.000269430119231077
-0.000593667390151545
-0.000249996831966906
-0.000668878981790436
-0.00103875707471547
-0.00123445618845985
0.0143518177287786
-0.00184294042249876
-0.00144841367719332
-1.42929184543525e-05
-0.000181738168930206
0.000240342234667831
-0.000245374160275124
0.109021105840141
-0.0439525018146324
-0.00237671867534153
0.00141861602781381
-0.000171477587033625
0.00110015867229562
-5.21070316253164e-05
-3.99754538047296e-05
-0.000585253015986451
-0.000712724071407215
-0.00104591186536128
-0.00107348982457639
0.0135022556362421
-0.00305784694517517
-0.00117217339617856
-0.000218230915167374
-0.000262231533683948
-0.000231698698859807
0.105579247516062
-0.0405580085571011
-0.00298262778091388
0.00219910771337908
-0.00175788834553103
-0.000185742492402136
0.000470256293070061
6.34252642598592e-05
-0.000602415063896546
-0.000386938258375112
-0.00174525150205307
-0.00193899494902097
0.0131134903140536
-0.00247854197718276
-0.000685911148844858
-0.000227689584276448
-0.00028485102260499
0.107578558046111
-0.0457937572325589
0.0025807001043554
0.0003864625586333
0.000383728871840222
-0.00108425295453066
-0.000477726876383428
-0.000186905132425987
-0.000277715556582999
-0.000405976373561791
-0.00122644095422309
-0.0013613831059375
0.0127535950574569
-0.00183245379585649
-0.000356277555795567
-5.67981712251518e-05
0.118479881468559
-0.0491549774581206
0.00231424646185488
-0.000297736384665161
1.21970505491873e-06
-0.000298817578435157
3.11736087668591e-06
-0.000177374347122149
-6.20365736553472e-05
-0.00019046804861386
-0.00130055420914693
-0.00103287810496415
0.0128609865334718
-0.00269871535516389
-0.000272157212256912
0.10464210235038
-0.0370471054066199
-0.00037076415585355
0.000613514141004947
0.000156722457424335
-1.11489587180424e-05
-5.39514632369513e-05
1.89493914564099e-05
0.000144471475893746
0.000239558510104092
-0.000761353827785729
-0.00131975155714115
0.0129312553725158
-0.00229434663281609
0.103824610541114
0.000399510103788343
-0.000363349088848714
0.000131780622679074
0.000189442050194828
-0.000297628736980501
-0.000277095815753207
-0.000164620697675577
-6.32542484159366e-05
-0.00024491087425804
-0.000758423533883872
-0.00120077255700803
0.0135453083343892
0.0222708024964679
-0.00888845100104601
-0.00153474673689738
-0.00067079945769504
-0.000369670620546447
-0.000484622687855579
-4.65060194671146e-05
7.6428330986689e-05
0.000163652052534343
-1.35334930123258e-05
0.000266134399825147
0.000376865684346871
0.0228700403447839
-0.00226749669690629
-0.0011557080628351
-0.000382645191959113
-0.000155491516015215
-0.000449163016438831
-0.000288689583222003
-0.00048547007379297
-0.000108196527813225
-0.000337603965483619
-0.000442475116338469
0.0163325119986694
-0.00261508865799434
-0.000888519624344369
-0.000996996378025155
-0.000518925878101308
-0.000250998926612376
-0.000295211169801654
-0.000229040949842411
-6.96370745398325e-05
-7.98020747087758e-05
0.0176825900682303
-0.00306757041110518
-0.00123770873553966
-0.00068116838323987
-0.000478558267259783
-0.000252143030112018
-0.000167301038790765
-0.000151803286427342
5.30405044791122e-05
0.0175491995141571
-0.00267602759102865
-0.00110606576555137
-0.000668868059231762
-0.000485891559801124
-0.000169271581222434
-5.70199011384635e-05
-0.000281818485463362
0.0196277747082665
-0.00274329168862044
-0.00188652588076699
-0.000584000715712629
-5.03686591149755e-05
-0.000251856266463624
-0.000144056532291055
0.0190560271489218
-0.00365443314443558
-0.00125716511926761
-0.000442135745640042
-0.000184881948984019
-0.000204654067024555
0.0183775576603539
-0.00317921716484616
-0.0010276312001925
-4.01646195595074e-05
-0.000162357056523009
0.0178528762831678
-0.00294186710976697
-0.000631137537638644
-0.000341674958644653
0.0187431166644704
-0.00327217298501527
-0.000848705550265446
0.0179654949569731
-0.00285761576068718
0.0185170106219909
