0.153139704295107
-0.0626395187703414
-0.00151868897551697
-0.00143679522533263
0.0027409153572684
-0.0016038336139747
0.00197513783221434
-0.00131483662703267
0.00206498723647045
-0.000411124668798816
0.000819931906029469
-0.000744228196949134
0.0106788604915998
-0.00148488752115081
-0.000855101184957557
-0.000796494256759928
0.00012753762603514
-0.000306965337234094
-9.77505674041392e-05
-0.000242063465591539
2.23161945640887e-05
-0.000113480252080188
0.000146742535402824
-0.000187478367498122
0.184421908756232
-0.0662821391423176
-0.000263029528447463
-0.00250368102429153
0.000680824337674102
-0.00112284309222634
0.00183860286031262
-0.00110098391150255
-0.000471119883104569
0.000812284264512504
-0.000874655300395989
-0.00248615084236025
0.0124666800343588
-0.00212974948971218
-0.000769215455924221
-0.000432267872756315
0.000333596364828794
0.00012467041885778
-0.000275357897483804
-0.000183676610151942
-0.00017328701644272
0.000148651095106059
-3.776000983428e-05
0.199346532335099
-0.0726841990094723
-0.00328313335061528
-0.00329989603010475
0.000462100659329623
-0.00153959610913385
0.00149786404554655
0.000757916849716436
-0.000768707184844522
0.00128294169927618
-0.00160784376846629
-0.00121684795113197
0.0116864204512245
-0.0020368076319239
-0.00080259493063293
-0.00105957147917534
-0.000522564731506853
-0.00040709287232661
-0.000125481614263057
-0.00027966077710238
-7.89407572876376e-05
-0.00019683126685696
0.212404199657164
-0.0809195644067141
-0.0028963234532812
0.0003885171428815
-0.000449604542597082
-0.000882709550800439
0.000694396124386172
0.000221006690552902
0.00223083192347692
-0.000365671144759952
-0.00127505788814569
-0.002018654901404
0.0129376991756954
-0.00306425244180587
-0.00110053225681445
0.000120417796867253
-0.000447333180001555
-0.000420959495552452
9.68167569151725e-06
5.22083560367053e-05
0.00032533706411012
0.214136218121466
-0.0712506590558638
-0.00299670796174313
0.000792848097667457
-0.00127310791384214
-0.000323363091143268
0.0009999516053092
-0.00230586528940637
0.000645453506080287
-0.000903184590049698
-0.000796223175349893
-0.00259336969215954
0.0133581805752936
-0.00190915688714819
-0.00085783918668053
-0.000351649327561639
9.65808976118917e-05
-0.000181591917478767
-0.000339789032877588
-0.000450748189814972
0.184414170381837
-0.0559008981288814
-0.00415014955505186
0.00058267768066565
3.46123913134258e-05
-0.0013719656700146
0.000757444837559936
0.000524767342409506
-0.00102601147597888
-0.00120526166721634
-0.00119154347173056
-0.0020270764963549
0.0133864405140738
-0.00195659653220418
-0.00112781947031211
-0.000227185705907263
5.41804163539247e-05
-0.00010143589640696
-0.00055372856983936
0.154126628440581
-0.0553863445697739
-0.00187887976614567
0.00112295347636108
-0.00033562036371238
0.000899372060814313
0.000442470669848923
-0.000537013270364631
-0.000116844899589747
-0.000313112833732586
-0.00124965834223501
-0.00135579143278534
0.0134901611777391
-0.00290616777180809
-0.0010817371361855
-7.63149886142179e-05
-0.000288111041587193
0.000128376080419024
0.14370512264564
-0.0533467998818564
-0.00187669100304554
0.00126836459308034
-0.000495922157200465
0.000177604433986033
0.000403145139314844
-0.000124723686204235
-5.93546208419152e-05
-0.000571270116325901
-0.00114883025719714
-0.00248626130960334
0.0131691448268195
-0.00268111052483283
-0.000701158767135632
0.000245610536791767
-0.000386842884923384
0.141473548583283
-0.0555020338626738
0.00157919335669531
-0.000554442526775928
0.000391881222157123
-0.00113300617663146
-5.08747968384478e-05
-0.000415543606511504
-0.000297287906161051
-0.000739814919430903
-0.00116136237473312
-0.0023877457625246
0.0127582063562506
-0.00225793909647546
-0.000763783040756692
-3.52352439797129e-05
0.141425496538724
-0.0557143197390204
0.000886722548939915
0.000294457383820207
-0.000480176092306493
-6.91031662358923e-05
0.000462803710745122
0.000133211570186764
-8.7719096481304e-05
-0.000255997251173515
-0.000863223607248766
-0.00132795709677114
0.0124453265046648
-0.00254392979071698
-0.000685788190757114
0.134588492302437
-0.0470986260078596
0.000274807402298215
0.000303984718155177
0.000172839395560097
-0.000408503942973847
6.51054054772589e-05
2.82825903717459e-05
0.000587532556296791
0.0002947124071966
-0.000855891293362493
-0.00136717853913811
0.0127289993387403
-0.00212987896219773
0.134309684210945
0.00101521587204279
-0.00101065805879221
-5.97558582618592e-05
0.000457562882707412
-0.00028588059736172
-0.000208878519906551
-0.00039006172798565
2.12452430156383e-05
-8.71213579079798e-05
-0.00100028373512238
-0.00177261186992731
0.0132827608957955
0.0240448606753115
-0.0128262307408553
-0.0015217346085762
-0.000116217870886774
-0.000277152687028763
-2.48914194686175e-05
0.000600855104710668
0.000376811154914211
0.000436448976417071
0.00037028096775722
0.000431896757657649
0.000782995290736691
0.0262912235443255
-0.00218830279187166
-0.00154950789045943
-0.000135991178987034
-0.000502261715535752
-0.000833280269438168
-0.000614953590749822
-0.000705909338784497
-0.000511490578608773
-0.000280024154890774
-0.000861732018615647
0.0155758877807736
-0.00305394623836468
-0.000880293656214893
-0.000750032091040588
-0.000459014301710982
-0.000184217792127448
-0.000143403728328161
-0.000137093177700175
-5.74626644616485e-05
-5.96688919321615e-05
0.0169489506071166
-0.0040050956508861
-0.00101148579664679
-0.000291873001319727
-0.000206843276569801
-0.000157176497576392
-0.000183185799546512
3.55620288658492e-05
2.39559702928469e-05
0.0173756826334717
-0.00331959674919615
-0.00113958692108582
-0.000533857361547763
-0.000288923512679822
-8.47179399156883e-05
-9.9992363355638e-05
-0.000250848383154802
0.0181053969687691
-0.00302983580734862
-0.0013011864510612
-0.000546307278939519
3.46404771881392e-05
-0.000169147453974491
-0.000121516150460269
0.0179586081393996
-0.00394743739888838
-0.00107353325540556
-0.000375289885490982
-6.65133792656109e-05
-0.000103812815534739
0.0173945263715682
-0.00346475283886544
-0.000854277559559888
0.000137952182544767
-0.000168526399986652
0.0169844758710009
-0.00303044592308816
-0.000705525536921349
-0.000175216661605573
0.0169545973082846
-0.00322326734377127
-0.000725806000003345
0.0166911963384327
-0.00319757270323114
0.0177497992456298
