0.272879493490326
-0.0933322260795252
0.000194397087511598
-0.00402413467269508
0.00163597490544939
-0.00255772964969666
0.00213028171024821
0.00163838872428795
-0.00315895813411228
0.0010190883501389
0.00327765306942502
0.00217314254978651
0.00709066284322567
-0.00232324019548092
-0.000379313049428185
9.70504963952196e-05
0.000329549998151938
-0.000626507409783675
-0.000189913237998458
0.000116110435946817
-0.000251393140682557
0.000516710231794561
0.000848658463345879
0.000238047374024103
0.368010615071822
-0.119954197816727
-0.00378879915696669
-0.00355160726129097
0.00534918010773024
-0.00530752522929399
-0.00161158214747526
0.00200271406599636
-0.00176515081949355
0.00110197523470543
9.49759578281245e-07
-0.00103988336491216
0.00758616726466316
-0.00196626288067007
0.000771293006846583
-0.000641984785873686
4.21150399932405e-05
0.00054863282091853
-5.7908614957017e-05
-0.000156749721479694
-0.000149348197301616
-0.000446882880327
-0.000412716922065665
0.42929764235565
-0.140274766659052
-0.0139406649222616
-0.00328684749699944
0.000598655158783679
5.85653394556981e-05
0.00210713520255524
-0.00158472326629334
0.00129274075184981
0.00455121481055597
-0.000611119712518463
-0.0007026458993662
0.00943548517979844
-0.00286733381306343
-0.000101856745024983
-0.0010351501323984
-0.000583900477007672
-0.000412407238934831
-0.000580860831433996
-2.65528930629687e-06
0.000517704573066988
0.00100004787849875
0.511089910894741
-0.173594158193637
-0.0202376359992951
0.0043113638993915
0.00352888547133367
-0.00295740189835569
0.00378609460143594
0.000158929819563568
0.00520966653234394
-0.000818492857299432
-0.000562482732833561
-0.000673910189039065
0.00916624538668908
-0.00627788946856865
-0.00152449719475308
0.00134272077341432
-0.00134604435787554
-0.00028713693871407
0.000682105590219437
0.000340343905870445
-0.000218138435219677
0.511840460661419
-0.134731846459709
-0.00991773302916631
-0.00134138652790922
-0.00260445190574464
-0.00248753869997941
-0.000493415097816436
0.000841087520289701
-0.000824749234247121
-0.00154269824281229
-0.000722421816528862
-0.000881821890575933
0.0134127195744527
-0.00167951560734426
-0.00129235473949043
0.000481519112030445
0.000481757924133173
6.89845421930661e-06
-0.000486529660679139
-0.00132209875193571
0.408522440784533
-0.106615725483746
-0.00671252367911577
0.00269718937362109
0.00143945726653503
-0.00384738902858059
-0.00146273925917763
-9.41154355641471e-05
0.000214001317124215
-0.00155688880313522
-0.00264540710877962
-0.000137463704177099
0.010058993735749
-0.000585400259820219
0.000472737410393634
-0.00125299925910551
-0.000647635145436002
-0.000762053995744437
-5.68560482439325e-05
0.327341695981025
-0.107265529059799
-0.00766197427947646
0.00348613441876989
0.00263413744752459
0.00247006513911044
0.000134144835118219
-0.00151447454406509
-0.000333199669800051
-2.78087906480647e-05
-0.000971490953993828
-0.00156397976054811
0.0130701436021733
-0.00419742704784342
0.00049594580658243
8.66681147234194e-05
-0.000731683997627761
0.000228469305712763
0.292921630614322
-0.0949990927077967
-0.00432766057877537
0.00152236935744951
-0.00448693951900907
1.14671552673252e-05
0.00061033710697157
0.000109984476058148
-0.00028227810469869
-0.00115551566053615
-0.000463135814395727
-0.00209699966192363
0.0118312386245687
-0.00429347528421388
0.0010537348998445
-0.000530444457951758
0.000439506993553024
0.283283808164527
-0.0830309782088874
-0.00219638263316339
0.00243279869974827
-0.000612466025192303
0.000110942334061318
-0.000198556092763797
-1.91483008261025e-05
-0.000253460934616876
-0.000519989050458225
-0.000833541344081446
-0.00223845148421201
0.011323135037515
-0.00344512099425827
0.000424912033244165
-0.00026040746080798
0.266355367404202
-0.0940605520862493
0.00234592586054659
0.000288206083681221
-0.000228084149898336
0.000298057269967773
-0.000427889974324678
-0.00021634450862895
-0.000565377157096229
0.000114743846470608
-0.000243333307528871
-0.00123540009962886
0.011056754666151
-0.00338403927242639
-0.000209389092392249
0.29468709022823
-0.0983646092737265
0.000306896561915175
-8.81775163456201e-05
9.96722627497334e-05
0.000156346668125388
-0.000342431115983175
0.00105570960886842
0.000605710273541162
5.56529472867534e-05
-0.000712069554759853
-0.00070348215085532
0.0123012851255808
-0.00327859538632129
0.37610867907225
-0.000734224001666991
0.000722803892973768
-2.1601115009381e-05
-0.000301800592399778
-0.000451953239879031
-0.00207319510946755
0.0010665029384061
-0.000370729558474153
-0.000816375242635276
-0.00078807167979021
-0.00194172082197643
0.0152660998965201
0.0208697322719678
-0.00878996777125755
-0.000395128481536361
9.98067810116798e-05
-0.000481699958914855
-0.000327679838104688
-0.000203261556245769
-0.000135095085320712
-5.89143296758547e-05
-0.000256368188676269
0.000148541322863078
0.000242765653470998
0.0229155789419061
-0.00501963876185102
-0.00061446126438782
-0.000296738438877402
-0.000125978956724556
-5.89816607680365e-05
0.000198036000424361
1.54404069870991e-06
0.000314762138099464
-4.04650983579244e-05
-7.3089321245439e-05
0.0191105461390129
-0.00546069551020379
-0.000463570533800399
-0.000972565562379493
-5.77545997231042e-05
-0.000196935444812808
-0.000204700430966152
0.000347879225928809
0.000200457015722563
8.59656550624953e-05
0.0228956532506846
-0.00734906903725911
-0.00115550412213442
-8.49458649098263e-05
-0.000189314864410943
-9.55916975226047e-05
-5.54679431784286e-05
0.000189479706384117
0.000308108897906595
0.0253222854568838
-0.00636543491211695
-0.000827650908054415
-0.000269362288694592
8.17955648246333e-05
-0.000348762392171086
0.000141719853686476
-0.000215420763807642
0.0249110548490394
-0.0079485303615789
-1.22225398533215e-05
-3.14575886953707e-06
-2.43132186470353e-05
1.99946976606581e-06
-0.000408277736567456
0.0321346259914735
-0.00996538110423317
-0.00167135310167805
3.59428761377332e-05
-0.000347172040069295
3.48525010080983e-05
0.0272573906349554
-0.00705955760678618
-0.00046024917854549
-0.000162858264605359
6.48709068823347e-05
0.0256331707430754
-0.00669914158608215
-0.000580403996591874
-9.22397723485824e-05
0.0246698026888356
-0.00723557304040169
-0.000354637665664963
0.0267190782450133
-0.00737791746455891
0.0300067395374432
