0.151902519406743
-0.0701768664389412
-0.00291260110130393
-0.00184898755261735
0.00388199809040656
-0.00131369034206621
-0.000198681044055368
-0.000794351335967298
0.000479604158616902
-0.00083312742669229
-0.000126842992137291
0.000128336277791081
0.0186316789836087
-0.00294913500673659
-0.00139924177351259
-0.00128153977407022
4.89690277537945e-05
-0.000360487984998037
-0.000459051778886517
0.000270303365516849
-0.000289359524264666
-0.000489944977884124
8.13770244867446e-05
-0.000118540944831092
0.169338337464343
-0.0552208492937886
-0.00133475666025259
-0.00302968646057265
-0.000295908369949625
-0.00132032253097766
0.000905885748564423
-0.0014715019278121
0.000557262574807064
0.000194076732109843
-0.000843023272465126
-0.00363617144904529
0.0200174090763193
-0.00284893103892663
-0.00179657196189407
-0.000255624682108927
-5.79156649916559e-05
-9.80676620688126e-05
-0.000807956954961757
2.4756708850053e-05
-0.000289341683145047
-1.87083112055275e-05
-7.68416163266338e-05
0.164658547355509
-0.0634583881758351
-0.00288548007333664
-0.00216756255210535
0.000372665614843622
-0.00140647768474858
0.00116124255775634
8.12093270755194e-06
0.000185366564293666
-0.000203716012426192
-0.00205111415848899
-0.00216854215780812
0.0191046093949913
-0.00400218381296613
-0.00100914523211596
-0.0014753025402755
-0.000603617822449105
-0.000557756002064386
-0.000140569560695603
-0.000675642962511002
-0.000655759083260306
0.000278790371998952
0.199504136177796
-0.0798778796258849
-0.00438341221817598
0.000795227994003021
-0.000109935572011659
-0.00180207711552315
0.000628772098135949
-0.000516037897120062
0.00115907444415507
-0.000346980814121051
-0.00281294142608775
-0.00305147628896277
0.0241204255140928
-0.00529032283755705
-0.00155418219243082
-0.000523933404243216
-1.9659581596271e-05
-0.000720345726457643
-0.00033865345013919
-0.000230371724025909
4.01742658933437e-05
0.199347160380821
-0.0656450351982399
-0.00216881592661007
0.000633078548803518
-0.00203992061331329
-0.00161546985690439
0.00159474804864047
-0.00200417576186167
7.26983032406257e-06
-0.00025643498500887
-0.00215552869721929
-0.00411875335074584
0.0224000758006646
-0.00361303533978098
-0.00116620153046928
-0.00087176786494505
-0.000621121708911096
-0.000640223193140554
1.08815726231907e-05
-0.00119952644793587
0.175340667300555
-0.0517061633207775
-0.000876268429961877
0.00617336703157793
-0.00319607173321246
0.00111487602169509
0.00195608953449031
-0.000790201647803896
-0.000708762612368297
-0.00116675088352311
-0.00172823344257992
-0.00341105360925187
0.0229327804048427
-0.00314445458517894
-0.00115859902640911
0.000166595523035615
0.000294165933955956
0.000275102137545599
-0.0003267590540399
0.140296137539959
-0.0511168596584564
-0.00270670635431534
0.00237253025243817
-0.000669407789730299
0.00158833290946631
0.000391448792468822
-0.00100448102800342
-0.000710578554625138
-0.000588171533433801
-0.00234097544949851
-0.00213643269510779
0.0215694948102422
-0.00417164394894624
-0.00144553085186884
-9.15678776063604e-05
-0.000552411185734363
0.000143917759624885
0.140188895183993
-0.0475750860413681
-0.00385312421611069
0.00192488218971602
-0.00282656434752978
-9.50622515406e-05
0.000135287754707962
-9.98980456274928e-05
-0.000620498613803655
-0.000510709304231457
-0.00197157924497368
-0.00270807974490046
0.0204673909133896
-0.00395954902640796
-0.00131506330994714
-0.000156442956181576
-0.000582909281837791
0.144510958317441
-0.0527404155653477
0.00393915510734451
-9.93547436374543e-05
0.00150927813839983
-0.00165569129397762
-0.000606704292779612
-0.000729233505561285
-0.000645978928869154
-0.000383181546860778
-0.00131343262948415
-0.00287862079437176
0.0207143228847271
-0.00293860102764323
-0.000799660348467991
-0.00019197586860796
0.158245258094254
-0.0604707690074441
0.00147141920618626
-0.000574459030323122
-0.000461962904220499
-0.000506217682585231
-0.000249057632145163
-0.000979653309157417
0.00014315217005653
-0.00066273960804766
-0.00172459486428167
-0.00158666374484008
0.0218956583426805
-0.00333998258771538
-0.00104485920385072
0.147747375242071
-0.0416872452354946
0.000981903329861774
-0.000293331073544085
-0.000556384356276809
-0.000303607920726427
-6.02871625034996e-05
0.000132907345526879
0.000576023209721269
0.000274130811576852
-0.00120330575339873
-0.00130470208583168
0.0217103490465911
-0.00373188277165764
0.156129777905567
0.00122495627402041
-0.00126683879757104
-4.08519794854115e-05
0.000206289865052166
-0.000798119482895315
-0.000195768748455144
-0.000291199361993658
0.000170283708519955
-0.000319745163060635
-0.00182890546019305
-0.00173612410038225
0.0253106600982793
0.0373906504389932
-0.0174077465505411
-0.00273596401830207
-0.00151037708333859
-0.000735636956177101
-0.000262373896905917
0.00042328058591019
0.000260971514776291
0.000711913410050012
0.000356227244671671
0.00033492567470821
0.000917393301380584
0.0390783752300096
-0.00248328199625302
-0.00235497244250497
0.000132063470748114
-0.000767235027586957
-0.00135303385240008
-0.0010911604427528
-0.00099773935687231
-0.000830019997507716
-0.000577335483856442
-0.00112900894416198
0.0242067848387228
-0.00430139079326184
-0.0015587880614675
-0.00138806299116442
-0.00099007740579573
-0.000385945945755962
-0.000388171533112374
-0.000788357804554027
-0.000569195973339051
-2.65231655333283e-05
0.02980408576203
-0.0062921918492275
-0.00186264034713533
-0.000812304526563472
-0.000605209968493319
-0.000633358745791214
-0.000439973161271308
-0.000120181875032744
-0.000145156578482694
0.0293528768625475
-0.00535137135149171
-0.00223041885685852
-0.00119284715998789
-0.000646972904420645
-0.000790318028733521
-0.000298990160480065
-0.000582607606053271
0.0290465053283777
-0.0036650106879889
-0.00209592892218169
-0.000775590443554491
0.000399530796543695
-0.000288146778365934
-0.000242065900640074
0.0277836138901676
-0.00467280742669158
-0.00168033643386025
-0.000513427664811027
-0.000178251575594016
-0.000120874835075399
0.0268116996319436
-0.00446928238233785
-0.00157406861356138
-2.89659398879712e-05
-0.000478339822443022
0.0276208191884821
-0.00414031849850521
-0.00116806053720312
-0.00043654440166892
0.0306931900643468
-0.00434313150932101
-0.00175827745617567
0.0290930987104909
-0.00423128614360312
0.0325832130653179
