0.257510551842838
-0.0924600586223524
0.000137454280201818
-0.000343202567877483
0.00305996631448532
0.000568485976809218
-0.00116287109563484
0.00134422802267336
-0.000758315154311478
0.00128193742289551
-0.000995408424416911
-0.000663524209701621
0.0038234860792709
-0.00108583551325419
0.00017974989354035
-0.000206213003207369
4.24204274434399e-05
0.000174985908361586
-0.000178057624678518
-0.000120290866267301
-0.00025653522949582
0.000187620176708963
-9.85814796988211e-05
-0.000294492604635635
0.353421962336993
-0.111566488245165
-0.00223056060409709
0.00174210369126186
0.00125636310390682
0.00162986311194283
-0.000179615664954799
0.000164848190746904
0.000234209618443865
0.000122081141911057
0.00312955081707613
-0.000690158975985063
0.00350876802520575
-0.00112958690041649
-2.45960655985804e-05
8.1934715656493e-05
8.76305057129987e-05
-0.000205360338199371
-0.000194036671455388
-0.000254137442731383
-0.000349053526652632
-0.000255949567943427
0.000216905039845759
0.38639104539201
-0.130385972252469
-0.0124312175806117
-0.00067272214432222
-0.000222852574158899
0.00184675607632371
0.00184749503197143
-0.0012142342403853
0.00102490577966754
0.000429128417555479
-0.00113439341368009
-0.000179657428010124
0.00512860776329546
-0.000534257339051133
0.000101096920125858
-0.00052517818816231
-0.000491983731002188
3.97714996162568e-05
-7.85028509862681e-05
2.73619009630283e-05
6.30611754772585e-06
-1.64188213426398e-05
0.460347555597189
-0.147431434733577
-0.0105641709654675
0.000147266219018419
0.00130914008941432
-0.00166953282858534
0.00198651533607693
0.000686673770261967
0.00135670939918053
-0.000415970763363514
0.000151681088727077
-0.00123831508104366
0.00579864359859812
-0.00217938810514716
-3.29407867856327e-05
0.0010335560160292
-0.000311713872972549
-0.000318048863858168
8.50311782114889e-05
-0.000229865717346174
0.000164135627269229
0.444257957321927
-0.121531445286668
-0.00657220889549977
-0.000697497683994183
-0.00217867077937388
0.00155906027725139
0.000295891235894738
-0.00100471381893714
0.000822797201792959
-0.000945397142454749
-0.000344345130626856
-0.0014313506787956
0.00551096777181974
0.000364308354472259
0.00106646305207086
1.46198969576571e-05
0.000533114854095571
-0.000264010565627724
-0.000375785877977598
-0.000664374149496106
0.348288201425357
-0.092986381577659
-0.00532322158644292
0.0014033914508698
-0.00037914773880819
-3.40178057240543e-05
-0.000209741225106086
0.000717627426261865
-0.00070892939396766
-6.88504866966832e-05
-0.000222877026525729
-0.000491363193220104
0.00521472677425418
5.96244672712003e-05
3.78680251645985e-05
-0.000163028703656569
-0.000179736757583293
0.000471914518377694
8.94303050089016e-05
0.287613752100859
-0.0947875504606117
-0.0043999893965892
0.00103220142143577
0.00217894191576849
0.00180441737660198
-0.000461037421884857
0.000191304563702425
-0.000227965873116654
-0.000164467964656064
-0.000717099249979116
-0.000813134095324758
0.00662944933813799
-0.00216004639182147
-0.000541954919917455
0.000383113919676365
0.000101473627774866
-0.000237471187956417
0.246477674983308
-0.0786833648919467
-0.0031091667821573
0.0017480776741664
-0.00104004703706515
0.000391302810557295
4.48606672244278e-05
0.000306795522708232
-0.000427179447922209
-0.000194581657905266
-0.000652740410140484
-0.00151134918423287
0.00604233131033564
-0.00161892957001693
-0.000247739171904173
0.000153133631321619
-0.000175113238906198
0.230301433365066
-0.0778338194270862
-0.00263196680621835
0.00218291853120458
-0.000248300696745562
-0.000205646057340766
-8.22602886022802e-05
-0.000163297066024705
-0.000451250605589996
-0.000542499942342605
-0.000491659497632401
-0.00150788334522574
0.00525136131527292
-0.00135807910210184
-0.000620796542003217
0.000189786347223191
0.222648417327179
-0.0778520539571274
0.00116702568472338
7.94985148772639e-05
-0.000100300204018519
7.28208754085963e-05
0.000165977236202076
0.000266142398628504
-3.54473313046387e-05
-0.000167758048911245
-0.000186254403538624
-0.000800174450217227
0.00574874423146901
-0.001393286778654
-0.000130495105987921
0.246982688272738
-0.0800272045934245
0.0004032982252316
9.02518392905899e-05
0.000279968600432581
0.000334314431642947
-4.3474538576382e-05
0.000397468992957156
0.000445554984041945
-6.00171338269298e-05
6.00230506039115e-05
-0.000313758705551328
0.00600438106030626
-0.00134639877143257
0.27563333024561
-0.000592275193053597
0.000303257331198207
-0.000307908482929316
1.46649770028687e-05
9.55706839627736e-05
-0.000523697609190574
-0.000179609104363337
-0.000105472274514218
-5.74273344986673e-05
-0.000608779340246284
-0.00113876635622662
0.00737204819427449
0.00955932965882342
-0.00362960051994692
-0.000378071856113068
-0.000167195953878339
-7.60092528350996e-05
9.4945765723977e-05
-0.000119966886533043
1.52582310949358e-05
1.28742420602783e-05
3.40597350896624e-06
2.86980806152858e-05
1.99796297240911e-06
0.0102948527693511
-0.00209747491131414
-0.000234262491888822
-0.000214922817360445
-0.000141273074400209
0.000180345823139354
-0.000102133889326315
-5.30087978640865e-05
-6.62569872791559e-05
0.000102785650664985
4.20767983873252e-05
0.00917501096848596
-0.00237790728171491
-0.000232565705439904
-0.00020459867285364
-0.000147468127546107
3.78435392247803e-05
4.18818085502988e-05
0.000104619140924034
0.000118040071181131
3.67415382753237e-05
0.0104750756973691
-0.0028458337450268
-0.000594017082441299
-4.3869670562443e-05
-6.12073734680302e-05
-2.48955240314243e-05
7.10240972187376e-06
0.000128610729663935
0.000121504099544111
0.0109477339949977
-0.00244163656371009
-0.000370091398220083
-7.34169676685521e-05
-0.000100187356881153
-0.000122149598435639
-4.09691936544129e-05
4.79560625845448e-05
0.01128079877774
-0.00300334255552467
-0.00045884165594193
-9.49754795830873e-05
4.35503385815819e-05
-9.62040672429286e-06
-5.19126422337548e-05
0.013213201231812
-0.0040266594963907
-0.000499098431701928
-0.000130668248202306
-4.99488081975032e-05
2.29799991269803e-05
0.012230398920409
-0.00303955537396934
-0.000183975923144124
-7.44054606231974e-05
-1.60443416555865e-05
0.0112107097510951
-0.00289286912787279
-0.000194255373845014
-9.54588975746591e-05
0.0114349436062052
-0.00310866912943051
-0.000279210817915164
0.0119616769552448
-0.00304722317832781
0.0125798078884448
