0.131421308289088
-0.0555763706939965
-0.000520950990481342
-0.00282138787479086
0.00366694921536765
0.00187328622749598
-0.00128411019785004
-0.000181235782104967
-0.0012832028563276
-0.00203389584368313
0.000371446685877005
-0.00291041497890885
0.00453829075439271
-0.000368776811821419
2.54280432552229e-05
6.71278650273686e-05
0.000836304703949041
0.000599627046993149
0.00029790054051697
5.83177970893831e-05
-0.000137448078184752
-9.26081689297909e-05
3.37666246886045e-05
-0.000635753534107087
0.153700352362437
-0.0640572016181157
0.000906505120371015
-0.001528812657932
-0.000152061299501865
-0.00114360531669975
-2.41063284595333e-06
0.000193637480088832
0.00161090254173941
0.000335336820628311
-0.000399393165532365
-0.000648500934954588
0.00597472862380514
-0.00148805783766592
5.73651254349761e-05
-0.000229922143390274
0.000118456307351432
7.77214161985716e-05
0.000193335171437003
-8.45764155116947e-05
3.90440486174951e-05
8.85052411580296e-05
0.000144375975541744
0.171391871293349
-0.070155537094977
-0.00357847811893243
-0.00107063748522769
0.0032464496990374
-0.00148369332016539
0.00215568415272574
0.00189780312867087
-0.000648352837862079
0.00381144447079315
-0.000633089614858452
-0.000211061377958049
0.00580586740194482
-0.00182963208863214
-0.000181987002827046
-0.000307030225849055
0.000408019069834034
-0.000466960695728231
-0.000211584060091558
5.15900787701807e-05
-0.000105739177858896
0.000340439404987615
0.204884890747896
-0.0815073166781417
-0.0108713336891468
0.00311676760153027
0.00208352495564275
-0.00158041663700406
0.00144391809653796
0.00269790551515426
0.0054989306851937
0.000126985216442924
-0.000579129247956248
-2.35655083147912e-05
0.00603169892856195
-0.00314117780167549
-0.00111399743992527
0.000413121719574045
1.50993471125444e-05
0.000192656759069036
0.000304416046824262
0.00032753838415237
0.000836754467857248
0.20896018384912
-0.0704652376274315
-0.00543644584992307
0.00511471213211329
-0.00406353059466135
-0.00319743972164144
-0.000692499788778143
-0.0067700827004615
-4.67447112919352e-05
0.000563529817089784
-0.000345456242152285
0.000339923929013878
0.00730168025366237
-0.000429893891994793
-0.000743636839052253
0.000119821691212182
-0.000317582957416291
6.34660013037327e-05
-7.30841067929157e-05
-0.00111013974581646
0.192435811021751
-0.0683574600207713
-0.00449209021318936
-0.000371830748304393
-0.00414491940059821
-0.00056225628163837
-0.00507739908003791
7.01259623006068e-05
-2.42599067912921e-05
-1.20867912307732e-05
-0.000325594493503632
0.000998375958174001
0.00636923595205855
-0.00105983020904627
-0.000150952246298013
-0.000231976353883908
-0.000375347967112618
0.000342772811021565
-0.00143931415153333
0.174375166960561
-0.0729319355300921
0.00261622141858791
0.00202556949973975
0.00125605013195651
0.00412879616743228
-0.000283582497803331
-0.000112811111960146
-0.000137078933610231
-8.57089396404041e-05
-0.0011304235403318
-0.000262349221892525
0.00646569061590662
-0.00306570320322119
-1.73705986743169e-05
0.000310554096724038
-0.000468801057385693
0.00118785452638532
0.183565177019206
-0.0749514887902682
-0.00147058065219153
0.00110464495056578
-0.00359488999931599
0.000186425173846916
0.000288326172965858
0.000399587939084074
-0.000378536489248081
0.000596967403925459
-0.000427239937426085
-0.00124816982695662
0.00695804941050336
-0.00249609032985739
-0.000182134063256864
0.000222605209728364
-0.000173851500455201
0.184347777415204
-0.0651871019865957
-0.00278808596136579
0.00748961427131703
0.000397111088244535
-0.000578370780543851
-0.00018119691505731
0.000206320682215539
-0.000223302810571194
-0.000704843935815651
0.000608443666247019
-0.00149016056251056
0.00640188257804384
-0.00223191291434394
-4.4253279009229e-05
0.000331893015812255
0.217613873474728
-0.0825558825790906
0.0153346283510411
-0.00171116814435984
0.000665448296489735
-0.000119471282981071
0.000163796457694674
-0.000573726841225787
8.907952389389e-05
0.000340784463373843
0.000106617206165112
9.30054477593571e-05
0.00685204406467188
-0.00371401879130914
0.00108977214873591
0.204144713979981
-0.0824912640236238
-0.000259679727859876
0.00104009672734345
0.000141002967859676
0.000268424097083165
0.00032049155375575
0.000261346863787027
0.000350760878110012
0.000489836896684082
-0.000278794064952972
0.000506768560537249
0.00702712396870604
-0.00201983973518092
0.267444692343053
0.000360137084555548
-0.00115830423561874
-8.41643844995633e-05
-0.000301554208992847
-0.000914233323430482
-0.000605468078502504
0.000129317994371856
-0.00106368810216908
0.000691494634329056
-0.000635766930212991
-0.00140568142979635
0.00956234619767675
0.0202933375936086
-0.0116826940488068
-0.00112573744970014
-0.00036320441445341
-0.000357445198326322
-0.000496635557034606
-0.000282754709786126
-5.73185183197075e-05
5.3968231823751e-05
3.80490977601556e-05
0.000166322036989798
0.000340048977041379
0.0224320344784547
-0.00146072820977227
-0.000468102431911674
4.58268981190934e-05
0.000482267660595138
0.000152279838441787
1.34339533212163e-05
-0.000238397424304057
-0.000187567044458089
-9.02384414621559e-05
-0.000348526790425664
0.0125027965229131
-0.00228301693266507
-0.000423002116292682
-0.000276177870357745
-0.0001106198351191
5.04388843947681e-05
-0.000219951389386165
-6.8251035368981e-05
0.000101494067377155
-3.70889905603694e-06
0.0135533556217307
-0.00278445966562858
-0.000648203110936091
-0.000126900635748571
-0.000172428491391803
-8.04482530773068e-05
-5.38925061798589e-05
-1.89273978422772e-05
-5.38909821430641e-05
0.0140938913355981
-0.00242281075710195
-0.000623236491343892
-0.00014145269234394
-0.000303050597564142
-0.000138946170915371
3.17806390558377e-05
-0.000272255821005104
0.0148067436144784
-0.00301306984560595
-0.000701108794406916
-0.00025039541199839
-7.47745089776831e-05
-0.00015625280216964
-0.000121855912081808
0.0173615012340965
-0.00429875512532532
-0.000780047202578304
7.20565454676784e-05
-0.000165625160985225
5.11692902479085e-05
0.0161792022753382
-0.00388483608894897
-0.000478864650964231
-2.12849005346055e-05
-2.32931275344833e-05
0.0153543842208496
-0.00356789813727573
-0.000353789175147889
-0.000238155161977928
0.0164823070268459
-0.00378579932847998
-0.000326765058252259
0.0164973938743755
-0.00380854566936557
0.0177072340216762
