0.205643358383899
-0.0786875449202539
0.00117897222206856
-0.0029787614512645
0.00258606596553025
0.00145465807903183
-0.000222645877296514
0.00047714727500037
-0.00018088062548972
-0.000328343845526315
0.00268760654207462
-0.00169065244317582
0.00467052958866257
-0.00128063485717317
0.000145872019949046
0.000204206658512186
0.000352698280974655
0.000128767886699617
0.00027733550150151
0.000143461294393545
0.000147604451722616
0.000206708219241045
0.000244901944066458
-0.000370206555578003
0.267191925205371
-0.098461000120635
0.000822211318816241
-0.000458780905037291
0.00119130753336923
-2.39828913922493e-05
0.000320340059153714
6.14094165642353e-05
0.00112720923700656
0.00104299236898328
0.000483017927333847
0.000333200534653309
0.00398706501525146
-0.0012477859573341
0.000128908815808813
9.86176672090601e-05
0.000169662715906908
0.000423138778541144
7.32342224180539e-05
-0.000191114437953574
-0.000100042990509133
0.00027815627037728
0.000224383554276786
0.296750781352675
-0.10621812457203
-0.0081078022075069
-0.00139018488648892
0.00187085525470482
-0.0010457209147361
0.00135561420045061
0.000311291059064177
-0.000305965576624036
0.00154349895571598
-0.000351929199988123
-0.000241899044227957
0.00509700694250824
-0.00126695064489515
-0.000244462104045748
-0.000491977923742791
9.13290833645297e-05
-0.000224542881170092
-5.42465955760319e-06
0.000181208769002208
0.000273919148631423
8.31034507735383e-05
0.343848594504161
-0.124109355149933
-0.0130286844850327
0.00271834475594319
0.000984211849539815
-0.0011741366957738
0.000306114545793944
0.00180415838499835
0.00351015610624113
-0.000241874536883155
-0.000484786576613839
-6.13731425329459e-05
0.00525051884428065
-0.002593718323208
-0.000301452139380039
0.00053585984176766
-0.000414420757432138
0.000301835222805815
0.000125773910907847
2.99482052002675e-05
0.000696809077408895
0.3462862721326
-0.108431967016425
-0.00743288041178615
0.0026935369017496
-0.00280380230074247
0.000237051253281901
0.000161256708028171
-0.00379926911633786
0.000584962267378519
-0.000443549521582755
-0.00016114127207393
-0.000163865669945033
0.00647850689549996
-0.000456155363811251
0.000243004029596267
9.40596433630684e-05
0.000111011080388033
6.69101981262457e-05
-0.000120628114093634
-0.000567284821540119
0.303624702156428
-0.0957335125811994
-0.00597685885124999
0.000212485064160583
-0.000314493793129254
-0.00064722350779755
-0.00188507768457248
5.07581975009572e-05
-0.000171351338578706
-0.000154870893352359
-0.000565409688990285
0.000789968092847134
0.00549682115059368
-0.00123000563508051
0.00046824294500431
-0.000329771128969175
-0.000370789939688036
-8.94415101112022e-06
-0.000319530119114688
0.26797950283363
-0.0963446475260987
-0.00270607533340713
0.000665035868157485
0.0020598718272062
0.0032754345473375
-0.000294086356428116
0.000420538635978925
-0.000209812408474941
-7.17237075823435e-05
-0.000928783863074403
-0.000427311194512224
0.00630058845813026
-0.00268665311451618
1.3277172148153e-05
0.000301469783258688
-6.09556298635377e-05
0.000500652182614271
0.244887744745722
-0.0858017030329217
-0.002709750460683
-0.000183266848206397
-0.000581074975058945
0.000394334918039661
0.000268851176150389
0.000155590210912093
-0.000214927454083426
0.000285467102822863
-0.00014351746823198
-0.000945191566142666
0.00601437505348507
-0.00226501808995
-0.000230315914185582
0.000301713131987737
-0.000157880130218025
0.2371717530756
-0.0793875633536978
-0.00329311588481326
0.00351837195505342
-0.000207655992073825
-0.000154772914014312
8.5072837497087e-05
5.75074221098495e-06
-0.000671304047148167
-0.000717209367944058
-0.000315491105951032
-0.00124263794853436
0.00524126152779093
-0.00192326596324957
-0.000387595467920215
-7.45932728606009e-05
0.236563923792321
-0.0860343862594802
0.00553700009002602
-0.000916314739613972
0.000628298794607581
0.000194050058386145
7.56014676165151e-05
0.000230754746571235
-0.000112475755552002
0.000588703072678714
-0.000168367222811533
2.75128806824491e-05
0.00570889642428921
-0.0021362891333483
-2.97976222761794e-05
0.244634935253626
-0.0862461428994082
0.000649329400871018
0.000203419432098535
0.000207299172821294
0.0003747504452518
3.63800982117615e-05
0.000537027987889383
0.000654393962715692
0.000340707820015336
-0.000274662752095726
0.000505257415705563
0.00627706473760247
-0.00168342905417468
0.297928962002798
-0.00132564458936081
0.000577661958816528
-0.000238499184465527
-0.000369526515973724
-0.000250924885382418
-0.000627285330337566
-0.000181084589077635
-0.000707174922689764
-1.08744037849215e-05
-0.000912493464697398
-0.00135037134438843
0.00795823511303558
0.0180960184116611
-0.0092084826910809
-0.000538991006194845
-0.000131090676886309
-0.000137673794813222
-0.000110732542954667
-4.98558084410223e-05
0.000108373208604814
0.000157383432621768
0.000193484220137519
0.000226251033533217
0.000250867230575122
0.0193637023885319
-0.00222421608634846
-0.000290091450612131
-0.000218874655866817
0.000158927380998238
0.000197841908137652
-0.000146313633723459
-0.000165771010874594
-0.000215158319419517
-0.000160031697981016
-0.000225511190941637
0.0125956619113809
-0.0026218404195515
-0.00039576891604129
-0.000261533079844945
3.50019095317881e-05
5.55532804970986e-05
-9.75337774720166e-05
5.66758787793326e-05
0.000160070533653567
6.10480644937812e-05
0.013979466880005
-0.00339578130595976
-0.00062291696123331
9.59169476781226e-07
-0.000132882436513475
-2.75004149138326e-06
-1.88137031536583e-05
3.19035951376819e-05
0.000157612635381429
0.0146519700389719
-0.00307318658086129
-0.000481654011805154
-7.38028053880329e-05
-0.000168582291020277
-4.13942355933266e-05
3.33016501388286e-05
-0.000147338341219493
0.0151279024872003
-0.00372699139409861
-0.000461015707037737
-8.99008610524554e-05
-6.46473042797617e-05
-6.22418512212737e-05
-0.000196794818065677
0.0185735926121464
-0.0048700282644258
-0.000738298566669577
9.11688626731886e-05
1.73414689813803e-05
0.000158657660415596
0.0163811052941356
-0.00399655036461003
-0.000273484439956025
-6.15792954080565e-05
2.9851715790477e-05
0.0152621267909736
-0.00389683137728765
-0.000298594021221023
-0.000118453965308387
0.0158539742946598
-0.00408024717268992
-0.000328561573430712
0.0162531438645187
-0.00405515641939718
0.017390149700014
