0.16623411547628
-0.062599042241618
0.000694470191429722
-0.000788407264141796
0.00101894601429751
9.90187907507211e-05
-3.64071976541809e-05
-0.000186702589070819
-0.000236820438898995
-0.000104880755253332
0.000126093961821151
4.78928405662735e-05
0.00334256199429789
-0.0009450615593393
-1.39726079037043e-05
-8.61772573029768e-05
-6.88503559193351e-05
9.53024101906309e-05
-9.26638105878148e-05
-8.3566105881914e-05
-0.000159044033003312
-0.0001469918636403
8.59449467527728e-05
-0.000157397404324951
0.226846143615796
-0.0778916606071176
0.00118715085116908
-0.000695635410443673
-0.00116306114137845
0.00249366242280557
-0.00018072370191094
-0.00122595826763068
0.00177089200398802
-6.44317874694707e-05
-0.000299031452796809
-0.000257776850841005
0.00271911100312966
-0.00103763159374785
-0.000315313581096549
-2.59053151631393e-05
-0.000243019389257699
-0.000177293145190094
-0.000141887950847132
5.79132052174453e-05
0.000237179612344441
-0.000304226312507919
0.000141217416040026
0.246361457269658
-0.0863805906810653
-0.0065520166446426
7.10983478648365e-05
-0.000853078054150605
-0.000166999454035915
0.00202555255294133
-6.27207798639949e-05
0.000758771943977851
0.000903936782464863
-0.000151593458291755
-0.00123372447707604
0.00345260403900608
-0.000293507912340813
-0.000330190484615148
-0.000404343325296019
-0.000325787780097584
-2.26646242482948e-05
-0.000129128675841681
-0.000159781355789258
0.000124451140950323
5.23642064988209e-06
0.289310098974559
-0.0956146477593635
-0.00557399425415947
-8.76345717188055e-05
0.000471230664220337
-0.000458331563416224
0.000161416511720888
0.0015881741075591
-0.000979431458792131
-0.000296003275849878
-0.000374024907886007
-0.00101099167591774
0.00370986101876345
-0.000715916078297592
-0.000432685215052113
0.000244986767954201
-0.000378323254297209
4.59810648426707e-05
-0.000113048009886529
-0.000517411981622419
0.000109390412634905
0.280286415428275
-0.0783158349792949
-0.00168602588106574
-0.00131346850840031
-0.00235592774967407
-3.18406031919635e-05
-0.000224675214574918
0.000451285766899235
0.000335819406964485
-0.000359609571939794
-0.000484380871118711
-0.00119570420070969
0.0028229562764898
-1.22023855870792e-05
6.17887306014582e-05
-0.000431740841533027
-8.58779593341329e-05
-0.000293861652762604
0.000110754478802642
-0.000235313436639141
0.220680871903992
-0.0580367075087085
-0.00269790983710969
0.000596508885831189
-0.000724654636938346
-0.000871418244451251
0.000791845551027415
9.46906593066517e-05
-0.000115236934905927
-0.000240225603521139
-0.000171904428604993
-0.000904718428429636
0.00337011681299139
-0.000488031735808875
-0.000356694705366543
-0.000171136510967187
-0.000165740708015786
-0.000248508083822035
-8.61038442528763e-05
0.182460701528407
-0.0646493514291173
-0.00190253182678261
0.000539242599768264
0.00117685147842278
0.000358518035072283
-0.000210594368205482
0.000395808344954426
2.06740401295007e-05
-0.000536090522532535
-0.000224222371848364
-0.000690223508285839
0.00364883494987934
-0.00119821343071969
-0.000340109431097219
0.00017655329201362
-0.000124382624769535
-0.00034049556627509
0.1654491544899
-0.0568179846520205
-0.000665410272137193
-0.000607484982633547
-0.000638006920164405
0.000149450504753015
-8.44264291509973e-05
0.000205662076748741
0.000107349643577652
-0.000101466376168642
-0.00055685233634724
-0.000961346412430893
0.00342110125777584
-0.00102251380366566
-0.000191679394478635
-0.00011017362375983
0.000184965571938101
0.155708837507271
-0.0599492762798497
0.00075938890517305
0.000326528060487514
-0.000106716547353741
-0.000195281189695132
-5.00837539120845e-05
2.7894987027225e-05
-0.000109312495381584
-0.000439418742825975
-0.000596710388301411
-0.000881046631071719
0.0032208506697472
-0.00107524908468013
-0.000297721261803299
8.12159027882581e-05
0.165274481629454
-0.0556892541770109
0.00163144778480129
0.000208312484309709
-4.90672270051223e-05
0.000237600578925589
-2.78730749312384e-06
0.000167035761943342
2.1358230493865e-06
0.000110369460732761
-0.000169375900741103
-0.000734824658924067
0.00365119812730863
-0.00124576908184234
6.60828604551259e-05
0.132479631053835
-0.0500671043322781
0.000368169147976028
-0.00038232496023707
4.90750512057794e-05
0.000259613857146339
-3.23796127550538e-05
0.000226649772398796
0.000119610274313948
9.67020189574353e-05
-0.000102678647087825
-0.000534709645051033
0.00409126481163871
-0.0011325431739784
0.127158755076185
2.98953320119397e-05
-0.000201806931139503
-2.3431833675238e-05
-3.38782006663635e-05
0.000178120179809096
-0.000276677970486495
-0.000154638769992304
-8.05480577822245e-05
-0.00011616097718327
-0.000264776162055542
-0.000946988403329007
0.00420494218583809
0.0105903798641422
-0.00689155604006791
-0.000334204205583597
0.000284407459121342
0.000167446335545252
5.09824565645943e-05
-6.31593108613548e-05
0.000233174629616636
0.000176230749989361
0.000248193409764641
0.000218545622994723
0.000567312266782453
0.0106680033974668
-0.00136395431701651
-0.000688774307409284
-0.00033504912901284
-0.000127416586440091
4.58012575787908e-05
-0.000282527858917067
-0.000225230676434796
-0.000286941501377318
-0.000240169092946732
-0.000520628132940875
0.0053026349307292
-0.00146505843494924
-0.000293496792964672
-0.00019008491261602
-0.000101328997454503
3.28968081254877e-06
-5.16445146340669e-06
-2.66445043808269e-06
-5.94084537961417e-06
-4.77831115202327e-05
0.00575434384073613
-0.0016031264686784
-0.000345329319752055
-0.000159905128183535
-1.7550334234569e-05
1.16487563952803e-05
-1.11722316779002e-05
6.89242351949801e-05
4.51245433513787e-05
0.0056514715219047
-0.00143879854134347
-0.00029475855953764
-7.63438287794677e-05
-6.019538794365e-05
-5.42108664083858e-05
-9.9666578662723e-06
9.98910021325428e-05
0.00625588196297849
-0.00163740104183872
-0.00050341286800556
-0.000143247256705317
-2.32713859125571e-06
-4.41525607426612e-05
-3.94733959494045e-05
0.00651158552663468
-0.00189573283153798
-0.000412753391539658
-2.67991778211707e-05
-7.14326611594144e-05
-7.84765446911461e-05
0.00596958870069737
-0.0015541294629399
-0.000233412815446341
6.15794017778278e-05
4.84806548625945e-05
0.00571798483937865
-0.00155727869704614
-0.000194634068966538
-1.45985372229352e-06
0.00601244291839644
-0.00162678838232233
-0.000112421555639504
0.00606131341959939
-0.00166552958177065
0.00652318578822342
