0.173515613452817
-0.0651322148130203
-8.53613329417506e-05
0.00135747426411598
-0.000743330864000151
-0.000550246505769258
0.000930798151059143
-0.000411936620932801
-0.000220666376666872
-2.17269122888625e-06
0.000196516495730996
-0.00144106593441276
0.00326399304921058
-0.0011122548712331
2.32980066780731e-05
-0.00020457956443544
-6.68228546400951e-05
-0.000148147212716875
-0.000201224423987663
8.04108517488337e-05
-0.000256844245932989
-2.72858319231035e-05
0.000221721727073669
-0.000225226417999876
0.239498568908041
-0.0800741999353784
-0.00199858162944608
0.00163271710241092
0.00115492564548665
-0.000451274600513484
0.000110016289120058
-0.000914675213565923
0.00166420052578484
-0.000480313227333537
0.00234850680126064
4.39560637795937e-05
0.00155061547192438
-0.000791452544826112
0.000267490117613479
5.59080845985182e-05
-0.000332286796881239
-0.000300521275513467
-7.37365506379042e-05
-3.50042396281464e-05
0.000325283370822758
-0.000108318763706409
0.000227071989533769
0.259875116823934
-0.0847902826141618
-0.00807790832590171
-0.000720301552998573
0.00151574099260899
5.78003057212073e-05
0.00197749427908595
-0.00167225546749569
0.00084476986978693
-0.000305507751856795
0.000148457061563154
-0.001153726739682
0.00258102975322209
-0.00089351541673206
-0.000311199479317954
-0.000161711587235075
-0.000394849312831242
1.964501666237e-05
7.56443058873171e-05
-0.000227099291752356
0.000221545403287101
0.000219376061619775
0.278218131186308
-0.0967617379478264
-0.00645953621396662
-0.000443548506604906
0.000162387705258797
0.000214885471541588
0.00116581869112607
-0.000717963654247989
0.00299118400378358
-0.000245729201173272
-0.000192349058566954
-0.000576238514613124
0.00313105454864241
-0.000866671609106406
-0.000155557281431283
0.00012413900995589
-0.000262844920924598
-3.93329951486617e-05
-5.43861396764538e-06
0.000163172042029067
-9.8967321699494e-05
0.277352570895449
-0.0806714482450282
-0.00467693290742515
-0.00109698816274433
-0.00192881715521822
0.000164715177375446
0.000117744236621821
-0.00088255217694827
0.000420081610816118
-0.000518818841789287
-0.000453987702255622
-0.000840141243887878
0.00274799695679194
-0.000468288086403993
0.000268440558567267
-8.80109415409609e-05
-0.000135569483217547
-6.89949580627122e-05
-0.000115423319379708
-3.18062788874908e-05
0.225299240760563
-0.064621102541201
-0.00231972400326339
5.62627764388981e-05
-0.000445524968534229
-0.000909580339358946
-0.000676610368128741
0.000184421864582141
-0.000214043274127538
-5.78502625227585e-05
-0.000308686054753437
-0.000424058778606993
0.00304627843980113
-0.000348925560758593
-0.000444469680816809
-0.000111413656637329
-0.000135970735889301
-0.000264560969889903
-0.000145909989716203
0.199546294388382
-0.0693175029634035
-0.00134648850213954
0.000766872200596026
0.00099179930155376
0.000995662144440509
-1.63498220193154e-05
-6.2833307285024e-05
-0.000187184027745465
-3.34641927738881e-05
-0.00047673174392282
-0.000675297016473128
0.00341962569906283
-0.000965274918464844
-0.000143926345426437
0.000113854455533006
-0.000125556991184941
-1.45157409417445e-05
0.17569322309357
-0.0643836300633772
-0.00049948021693311
-0.00108677737973329
-0.00031660060281229
0.000278522417594213
-4.349455657858e-06
-0.000142056514527649
0.00010022321065691
-7.46887335586497e-05
-0.000324199873360298
-0.00096086595148247
0.00316848906100963
-0.0011499030921041
3.26835474456759e-05
-0.000175438310974954
2.38913692593491e-05
0.16759351836084
-0.0652996344261712
-0.00135863754927266
0.00146315648619666
-0.000182995682797752
-0.000152093667330188
0.000232493615410385
-0.000232209628348949
-0.000176225122663338
-0.000398297574760549
-0.00032917290102295
-0.000951947971030382
0.00271367604808029
-0.00127616832265703
-0.000109694907295542
5.22785082850058e-05
0.180044277441392
-0.0618580307457271
0.00124690362454218
-0.000286109210401086
0.000371479877321045
1.36391679482009e-05
0.000162497191538602
-5.33424261040799e-06
0.000213199013180438
7.71920997733887e-05
-7.65151831737884e-05
-0.000503142289640978
0.00324126843801311
-0.00112791184500898
-9.67392760114121e-05
0.154539882524479
-0.0572205207035882
0.000198218700194228
-0.000205531498531927
0.000203195820396794
-6.88377861714181e-06
0.000248098325571079
1.98309240269053e-05
0.000297127064936384
1.2671766727674e-05
-4.94127420290377e-07
-0.000387615557075883
0.00371168800298461
-0.00082086147162953
0.149127151015898
0.000160518520509448
-0.000274777579198041
-0.000112945475914407
0.000147933990010746
-0.000160516122981621
-0.00016561581597659
-0.000212132530916394
-0.000117079425709422
3.9715549731253e-06
-0.000331329801223824
-0.00105419941410975
0.00369921004556825
0.00979412082203174
-0.00623691172812653
-0.000321155826560447
0.00016920504685324
8.10939279027339e-05
6.72787693633639e-05
-2.9586181114085e-05
9.11368285076366e-05
0.000196790987666814
0.000216193285343198
0.000170329147211117
0.000467699151191473
0.00948306373771658
-0.00134003153325957
-0.000490325673918501
-0.000246508212270639
-0.000140633281592189
7.01933973896987e-06
-0.000142816381620316
-0.000252978196450802
-0.000240934047605524
-0.000114567067588844
-0.00042811633128642
0.00505364320005043
-0.0014881737788252
-0.000201320030238098
-7.99209939450608e-05
-0.000104398872336357
-4.87550933180967e-05
8.82549132216262e-06
3.10559220583452e-06
-1.21346466305343e-05
3.31482073855521e-05
0.00545056194816901
-0.0016147049247997
-0.000342808750898437
-7.28036594264859e-05
-1.30295368241801e-05
-2.93877957250169e-05
1.34533740870561e-05
6.9423713589836e-05
3.67678920372311e-05
0.00543812068030346
-0.00153820766222923
-0.000240484294917443
-0.00010426652605616
-7.08875529953188e-05
1.03341698174563e-06
-2.74523681391581e-05
2.02289501879871e-05
0.00608328563806555
-0.0016733178764217
-0.000433500845120092
-9.79249774619179e-05
-4.50195142458526e-05
7.34372073563288e-06
-8.92822518855759e-05
0.00655349571701375
-0.00207248281232112
-0.000281638989145955
2.08627342079907e-05
-5.83526289440991e-05
-2.40123808709354e-05
0.00598601756126294
-0.00172868314468084
-0.00014334059560536
1.10610541679811e-05
5.95209718897152e-05
0.00578081669714267
-0.00169521022159412
-0.000164386656520585
5.53601715754447e-05
0.00606479303155024
-0.00175202500396046
-0.000100623917204826
0.00612609216913656
-0.0016922420135866
0.00662089848086486
