0.118296915397724
-0.0495633848151408
-0.00145204060470557
0.000615423739802034
0.000708477832268672
-0.000661488436023087
-0.000234494649029764
0.000281981734929724
-0.000297872865829989
0.000731230651508366
1.91359781638829e-05
-0.000307535833172402
0.00550070027865214
0.000150029302472114
-0.000711538524002004
-0.000449478126943648
-0.000254959991933952
-0.000238325534574521
0.000182791412043651
-0.000234219043316736
-0.000374208044428698
-4.75508825280561e-05
8.55585620018383e-05
0.000219072945654643
0.139400007999932
-0.0474019337712948
-0.00124938911407884
-0.00309318134515886
0.000451873964868343
0.000515212823569808
-0.000260427263892284
-3.07468432070749e-06
-0.00129128749210047
0.000113969161205165
0.000188053768103423
-0.00100207333348589
0.00634395613792306
-0.000889143545807317
-0.000550834885262818
-0.000558126669284206
-3.05337661463351e-05
-2.74696975451175e-05
-2.06922123998881e-05
3.4748413602042e-05
-5.01648974920511e-05
0.000155961938694775
-0.000237595050555573
0.157098780768616
-0.0580211752397053
-0.00206189315365367
-0.00195976938350082
-0.00164834374845319
0.00105022963063688
0.000202782149313497
0.000629273761620974
0.00022211593760154
-2.55628932880995e-06
-0.00115941612410336
-0.000822696571724935
0.00658910500663759
-0.00111169042547843
-0.000391571333838602
-0.000767215636062005
-0.00036149534171337
-0.000153456496765768
-0.000386674228073935
-0.000272214487994332
-0.000251786320787993
-0.000116114041812962
0.195879944314069
-0.0689365433942398
-0.00131070407623197
0.000166265877761022
-0.00109750169738773
-0.00055559881455595
0.000318263542867386
-0.000152988735598115
0.00102800335002025
-0.00030056367396341
-0.000498898130223151
-0.00129445881142686
0.0068044000654462
-0.00160674895702048
-0.000532844783372424
-0.00017732736750389
-0.000243528324039531
-0.000360273240013865
-0.000194669735717874
2.26120206532846e-05
-0.000288203814012902
0.20029169681508
-0.0571303018948585
-0.00144529040099196
-0.000649445294505985
-0.00125535539530556
-7.091953685933e-05
-0.000308422064149474
-0.000580015253941182
0.000263486578985693
-0.000542165761274973
-0.000441298917126307
-0.00189928341626048
0.0061821486039004
-0.00134067100709427
-0.000231341528366447
-0.000267004273024977
-0.000282556199601422
-0.000104150259366598
-0.00046215939064184
-0.000107014215842011
0.158513250350045
-0.0398271885280172
-0.000954021946294271
0.000174052910815989
-0.00237380495952676
0.000363617479714886
0.00142961127140737
-0.00019860081396188
3.30804811918835e-05
-0.000508606626389571
-0.000397191080721827
-0.00197911221369023
0.00663770884346968
-0.00121745579913561
-0.000709035844061034
-5.86647339234437e-05
-0.000169233877317822
-0.000346794071626274
-0.000292464870940114
0.119289031640752
-0.0426342791230867
-0.00136871988651757
0.00178150820826711
-0.00119805515084021
0.000438191930086256
7.8095038441659e-06
-0.00015227988797633
-0.000190418560561912
-0.000193801204755068
-0.000405483147278606
-0.00162156100168396
0.0064457775658901
-0.00156285711582399
-0.000487576004123039
-0.000290403159219299
-0.000180782868925919
-0.000133641666971574
0.115521634597358
-0.0373035896751164
-0.00270230613334849
0.00121983159254935
-0.00117637455648393
-0.000116057011060055
0.00022745883184578
9.16213134405767e-05
1.2828437795381e-05
-0.000356908170218181
-0.000547931048902171
-0.00158156614731668
0.00618479057220585
-0.00163127784062782
-0.000419594247957278
-0.000118661021872204
-0.000152738143461751
0.114929022415121
-0.046756161074005
0.00392520512199341
-0.00107940861488772
0.000454315375880182
-0.000658960476071844
4.58064907260989e-05
5.93522579436751e-05
-0.000184179531472809
-0.000113770580701124
-0.000757894784498148
-0.0013326726380002
0.00595251199282399
-0.00133679436529989
-0.000391705118534307
-0.00014630408121969
0.138971630749123
-0.0496478745081628
0.00115054016740292
0.00025245342105787
-0.000127086942171226
3.41743628512657e-05
-5.91016925798629e-05
0.000285077522535423
-0.00039182186161663
-4.39821148817115e-05
-0.000769073757536286
-0.00136961733662325
0.00560129359305104
-0.00129395516373662
-0.000682583532869267
0.0896692566519857
-0.0328884178384859
0.000522229574156963
-0.000291691927720981
7.96606126000201e-05
0.000131425819743767
4.70555054123369e-05
0.000151842051319488
5.22510904212459e-05
0.000102155964236972
-0.000261016108281448
-0.000990410385125153
0.00535568375530143
-0.00116217752075985
0.0825827947049025
0.000454209936565168
-0.000370261617103413
-0.000118774584095181
0.000101375074412221
-0.000242392027362638
-9.66396779884865e-05
0.00017304586873236
-9.70778081875263e-06
-0.000146757637864524
-0.000588589459301144
-0.00113961057569668
0.00598120820438396
0.0141935537453213
-0.00808979356813248
-0.000859734051333909
6.30345217776443e-05
5.26395575203297e-05
1.69465652542495e-05
9.1276019534393e-05
0.000132587512761174
0.000267875170108531
0.000469790304137408
0.00045466278763298
0.000887327955124046
0.0144216888212637
-0.00104261326888313
-0.000906094291959049
-0.000309994023247069
-0.000225743094582801
-0.000131544643331004
-0.000281335035056443
-0.000366303776946821
-0.000362064070552902
-0.000305498015218844
-0.000792714881407365
0.00740537612093906
-0.00151086347068005
-0.000425862294380658
-0.000390087874993903
-0.000175363812606161
-2.39069024871135e-07
-6.72534642943375e-05
-0.000120450448213747
8.514221983226e-05
-7.05499149448666e-05
0.00799453303323343
-0.00183694885732278
-0.000602486513246478
-0.000253368263708633
-6.55087954465901e-05
-4.97280159057043e-05
-1.78943893676359e-05
-5.16936032414011e-05
0.000123389307547988
0.00799705861565972
-0.00174168839361623
-0.0006466140180836
-0.000225759620185575
-0.000120675660306654
2.17004501992092e-05
-5.37401986312368e-05
-3.29882112202694e-05
0.00846624600982153
-0.00178017596327687
-0.000699652383914585
-0.000195633945207778
-3.93711297950389e-05
-7.41911946605604e-05
-0.000107226453874143
0.00789987013675975
-0.00179987418339916
-0.000624554741000116
-0.000102902412665564
-6.61280794154793e-05
-3.16518164682848e-05
0.00737933697230807
-0.0016440365450996
-0.000440549202106453
-7.58757534047605e-05
-2.47050982716122e-05
0.00729502266788464
-0.00162995527515729
-0.000359577341443895
-6.80303643549418e-05
0.00733821934434307
-0.00149643442136889
-0.000434639141720231
0.00655884920662661
-0.00131198126627575
0.00701108795745511
