0.450384847462814
-0.142990901457322
-0.00149834938399177
-0.00131829525534074
0.000356427992703883
0.00163933218541631
0.00194790480533612
-5.84218930527265e-05
0.00169056081563877
0.000633304917593123
0.0031968162696871
0.0022289165976967
0.00747561434803361
-0.00186805204137255
-0.000647959327180082
0.000624405947562082
0.000179569807366765
-0.000167486610635679
-0.000521934698161196
-0.000251205459675746
-3.52594143452118e-05
0.000564789544267817
0.00058885184148315
0.000255967680707394
0.665639695493389
-0.175852490732768
-0.00903619989122955
0.00586392266516782
0.00130521167080799
0.00380803773437114
-0.00293217111563405
0.0030628714857029
0.00419035590574792
0.0048801267899631
0.00502042276598172
-0.00117409296185213
0.00659801141857856
-0.00205895581096603
0.000256215548940569
-9.26645137734035e-05
-1.0226261170776e-05
7.09621560060961e-06
-0.000815004944997512
-1.00022395384054e-05
0.000431032424236893
-0.000963639525575618
-0.000335341676888097
0.73786473627875
-0.208159214733935
-0.0317453651558112
-0.00391367098765992
0.00539096318564888
-0.000673577957502246
0.00403410717999262
-0.000717326012390765
0.000947227538077698
0.00351077573273634
-0.000784346989202848
-0.00142956442739882
0.0087070511567653
-0.00212287294536528
-0.00124166852615479
-0.000849644543835379
-0.000417782548266272
-0.00149251623267243
-0.00027664383750041
-0.000184611981576601
0.000899332187994249
0.000687317052148911
0.918456777286341
-0.263644433088609
-0.0338840918316974
0.00216733712316958
0.00115964566056228
-0.00317084039844576
0.00194886980372011
0.00396799998691136
0.00358736545159101
-0.00119839951706023
3.15329764472513e-05
-0.00122526599935864
0.0096919957558093
-0.0057612261446197
-0.00194719214842738
0.00102790008812053
-0.00225672962075923
-0.000773977089177979
0.00139496128326605
-0.00147199341738796
4.13025906005683e-05
0.899475861791991
-0.194683803412542
-0.0129459567954312
0.00231383563292549
-0.00343655701492375
0.00182742787822254
0.00506871543506925
0.00443611401424513
0.00062900577005903
-0.00161211351420466
-0.000824478188049696
-0.00204518385109944
0.0115320252543856
-0.00114824988611269
0.00293510883563062
0.000286682017722619
0.00131808288102693
0.000309574291102858
-0.000229068557090632
-0.00152835120706441
0.669276389404159
-0.133533122093255
-0.00970202654542889
0.000247895528915258
0.00263423396202296
0.00411666906295583
0.00378487700900901
0.000695290657285217
-0.000489972348922135
-0.0014953465667908
-0.00221616460798615
-3.12839296280439e-05
0.00877502673274239
0.00184468142280265
0.00071837574769243
-0.00115649076395215
-0.000894941626590903
-0.00100007310034076
-0.000641291890130525
0.519409089373928
-0.142223272568244
-0.00986530490594374
0.00156368959972526
0.00704134327842724
0.00503342648578896
0.00105339268864266
-0.000964357452782275
-0.000589190754841011
-0.000492936759141055
-0.00129306776011478
-0.00146874327018241
0.0114085093723805
-0.0029473267032493
5.40969249684245e-05
4.48380828297867e-05
-0.000540118723070895
-0.00010113124712568
0.451428015802831
-0.118287120895705
-0.00500688964445192
0.00157058405069503
0.0001874095408783
-0.00033134528413855
0.000147644565637485
0.000117477701182908
-0.000338191019066368
-0.000182250140515349
-0.000635682003101723
-0.00160663940435022
0.0101215054834405
-0.00341226558081859
0.000292490435032021
0.000203428969758474
6.07715566013427e-05
0.410390478898288
-0.103732198256338
-0.00247188977345238
0.00210663661173145
-0.000299538627551222
-0.000395688784286458
3.56330448832439e-05
0.000465208458471552
-0.000842208228109786
-0.000543853795425337
-0.000897230431287936
-0.00192757584224022
0.00983750522398994
-0.00287325456146941
-0.000144577776102729
-0.000332648242254337
0.402433427025925
-0.118448057442681
0.00314968346209077
0.000430111226906674
-0.000246800221424777
4.76497479043078e-05
0.000140704386884859
0.000385477162975146
-0.000561825671784752
-0.000315720893287306
-0.000518681605151032
-0.000849078508103951
0.0102054675079706
-0.0031454319754688
7.58479903371577e-06
0.511519397220151
-0.131354752085386
0.000401358252217415
-0.000233628211187199
0.000457198533876505
2.54750388949149e-05
-2.25626930984444e-05
0.00162147610995982
0.000160049757133695
-5.07796633755109e-05
-0.000943854465891276
-0.000458455133276476
0.0111488674727189
-0.00288510565817216
0.690703057267783
-0.0003532851545654
-0.000283530858168077
1.64992936488586e-05
6.00324161481586e-05
0.000181424100233998
-0.000958873126700371
-9.64783765893267e-05
-7.20596986177654e-05
-0.000831237838068429
-0.000626398864562596
-0.00240708487703592
0.0141001798226369
0.0192581927841665
-0.0079857811421406
-0.000235113726783344
-4.86928124404022e-05
-0.000268398579739203
-0.000234587810460636
1.29422477528544e-05
-0.000176688272989317
-0.000168378196769245
-7.08069928639598e-05
4.81906521059009e-05
9.3558025652331e-05
0.0212658757908881
-0.00449813753382555
-0.000538491021560297
-0.000286626545559351
-0.000200708772170685
2.79905569504242e-05
6.90625309686463e-05
-1.0410480965638e-05
0.000155332866085801
-0.000132142812318647
0.000169388845526358
0.0173459193067274
-0.00462055939002344
-0.000675807324365451
-0.000698018012720583
0.00010871267708397
-0.000159617659346476
-0.00021967380248328
0.000304004909445002
0.000154821231365878
6.70343294622259e-05
0.0202631358815795
-0.00610455304040129
-0.00107325851503548
-0.00031571966163905
-0.000225946740654031
-7.11726711043356e-05
3.23932877234582e-06
2.24851613256184e-05
0.000201703017923851
0.0227675080101747
-0.00525937496100359
-0.000685804681519529
-0.000208410666909401
-0.000163212613338826
-0.0003351630037748
0.000332804917550863
-9.14213942622519e-05
0.0215190237760482
-0.00637146022672038
-0.000247196267670516
-0.000119900124029902
-6.14557984673011e-05
-8.48299340936865e-05
-0.000313344161654384
0.0271334406216335
-0.00797165749193691
-0.00121649827146064
-0.000107122654995815
-0.000279794360901342
3.28164713839584e-05
0.0235520157015384
-0.00583827782921387
-0.000345693933251145
-0.000291533090898515
-3.20484546641367e-05
0.0215197969002117
-0.00537558782413246
-0.000420146721267602
-0.000237579555299452
0.0205617354165795
-0.00591668682687207
-0.000144265754139304
0.0218616637199144
-0.00609748707699706
0.0240873826920989
