0.19356232085762
-0.078333828996192
0.00100898644775825
-0.000928373666871651
0.00101097941790504
-0.000186146424158782
8.86260341741415e-05
0.000331536533010222
0.000288175110052252
-0.00107864958873067
0.00155465751217537
-0.000243651368729775
0.00383789791680318
-0.00105702037301555
-0.000106204861273079
-0.000353524826088812
0.000263581032504092
5.53266921002695e-05
-0.000263338222682712
2.41797257096061e-05
-1.85437443615839e-06
-0.000412162622556967
0.000596791810831146
-9.5622771645217e-05
0.243951630393648
-0.0942971777443831
0.00272394960324069
-2.02392448481056e-06
0.00096153429289352
0.000940213216353208
-0.000467809431171442
-0.00141421566838686
0.000421240226658742
-4.18913153499157e-05
-0.000566989232226971
-0.000798918509133176
0.00348669770581366
-0.000928767419491049
0.000241638488627574
-5.06722759416175e-05
3.229598182232e-05
-5.41920904764814e-05
-0.000224482634284583
-9.29271872623225e-07
9.19500542487531e-05
-0.000195756663352328
-2.46243482737772e-05
0.273842208733057
-0.108790089480465
-0.00478442402038672
4.78545177854246e-07
-0.000997880784476575
0.00138490974434279
0.000978978698404426
-0.00071237648039745
0.000693097229092747
-0.000436283298395381
-0.00116759331589886
-0.000546407373920675
0.00479534731970018
-0.000387580052532796
-0.00015713248128345
-0.000149546910010109
-0.000429533974559233
0.000120214391376465
-0.000169121683431848
-0.00015285832992552
0.000350040719427532
0.00014740375882853
0.313357817943306
-0.116780354141148
-0.00795564402419983
0.00132329817856875
-7.77013101791147e-05
0.000194869683119635
0.00131454895456737
-0.00067923569107994
0.00115821469323014
-0.000431064977093426
0.00028304014473493
-0.000690563724085212
0.00479790069789627
-0.00101017465984945
-7.03148616434503e-05
0.000418691419195407
5.24778379906122e-06
0.000116143001628645
0.000214430487250946
-0.000228675980523419
0.000169038688695605
0.305247449163928
-0.0982904927500843
-0.00386253669356295
-0.000845421367769331
-0.00158413539825177
0.000534837727643467
0.00096948501977648
-0.00250601286797989
0.000714316688832538
-0.000519772759104495
-0.000404557543073227
-0.00108579335585997
0.00486214878746157
-0.000245524797322574
0.000353733644428637
0.00038733098440123
0.000113972486179019
-0.000238477466116723
0.000329587237825708
-0.000360510668091877
0.245297822906457
-0.0735759592585477
-0.00274952877265512
-9.73036079482142e-05
-0.000368440559772083
-0.000166981256614388
-0.000126543848526139
0.00066953934609432
-0.000488122430351259
-0.000247983131012779
-0.000411182653564317
-0.000598551094086769
0.00524886185610651
-0.000601270418379803
0.000240952545490463
-7.54661725831038e-05
-3.15942222960418e-05
-0.000115047172462002
0.000224760075009623
0.207364371212844
-0.0776473771410571
-0.00176827655520127
0.000626080520214194
0.000849072676312426
0.000876762946593421
-0.0001737370031186
0.00023030338142556
0.000177542778857728
-0.000407335309621561
-0.000747823246746886
-0.00112367806682743
0.00562276869308624
-0.00213999512189131
2.90193567328914e-05
0.000199154201046887
-0.00043225508217013
2.42508434851758e-05
0.194672532807929
-0.068150333010566
-0.000693423739525689
-0.000626801201831672
-0.000158004143376751
0.000442212983592613
-0.000314757343842745
-7.0917561795406e-05
0.00016219300914192
-0.000110073426192923
-0.000515575689012706
-0.00131209772284864
0.00541502475321631
-0.00167426952740257
-7.13767178085365e-05
-1.95650768056199e-06
-7.18955187497695e-05
0.185647252344096
-0.0679552623752656
-0.000678341104457456
0.00148783169225634
-0.000328202431231286
-0.000207395463339674
-9.62630800161521e-05
0.000146774435815747
-0.00051814600517294
-0.000764614376581098
-0.000490259794539306
-0.00115108766216198
0.00510077912215703
-0.00141249664824856
-0.000113341736382063
-0.00022059238943009
0.177623716244646
-0.0647822027453734
0.00152995735711683
-0.000228593314968609
4.26440494610229e-05
0.000147869295838278
-5.31949835200138e-05
0.000161668213535398
0.00011196515268382
0.000144225577880592
-4.62292049442534e-05
-0.000579670995662309
0.005452066588663
-0.00137954230416039
8.67543772746247e-05
0.183306431180177
-0.06604459262331
0.000162113478080799
0.000197919378958012
3.23587310706827e-05
0.000177573599678972
0.000194328709591271
0.000286823132320049
-3.89922116672607e-05
9.09700829395292e-05
-0.00043150343762666
-0.000595271311815271
0.00547721089660774
-0.00159210759291882
0.192488804382987
-0.000114428105539622
-3.75990770084238e-05
-0.000144958370109594
2.44295403746286e-05
-0.000105225707311747
-0.000403350181873992
-3.67482794386763e-05
-0.000567476208549406
-2.85060981769377e-05
-0.000544470004461673
-0.00124929715581753
0.00645339535554653
0.00942806432213807
-0.00381959776454119
-0.00039353577924512
-0.00016572600654656
-6.68531842377747e-05
0.000129048508027716
-9.97179821291056e-05
-4.65497209356101e-05
7.53883056366708e-05
-2.78973009219427e-05
1.32465431637764e-05
0.00011946583164106
0.0102261419477114
-0.00188125670120506
-0.0002355065459966
-0.000196993066486932
-0.000111064453579223
0.000145435583704058
-0.000130285270100621
-6.11267730978198e-05
1.19149552585232e-05
-4.55354737360317e-05
-3.38742206732072e-07
0.00840905680834931
-0.00203810427977121
-0.000167924317823069
-7.98250893441353e-05
-0.000138102242866729
5.77956143007031e-05
-8.68473306615402e-05
-2.24504701631618e-06
8.60721945348723e-05
2.77288261482771e-05
0.00946786562466358
-0.00236842810642701
-0.000421220800976966
-5.89207636637434e-05
-5.06703493936573e-05
8.45536712889633e-05
-3.60236686447711e-05
0.000106394932837974
3.46407650820131e-05
0.00961652634372295
-0.00204078088714205
-0.000369060217492465
-5.46390449994789e-05
-0.000176220551931234
8.48528122885744e-05
5.40001121309243e-05
3.02749425406953e-05
0.0101418245932234
-0.0025051207989954
-0.000430150106483748
-0.000198999816188998
-5.50497269470221e-05
-1.08963129160405e-05
-0.000110972496363899
0.0114269534266442
-0.00337593910500221
-0.000483828094058414
-9.77531407328292e-05
-0.000134657487960131
-3.33731348158963e-05
0.0107981237817571
-0.00250590553295727
-0.000280994187875591
4.74150706354956e-05
1.35654428234395e-05
0.00988658176000497
-0.00236988933731178
-0.00021829830299759
-7.96697562220908e-05
0.00993304249280793
-0.00250758036915598
-0.000128622085530002
0.0102335659169894
-0.00263318829614644
0.0107617571276683
