0.146165598459015
-0.06491072091522
-0.000867483975592275
-0.00273323495826586
0.00243821832104474
8.17784087718593e-05
-0.00118676656195989
-8.96736041343893e-05
-0.00073977966051075
-0.00094282446885751
0.00083439836962882
-0.00139071729013287
0.0116567730442914
-0.00186129945478564
-0.000958794288657495
-0.000423134764704254
-0.00010232227552708
-0.000233327484937632
-4.93412936744935e-05
-0.000196717094499503
-1.68349852412567e-05
-5.48930664830874e-05
0.000263195905209275
-0.00013293512049106
0.169483772445268
-0.0644029040199765
0.000359977343617267
-0.00219282121264057
-0.00167452950992247
0.000234996706020093
0.000975060446244996
-0.000914752404568653
6.32524475086315e-05
-0.00020146798616069
0.000466467160732135
-0.00221214794057783
0.0130326682125996
-0.00228140580060825
-0.0007058835706367
-0.000219010081449402
-0.000282177370133912
-0.000232159903405356
-0.000130730521889047
-0.000423478777183139
-0.000189556868328812
0.000190308713193225
-0.000239559042580304
0.181193308847041
-0.0702995335584828
-0.00395690973428191
-0.000592118425996566
0.000396494508736312
-0.00152343231236801
0.000596757123783316
0.00103415878488318
0.0001483169015357
0.000648003077391924
-0.00117439312727134
-0.00088233194109899
0.0129730681209293
-0.00193709101013524
-0.000851431998933742
-0.000831308602125238
0.000190437358729983
-0.000736799737907507
-0.000237308505679995
0.000237060854773373
-0.000300756413479129
0.00010520239096941
0.20723461403265
-0.0849585637384947
-0.00383484293311702
-0.000744588544485398
-0.000183258310023677
0.000638903378444036
0.000131021540061024
5.73504787085473e-05
0.00242510924288744
-0.00105050095590639
-0.000672729442590916
-0.00113338846464962
0.0135256796603965
-0.00242953850547094
-0.00120714178262978
-0.000483225845412216
3.72731868895025e-05
-0.000227039069931712
-0.000657844911732228
0.000171111958720228
0.000305297983421336
0.209605924786444
-0.0694193261202637
-0.00227740157922935
0.00124514779374759
-0.00246015196159127
-0.00111492060455818
0.000419865580133643
-0.00132237488489476
-0.000240053857834551
0.000130608668827486
-0.00129194342019127
-0.00221355450830872
0.0134749584877092
-0.00132942478058945
-0.00115512499069388
-0.000528004146760406
-0.000187380863954312
9.83589977439223e-05
-0.000179942846975528
-0.000255547773343602
0.181079828987632
-0.0546113623672363
-0.00214270198103464
0.00270131349046038
-0.00264419132173505
-0.000432806970492947
-0.00102322770276064
-0.00040844875915818
-0.000333944189326902
-0.00043084799549895
-0.0013220408281378
-0.00126411625470838
0.0149592421481139
-0.00168142100912051
-0.00125655631790331
-0.000585765249046202
8.73838280509437e-06
-3.42407731335442e-05
-0.000670290677270937
0.147366202523932
-0.0558419441626673
-0.00158378450326497
0.00202650609471882
-0.000278649295702721
0.00114816295134395
7.90334078735252e-05
-7.48942342395328e-05
-0.000325836349213447
-0.00054390427610531
-0.00132136001133509
-0.00150843158748998
0.0137974214072576
-0.00347761829445991
-0.000922160379253998
-0.000358916379493936
-0.000240723302777312
-0.000192404467366324
0.141424425212346
-0.0500173049646379
-0.00237903802060259
0.0021150246413905
-0.00159617148518508
-0.000135717153379926
0.000473276588686933
-0.000166588261455696
-0.000327363344832754
-0.000120110015555334
-0.00137169984614718
-0.00209903781241398
0.0136496508180718
-0.00278824112073666
-0.00076731709095734
-0.000427556763109472
-0.000140681513976101
0.142054082545859
-0.052774601002764
0.00223703052467723
0.00135666198181473
0.000207530439987895
-0.000689059446451429
-0.000530232005087491
-0.000212359071720978
-0.00024485908224569
-0.000692523228660416
-0.00119835099137379
-0.00179322667260447
0.0132192294831069
-0.00221954468614485
-0.000193945493470262
-0.000119615504624747
0.154270053849928
-0.057028803815688
0.00414319488772574
-0.000806966981895129
0.000200772950361028
0.000125855224943936
-7.93598896349996e-05
4.38114088264239e-05
3.64727880726844e-05
-0.00023964888768416
-0.000958601341292799
-0.000964381735913453
0.0129406339788051
-0.00317345684351768
-0.000552990126695515
0.137619157781266
-0.0490492139313294
3.80776714826477e-05
0.000299875475832038
-0.000136389941835001
-2.6910740652752e-05
-2.7518789884159e-05
-1.67014668311972e-05
7.2590563736173e-06
0.000312791362624079
-0.000475960520015299
-0.00115441415036129
0.0133166735813475
-0.0024620626870187
0.154181737567922
0.000246989315630289
-0.000434859316143667
0.000181758401680314
-6.33646754878279e-05
-0.000327450445953793
-0.000517621304256994
3.69564059780795e-05
-0.000108773068818847
-0.000149169275253106
-0.000743581342828147
-0.00172649606261577
0.014208543931402
0.0198146882247906
-0.00684326386783378
-0.00151145145681187
-0.00102730721282861
-0.000565950961862797
-0.000710356900760307
-0.000195995423692044
-1.23134521031036e-05
1.49957863122253e-05
-0.000144771336779851
0.000227040367817372
0.000496691705137695
0.0221619889781687
-0.00231527120584378
-0.000931820869266876
-0.000259229039207271
8.1239417913386e-05
-0.000333110167154251
-0.000233198493368216
-0.000267468388546184
-0.000134921821300865
-8.15544277919319e-05
-0.000485320558954966
0.0175194266082124
-0.00273658858663577
-0.0010399432586835
-0.000986222455769493
-0.000453992955139887
-0.000339709663049964
-0.000316033621065767
-0.00012316584786105
-3.64889576051235e-05
4.62900328852499e-05
0.0185749089313036
-0.00313389262515379
-0.00140657281210283
-0.000651603307379751
-0.00041495440616045
-0.00028262008733149
-0.000166853212017824
-0.000152386855719683
1.12230885583374e-05
0.0186867925712389
-0.00266590279085005
-0.001257988960877
-0.000635141186525895
-0.000472129511367746
-0.000232706921425121
-0.000115519032860787
-0.000243539451352166
0.0208810565817544
-0.00297780894549799
-0.00187190775359709
-0.000604285366541873
-1.89666445834662e-06
-0.000273689166974308
-0.00023509794170066
0.0197453942878961
-0.00389782815718205
-0.00132961959613062
-0.000299863469522391
-0.000265503881922201
-0.000294141218746287
0.0191594535118942
-0.00326668548853805
-0.000966666168137728
-0.000171204744123474
-9.91251516904966e-05
0.0186718656626307
-0.00304471156156344
-0.000739937422544021
-0.000202486602330332
0.0190430816813722
-0.00328999687410215
-0.000888048766972143
0.0184630018899868
-0.00300229981402038
0.0189542909160952
