0.0175618283027631
0.0252139053306588
0.0184637376610275
0.021844746434982
0.0288334199082057
0.02536005940872
0.0271607616416058
0.0186316400578744
0.0194283452198953
0.0306995747350039
0.0231146973683913
0.0345663557151255
0.0193842549347846
0.0195790422065499
0.0203215229104194
0.0236731009002524
0.0241613345175358
0.0278801492619306
0.0202127462797241
0.0204141483422485
0.0184078754062881
0.0246108102447385
0.0226388271011094
0.0265481697691266
0.0211917177549045
0.018449868182313
0.0176407127005639
0.0231608915269323
0.0217607344491831
0.0260655068156593
0.0192730988159802
0.0179190008635143
0.0188436239346363
0.0224124576674394
0.0222810017131557
0.0267551638167126
0.0185141807297774
0.0187078184597036
0.0185053430244466
0.0224150012426962
0.023139702674073
0.0266295156307449
0.019382838187164
0.0183983203995166
0.0188864420811569
0.0235662504490735
0.0231893322501028
0.0282371022095884
0.0142571444645559
0.0156809973768387
0.0141724264428009
0.0178446638616991
0.0177971205804251
0.0201534495764049
0.0170430810268392
0.0142328223637439
0.0145834979881313
0.0191947677149404
0.0172096743050659
0.0215580333838725
0.0147793220486281
0.0147567890855426
0.0155398134587397
0.0177919389218702
0.0186935699143539
0.0213562152032951
0.0151419664088842
0.0154539988181405
0.0142452814324792
0.018808143191902
0.0172796607925516
0.0204340694716172
0.0158571382448082
0.0143525293718254
0.0131769519744926
0.0175509842117441
0.0164598976477876
0.0192260989496082
0.0147830912561068
0.0135320621219333
0.0141223938178226
0.0170675026560488
0.016492722468369
0.0198258466602059
0.0138056466975989
0.0140611824073999
0.0142972511066867
0.016529697764418
0.0178568800851856
0.0201776795370033
0.0146181241493213
0.0142497279654981
0.0140854786376755
0.018281878381735
0.017508352846223
0.0213213412107846
