0.0147396709691614
0.0210950080622916
0.016127825961421
0.0183164499191173
0.0246482590302171
0.0215295364698091
0.0230955879544887
0.0165396148018808
0.0177291772282155
0.0264534907261312
0.020853832228669
0.0306089277218454
0.0170491863169311
0.0177495519273868
0.0196668226831487
0.0212513746387364
0.0228646182606237
0.0262821514009656
0.0181262951856604
0.0194542828633898
0.0180301632418493
0.0229044148643728
0.0217863873956784
0.0250569087134016
0.0194664623963682
0.017626671083025
0.0169436047216319
0.0214137356972782
0.0205366742462404
0.0240781631457623
0.0179629734368695
0.0166938008651662
0.0174236189056132
0.0205522599480554
0.0208331341936667
0.0246629451898882
0.0170562435776307
0.0172704999228907
0.01730394049683
0.0207141445013736
0.0213755757691488
0.024695814052919
0.0179518525609711
0.0171224601716716
0.017725724941757
0.0217404972917974
0.0214897058561811
0.0261272061622283
0.0111565107739546
0.0117311291815866
0.0105021071327114
0.0128623837557146
0.0133769587988032
0.0148847456308815
0.0124071542670532
0.010895001509673
0.0113905075620086
0.0141637817320848
0.0139266598461809
0.0162322601015913
0.0111839282333404
0.0116517603823999
0.0136417847750796
0.0144411140220579
0.0155576111541575
0.0183872511119771
0.0121338314179962
0.0134767881699593
0.0120873045313823
0.0161257965007875
0.0153330109631099
0.0181658502633359
0.0132579634410187
0.0120664618728655
0.0106533549604257
0.0150314675060093
0.0129440100739109
0.0157105552849466
0.0121495647315547
0.0109191121928465
0.0115126097818899
0.0132242230695459
0.01399762147516
0.0163872095394891
0.010956639955833
0.0116342549519086
0.0121313069179608
0.0138877763058644
0.0152526024891602
0.0176399657249824
0.0118584948758989
0.0121447126323549
0.0120101075950373
0.0153553716687056
0.0146801009272994
0.0178199362024223
