0.0254904965489962
0.0389930514043801
0.0257257419979019
0.0302980007801425
0.0443409771984139
0.0348643240524781
0.0431948942531745
0.0264230791299099
0.0276411673418708
0.0487303080056532
0.0320414770063505
0.0520881114265067
0.027437875533564
0.0278521873931111
0.0279612139472767
0.0327268358020772
0.0338108023935966
0.0378002452578868
0.029434810939937
0.0285259674370801
0.0261880460659891
0.0348720318278038
0.0313807809213912
0.0374341100725318
0.0303770903580687
0.0271549107013397
0.0249074758472477
0.0330520717035988
0.0318284672579203
0.0370015271731655
0.0293121124900979
0.0257959485009844
0.0256340224486306
0.0337216189676085
0.0318144388231161
0.0398646029945566
0.0270554152132668
0.0257223429427207
0.0251572714418952
0.0324949899693282
0.031564028817164
0.0379332514126181
0.0272849335335019
0.0252036741382331
0.0246069510135715
0.0325028747722253
0.0309652518341216
0.0379600989112507
0.0235638882363469
0.0248628924252226
0.0229143527795687
0.0279649002887852
0.0271354014520214
0.0306954594318394
0.0279745789303909
0.0235266260692634
0.0242912279666334
0.0304388883986796
0.0280423133690899
0.0328025343280334
0.0243069732970452
0.0245076895078331
0.024864030400523
0.0286628410452685
0.0304348385269138
0.0337544344847399
0.0259021711735913
0.0252607813597334
0.0229551267742792
0.0313922554951564
0.0277200894143264
0.033682311778032
0.0267563505385888
0.0238347741745309
0.0209260097299336
0.0291300734971849
0.0275771012835329
0.0323631267088677
0.0256839604383791
0.0217704513033014
0.021402375204249
0.029501207738035
0.0264934689078548
0.0341381783509632
0.0227589719191477
0.0215449304705803
0.021404315809334
0.02699674703539
0.0265047641355007
0.0317169267105202
0.0229218177102348
0.0216351197519455
0.0207028020481662
0.0275928038245161
0.0263552664349386
0.0322833948098101
