0.0170063484825667
0.0240975032905797
0.0180575999707323
0.0208631076694958
0.0278175965609497
0.0240419703978945
0.0266827829847458
0.0184656987440284
0.0194863129451799
0.0303085032625615
0.0231589833934541
0.0346800132616909
0.0190853711803211
0.0195457051916891
0.0210284045008183
0.0235302961717879
0.0243885306101587
0.0280563004511723
0.0202442038947948
0.0210671220184711
0.0191187288836528
0.024850158987773
0.0232755308982411
0.0268545811561965
0.021493240126804
0.0190374273535674
0.0179745943133514
0.0234958490485726
0.0220676257325712
0.0260102866364662
0.0197862359777027
0.0181064525965588
0.0191819985058771
0.0225221957799053
0.0225960380681797
0.0270919257764429
0.0187561229348152
0.019115756206882
0.019134656065169
0.0229425496821673
0.0235560060181792
0.027249560592078
0.019778130005844
0.0189582424385137
0.0192672821925089
0.0239038430259156
0.023524947698246
0.0282829585575692
0.0127516241608277
0.0145477243670369
0.0130097816220495
0.0159890730603539
0.016507877916303
0.0180490928119735
0.0160475215941721
0.0136252006357861
0.013899502768933
0.0180781499302124
0.0164384047323094
0.0198338196898559
0.0139762969711852
0.0141655728252627
0.0153510662702352
0.0169722494965277
0.0179489689471126
0.0205459751490859
0.0148991929657789
0.0156754307382908
0.0139444688219077
0.0186787897109185
0.0179362990425012
0.0202679260551396
0.0164435716706849
0.0143905619548421
0.0116595922229329
0.0187384588771483
0.0153044370187426
0.019622222755517
0.0150366342247321
0.0123355668331694
0.0133500909860778
0.0162424852155107
0.0158258355447121
0.0199265334654884
0.0126178897492378
0.0135136647664667
0.0144580141205866
0.0160210865258058
0.0174429490782732
0.0200496421750638
0.013990738959069
0.0142937699714165
0.0137917341453455
0.0177642624479564
0.0171724653826861
0.0206987303374781
