0.0127491336632889
0.0177357482002898
0.0141063989908757
0.0161662138880483
0.0207898711064068
0.0191237400067604
0.0180739266404413
0.0138112999340675
0.015032082735409
0.0209401952874227
0.0180329012167614
0.0252118536849743
0.014156125317043
0.0149623471574988
0.0167270048897739
0.0181797377276847
0.0196440906863334
0.0228405591150586
0.0150985653557804
0.0164491479008797
0.0152500328465672
0.0195076220277796
0.018446448181331
0.0214788007852044
0.0162853486593752
0.0145540879056955
0.0144923465441176
0.0177851404100694
0.0172420282820718
0.0203539375360499
0.0142803846446321
0.0138018617019699
0.0147667798035941
0.0165155296372147
0.0175080215865957
0.020140066154024
0.0138493674498257
0.0144820771795597
0.0147770874969919
0.0172017491559627
0.0181231908133616
0.020700142167891
0.0146094283910712
0.0144506983644105
0.0153653291423249
0.0179743837832961
0.0184328222528058
0.0220557618034856
0.00778954579134841
0.00787763157588121
0.00809672966037316
0.0103981672679992
0.00993774428872107
0.0125366062342546
0.00795452009175366
0.00813734222809836
0.00856188485920345
0.00988405187096519
0.010814440960572
0.0122820471241285
0.00844218170865049
0.00899656967800929
0.00997421141611259
0.0111959916450925
0.0118396132922989
0.0139076429684722
0.0091043557627675
0.0101068064852778
0.00859338935941876
0.0119643714795478
0.0117065590803746
0.0136905038029498
0.010333168418495
0.00872964211409572
0.00727943480618433
0.0117684275468668
0.00920569693167573
0.0122178127778562
0.008611121737144
0.00731810657604563
0.00847745971733477
0.00916958278558429
0.0102211828058953
0.0120746490943494
0.00732381872800766
0.00840252272473981
0.0087982290866071
0.0100590356662896
0.0108862834303368
0.0127499345221415
0.00832616154767706
0.00871864850772323
0.00875173765372625
0.0106902394220906
0.0107193040181044
0.0125484661895315
