0.0139108579053805
0.0206009200184705
0.0146833015538812
0.0174360276945203
0.0235939453799388
0.0203684114676184
0.0215787196209151
0.0146921306629414
0.0163261471766922
0.0246055009117392
0.0193720040243969
0.0294753284489899
0.0149532075370256
0.0160380642809942
0.0174510183867471
0.0193722900817736
0.0206387462310661
0.0240276479654449
0.016182689501204
0.0171424633078618
0.0159777763436191
0.0205798970304376
0.0195133213366958
0.0227194750588583
0.0171566940331314
0.0154489052140535
0.0151141615819114
0.0190740153547313
0.0183780144814619
0.0218901932635653
0.0150923167842548
0.0142960705866999
0.0153925330521086
0.0176178313113717
0.0182951481058362
0.0214899962354207
0.0142698426049903
0.0150028055318038
0.0154701444638908
0.0179241250095885
0.0188696862600291
0.0217807344461257
0.0150914472400183
0.0149624059873278
0.0158818559629666
0.0185692925519104
0.0189210770098275
0.0227105594561109
0.00855409445775859
0.0089984905632114
0.00893478517196536
0.0110200822523885
0.0109701193879184
0.0135698757047464
0.00938712669378041
0.00899715116681491
0.0102528894546969
0.0114892870397404
0.0122533899552946
0.0144531715467577
0.00906863446215046
0.0103651149424347
0.0103515238343644
0.0125745379917346
0.0123475037050298
0.0146162832992682
0.010424149450983
0.0104793682350562
0.00861039762967412
0.0126028990846027
0.0122510794697642
0.0144533564031239
0.0108965280107023
0.00865611140408778
0.00701438746275531
0.0124172397203829
0.00950069107747781
0.0132601572389993
0.0087119427589388
0.00714058984499449
0.00852912891738572
0.00958693776149863
0.0100914058225051
0.0125902201885747
0.00722128629142171
0.00857207064506495
0.00858766805883998
0.010061886644059
0.010778785925695
0.0126576438695567
0.00873160308398878
0.00825863145049382
0.00853527541396581
0.0105992181134
0.0103745025736845
0.0124791498598194
