0.0205574802814591
0.0313222351719476
0.0211055267531805
0.0249500029659223
0.0356111989776742
0.0287174264898564
0.0340992473500417
0.0216206474845204
0.0227449185278371
0.0386160308022353
0.0269835815690073
0.0424832000109422
0.0225657389216322
0.0228057729534421
0.0230799756385916
0.0275722133336653
0.0282655286101923
0.0324413997080344
0.0238666714933634
0.0236229875077217
0.0216396160949441
0.0291416569335121
0.0264140536886188
0.0316135101106736
0.0247707563271072
0.021942245204336
0.0202281682598135
0.0272128173101642
0.0259358722128312
0.0306876210069802
0.0233899661905824
0.0207280931419979
0.0207110758154405
0.0270034225996942
0.0259195619921794
0.0322978754662191
0.0216507762087956
0.0208274995664365
0.0205348051613408
0.0264637137321196
0.0256811867567633
0.0311460275858671
0.0221758762437912
0.0208076040710386
0.0203574217086276
0.0266441075833427
0.0256190949310992
0.0314461733391953
0.017452787120715
0.018130291421243
0.0176789786107854
0.0212617288299867
0.021186572418571
0.0242927428742467
0.0197064361479913
0.0180580010513138
0.0192539629997252
0.0231557136919462
0.0223889810102081
0.0260656011257209
0.0190295556324634
0.0194956358955414
0.019253441519543
0.0231697011643219
0.0240783828569763
0.0272505982186369
0.0204486288313345
0.0197407683840166
0.0180100689724367
0.02490457833937
0.0222620337294214
0.0274707710758685
0.0208390522471735
0.0186162973060435
0.0163763738185761
0.0232718481235716
0.0218940843195406
0.025875513255017
0.0199557946898994
0.0171014345289976
0.0169491457245806
0.0232372777541299
0.0213212207194055
0.0271714586507359
0.0179242332952776
0.0171199096435422
0.0171534513367625
0.0219954415887588
0.0213811085160483
0.0261997214721503
0.0184319270169108
0.0175971316411979
0.0166177850073324
0.0224689875030576
0.0212057098723846
0.0259459618798218
