0.0134031557994682
0.0190558710069619
0.0150153013239068
0.0168511792604904
0.0219636757027195
0.0197390979571214
0.0202138874245194
0.0150707004771624
0.0166927656034561
0.022920711381073
0.0196491224395487
0.0275311151838218
0.0154566531441404
0.0167020620828283
0.0188558743441729
0.0197977855068728
0.0216999983281809
0.0244060662474361
0.0168426969225616
0.0184138847966438
0.0164841131673658
0.0214394205076591
0.0201470939860052
0.0232482607738751
0.0181242405757998
0.0158624328176403
0.0156955317580391
0.0197099314884939
0.0187205725285181
0.0224095869212285
0.0159899628889978
0.01531364199057
0.0163689627168985
0.0183851498519333
0.0193520418678836
0.0222716429898977
0.0155879326781289
0.0161661374134332
0.0161149048431439
0.0193749567293093
0.0200442815917933
0.0229907430206606
0.0165145888981159
0.0157925713219096
0.0166545931882825
0.0200302073993239
0.0199346201635813
0.0241905335450193
0.00915056952710005
0.0107199082237988
0.0100761653019089
0.0118887094233911
0.0118322134717339
0.0132415043586608
0.011115965455303
0.0100780354107712
0.00992926164278763
0.0121512427776384
0.0120895426900015
0.0135366254452315
0.0104818236256768
0.0106014143798195
0.0121390146229752
0.0129575084720286
0.014580195231967
0.0161206694000291
0.010392194261948
0.012379164112476
0.0112169388884339
0.0142842137865161
0.0138598626660285
0.0158693088813612
0.0123196641619745
0.0112725136534078
0.0100605596025756
0.0139474006633934
0.0118419586571494
0.0142836476320552
0.0109777060275495
0.00996987798330004
0.0105334075180208
0.0118936932014917
0.0127477438784961
0.0145936562172104
0.0100079822548537
0.0105647535531848
0.0111440379494671
0.012794815419143
0.0138736583853765
0.016278465959146
0.0106988819573512
0.0111537749474504
0.0112568779590927
0.0138860881516896
0.0133528963078395
0.0160023421868309
