0.0139616919842762
0.0199629177990151
0.0155506004479586
0.0179426100325567
0.0234730081340417
0.0212450570273411
0.0205258697491613
0.0152195947427642
0.0166905974356408
0.0238821144238778
0.0199680351171742
0.0291928899547312
0.0155157847265837
0.0164390596818238
0.0195407538584715
0.0199972277268447
0.0228110198377686
0.0267004740848326
0.016502044570091
0.0189890686886441
0.018419088492985
0.0223791426966097
0.0219936815687077
0.0253407063651069
0.0184160161907284
0.0171791712049044
0.0169332676309278
0.0207686497457159
0.0202150510132791
0.0236549489210913
0.0161227912120487
0.01549394257097
0.0157194322938067
0.0184486710043645
0.0196281394487987
0.0225665949333958
0.0155384637593042
0.0154633382850137
0.015758130972272
0.0192928335795304
0.0192668769390581
0.0232570811721015
0.0157106447873273
0.0155449862708105
0.0169775366361406
0.0192414354233729
0.0201570348364316
0.0239117465295743
0.00656523817249701
0.00693940420546929
0.00681064451601681
0.00864354866213594
0.00816695130119004
0.0106744930760701
0.00670532317625026
0.00689689866037292
0.00712102033928925
0.00847095256925495
0.00897144799966861
0.010874480201185
0.00708081712638701
0.00749542233593313
0.00880623460599248
0.00945607019583016
0.0103721977166577
0.0123001867547729
0.00793438657161768
0.00898211205040338
0.00768679127161017
0.0106072840569019
0.0112394659122288
0.0129695886966987
0.00922508297906562
0.00795566353740679
0.00551211656022116
0.0114545457020176
0.0079290307061898
0.0112629159675662
0.00756725442649353
0.00556115996275421
0.00682017223106318
0.00779291249487703
0.00836847423130046
0.0104551262818974
0.00559563273195223
0.00688658290755325
0.0075000302587087
0.00840130882007357
0.00948172296811863
0.0114088109273456
0.00690149668493623
0.00740723714514887
0.00798795838018646
0.00935958124832562
0.00938899829688509
0.0109494239878507
