0.0136564363869554
0.0174338369912678
0.0163877369847455
0.0172849744885774
0.0209820927026344
0.0204971377739301
0.0182452764665121
0.0165349933932903
0.0181225311316512
0.0215237187500824
0.0209038025018685
0.0258544567150675
0.0170235949251645
0.0177352196893124
0.0206676211425619
0.0208780418199159
0.0233717646720908
0.0263910950801339
0.0181732171096733
0.0202302831864008
0.0188669454327355
0.0233336168146088
0.022749676887047
0.0254715208350866
0.0200857785650411
0.0182059426015411
0.0184319411305932
0.022105147651653
0.0213419778551875
0.0250266581033512
0.017974557274032
0.0176484486437153
0.0185414522272218
0.0205941590041104
0.0218451484810974
0.0245039283415116
0.0176251382099726
0.0180307754455435
0.0180121984795294
0.0212128584738644
0.0222646995669275
0.025136700208946
0.0180180598931969
0.0174738993882023
0.0187276328373756
0.0218755305608591
0.0221145279341497
0.0263281095090409
0.00869094807590334
0.00990004437626844
0.00745209895022468
0.0114169576269738
0.00947538463518224
0.0110673360547578
0.0102515470118094
0.00839820394337122
0.0068885122785798
0.0108860600092137
0.00971487162908662
0.0123998450042113
0.00927130807469084
0.00775132488688031
0.0121266944062953
0.0108376633517265
0.0138635040291722
0.0156297344329852
0.00864030679696018
0.0119543777670439
0.0110338587196988
0.0136751941175874
0.0145466926526093
0.0157416335069224
0.0120515689772837
0.0115788618523339
0.0102873610901412
0.014373592646906
0.0127885467341204
0.0159679495876805
0.0108568436476247
0.0101326912037005
0.0117243457043262
0.0124262053750846
0.0132151956000776
0.014987522684137
0.00993670123192408
0.0109969947357548
0.011790800021132
0.0124610515545469
0.014539416584356
0.0163859948380929
0.0108125234685004
0.0115706534031648
0.0128613861164251
0.0145672761012207
0.0142269673231908
0.0171428749465421
