0.0125814990471577
0.0163615597695146
0.0146042219676377
0.0156235778279803
0.0196720459228964
0.0186129697146522
0.0172728808853413
0.0147760372144554
0.0164483198783852
0.0203931151166104
0.0190515374373041
0.0246882760701061
0.015256768570819
0.0162648328424664
0.0182705815323473
0.0190426049856027
0.0207777489808866
0.0236639573037043
0.0163337865706504
0.0178439647938651
0.0163698213510092
0.0205158903858917
0.0198000067460632
0.0223615012152881
0.0178705705238621
0.015941779454559
0.0155601555720441
0.0194829538617526
0.0184884915403089
0.0218821897071876
0.01597163477013
0.01526428794681
0.0158821293792863
0.0182857528741335
0.0189661146760702
0.0220554254624936
0.0155503346954628
0.0157929276632389
0.0159285394519735
0.0188564867395619
0.0195842975816162
0.0223141188282691
0.015952006483518
0.0154433286112039
0.0162441943869443
0.0191608689679585
0.019358312476712
0.023091409933845
0.00796619032753475
0.0103370522508977
0.00860157764560337
0.0109499102330587
0.0106442433531467
0.0117452366805478
0.0106998599679023
0.008793953520495
0.00884301166276413
0.0109715118516957
0.0107823730482628
0.012121227936396
0.0094243345663307
0.00934575091687372
0.011695241127257
0.0113770377666004
0.0132273536831079
0.0154275944446194
0.00962087529488292
0.0112437827951114
0.0104825337620153
0.0131625484514951
0.0131684850863773
0.0151129203990488
0.0112270423575899
0.0106184093624389
0.00940232788330059
0.0130010932858706
0.0111707465298895
0.0134143224704347
0.0106729306703903
0.00946198831525394
0.00988031658963292
0.0113872638437903
0.0118665615052608
0.0141912980215154
0.00941111528823154
0.00977047857126071
0.0112539635240224
0.0115599477049649
0.0133740670540762
0.0151411186263288
0.00988631734740094
0.011161616773501
0.0110356422318535
0.0130527807855101
0.0139039705570829
0.0156731259565607
