0.0137355833722764
0.0195700710036304
0.0150149936234108
0.0173264822233816
0.022693308868487
0.0204560584552772
0.0203667756869174
0.0148951506286464
0.015982200583416
0.0232634368370229
0.0190525555575717
0.0273725648927674
0.0153210082626393
0.0158431064712627
0.0172442073439809
0.0192122500674508
0.0201996614716144
0.0233396911829964
0.016199635381795
0.0171196496292009
0.0154864772643094
0.0203544881490381
0.0191100626776601
0.02225731997769
0.0172641346057344
0.0152738310288703
0.0146806850690994
0.0190078375107206
0.0178308595276033
0.0213885984847268
0.0154885566010034
0.0145404875068557
0.0157022206147211
0.0177698103577848
0.0184127769349767
0.0216290113366481
0.0147944686973674
0.0154715007594297
0.0157263133185487
0.018326224034139
0.0194673226741679
0.0221287847349151
0.0157524413578123
0.0153851022855048
0.0161920108847152
0.019423561397384
0.0193535470728332
0.023439810056104
0.00992274530500612
0.0104089481516461
0.010066230775822
0.0128136053199241
0.0126364516147506
0.0152608720956376
0.0105522958208736
0.0102428430567774
0.0104496503861246
0.012879058852176
0.0128753276385882
0.0151199128899529
0.0106952180335387
0.0104769929867952
0.0114504400462548
0.0133974111858883
0.0135134356338438
0.0162318734577012
0.010636608482232
0.0115833288064777
0.0105599080098856
0.0138700109458591
0.0132059010949906
0.015477178029745
0.0117023789930814
0.0104993880831231
0.00909816325440484
0.0132234684354442
0.0114969877140247
0.014007211306417
0.0105276047812885
0.00931474023892584
0.0103654549301415
0.0116021227459286
0.0121288271462877
0.0143005055508869
0.00944914932875394
0.0103434358884756
0.0109244855478427
0.0121024772077515
0.0134884187573016
0.0151750901192377
0.0106177328372333
0.0108474069812677
0.0108384063356338
0.0136023223281122
0.0131258564287304
0.0158848270125902
