0.0132599295139086
0.0204348547549725
0.0147916084585105
0.0171025805313655
0.0240318746771356
0.0203383928621535
0.0213116642281114
0.0147258395712849
0.0159359115211776
0.0249362084854647
0.0191448851787084
0.0299244117429993
0.0149983807753377
0.0157011645418891
0.0188096064002571
0.0192479901244436
0.0220403952416133
0.025813334752136
0.0158508165753333
0.0183044382577005
0.0179272780193751
0.0216308299855807
0.0212165053488206
0.0245695039411531
0.0179782433980132
0.0167735755870617
0.0170169938669797
0.0201864888886377
0.0199576940380644
0.023128073317219
0.0159590192020839
0.0157969647230642
0.0159233050219025
0.0183987568422209
0.0201231390137664
0.0227463523638991
0.0156428309220044
0.0154506173716771
0.0155562322138989
0.0195183763721932
0.0192926745586166
0.0236337785828638
0.0155796585328483
0.0153872818459079
0.0171506449591072
0.0191184167740689
0.0202486532306906
0.0239601863627511
0.00609228499962153
0.00626315706412579
0.00655237547773402
0.00788533998470224
0.00756974770003217
0.0101115721802265
0.00630034962505839
0.00659401547512944
0.006720492998513
0.0079300790170573
0.00829249146583967
0.00994157823781038
0.00677175020638756
0.00692108188571884
0.00796453031145935
0.00870023868783304
0.00914636444468283
0.0108576483404873
0.00725480829970204
0.00804174287454433
0.00699117572583843
0.00937995269492438
0.0100548201115854
0.0116166001734813
0.00832034498966341
0.00717054787172791
0.00495462033735909
0.0102245691124679
0.00694275478062371
0.00977698571577792
0.0071461082021039
0.00512562486017267
0.00641407870538122
0.00724127345634837
0.00768206974474126
0.0095147371709714
0.00502391254264803
0.00642000651444448
0.00633879651786335
0.00759790002314868
0.0086097346624556
0.0098148692461547
0.00644001289071076
0.00639274300989417
0.00731957952680146
0.00843953049814094
0.00871476693628677
0.0103036884278904
