0.0190270915027979
0.0275437132509396
0.0199100683236495
0.0232330739916146
0.0313670127478831
0.0267997850883626
0.0301031875682142
0.0203810573287078
0.0212100131629417
0.0341584244316516
0.0250208947551302
0.0380391758116562
0.0207619886622043
0.021283275220104
0.0224389150251095
0.0252768773255634
0.0265352743964566
0.0300782187141476
0.0219921595275867
0.0222755492256945
0.0206259148653746
0.026771760875245
0.0247924660586659
0.029064980194637
0.0232452388569539
0.0208195700268887
0.0196602410514401
0.0253848323616024
0.0242889528322531
0.0284650039888214
0.0219083506698704
0.0199094926702667
0.0201844597033543
0.0251576803368195
0.0244964047410769
0.0296851735850822
0.0208714737235644
0.0202091424610462
0.019872888488222
0.0249345809971591
0.0247919432472798
0.0293174625268371
0.0213416639803236
0.0199962505202316
0.0201575959416719
0.025670860152916
0.0247048374438107
0.0302172217365802
0.0154790745330906
0.0166546809887604
0.0156450302514611
0.0187487352218064
0.0191741561912258
0.0213659634119941
0.0182613359357199
0.0162950430434425
0.0166802237487749
0.0211787462225328
0.0191386071277643
0.0232632300784715
0.016734942173475
0.0168086980175019
0.0183517280461934
0.0196154100122869
0.021580086325477
0.0240131385311036
0.017628886623882
0.0183003261130894
0.0162383641177276
0.0218880840020231
0.0201917744517286
0.0236571531833365
0.0193595795430197
0.0167762644477474
0.0145908482206032
0.0210990585454993
0.0188630844508923
0.0228308575815924
0.0179280597675738
0.0151793923817652
0.0158444202854535
0.0201061578813551
0.0193284458797012
0.0239433956785598
0.0159185764576585
0.015815236023877
0.0156697285717084
0.0194848935135662
0.0195392155267107
0.0230817494462026
0.016803547776565
0.0157940918706139
0.0157521910657446
0.0205142609739261
0.0194329203460209
0.0241961071401022
