0.0179023675644375
0.0263278053162954
0.0177320527068975
0.021942733176757
0.0299285863841142
0.0251975898685999
0.0284708107408673
0.0181239635405557
0.0190299006084864
0.032200118272993
0.022723373730506
0.0358072782268817
0.018893674495142
0.0191487652069673
0.0195846382440643
0.0232280663191104
0.0239638756034108
0.0276914294950724
0.0199795224524349
0.0199574475446516
0.018049596531269
0.0245798059794725
0.0221232389422442
0.0266933697055595
0.0209143424977238
0.018318321230614
0.0170035358932317
0.022810487681101
0.0216928871982652
0.0258454776005254
0.0191349669052955
0.0173865299020857
0.0179212317130681
0.0223697289471692
0.0217757295560965
0.026953954063902
0.0181230239814063
0.0179366648639922
0.0179086231490102
0.0221093506299251
0.0223198180824956
0.0263184808839414
0.0187249933771226
0.0179084007817788
0.0179060514217251
0.0229509451924044
0.022563705799325
0.0273441447305559
0.0145307765655511
0.0143165092393817
0.0139104007919472
0.0174821249191734
0.0169859620885323
0.0204778571849163
0.0158137842697083
0.0143559466228687
0.0155168013796174
0.0185505662122155
0.0181956288539458
0.0217738410937325
0.0149649116231945
0.0157883429576093
0.0150945055425105
0.0186924347415737
0.0193757414785861
0.0220193549318222
0.0165279397237483
0.0156589604422828
0.0138076882803357
0.0199631683757174
0.0176921811939229
0.0220292622045405
0.0165285160990225
0.0142487478496594
0.0123019299236853
0.0184939327586674
0.0166290460123616
0.0204558336058591
0.0149699611130785
0.0129237890013704
0.0134671253453694
0.0174323740692072
0.0161405083993962
0.0206997280761891
0.0134920986509161
0.0136030652043649
0.0137736710577275
0.0165087161511984
0.0172259362574912
0.0200733353795264
0.0143194245716635
0.0139277948418956
0.0131923552928335
0.0179271755290983
0.0170410850511282
0.0208472410196989
