0.0160006166907086
0.0177046906285133
0.0174683268248878
0.0194035430807218
0.0210305753826912
0.0223535895792258
0.0190841938326451
0.0180095383508091
0.0190413644576662
0.0222647235767792
0.0224880521955869
0.0262754780790263
0.0183907477387485
0.0188778827829308
0.0207860739416741
0.0227107620500736
0.0237902756573574
0.0273334071037006
0.0192720379671791
0.0205641789953761
0.0192752068802282
0.024017930915342
0.0229505993419605
0.0259271506247082
0.0208429259119126
0.0190154964717988
0.0180755699419272
0.0230240295928873
0.0217696810750084
0.025354032661494
0.0196179763407826
0.018147943915829
0.0186287740140381
0.0222472511714915
0.0222112548215664
0.0261965507537471
0.0186409544720657
0.0184969440495172
0.0186177899983765
0.0223751790895486
0.0227548897217812
0.026420391426205
0.0191153849365814
0.0184243371732754
0.0185907921883256
0.0230821927725794
0.0226409807702268
0.0273543463014591
0.0122391133336301
0.0128972212008033
0.0120242135578157
0.0145185926947862
0.0150022252556363
0.0164280552220464
0.0138249616230762
0.0123812947493933
0.0132373343754057
0.0157743553879571
0.0156677626923758
0.0179117695669675
0.0123377392251356
0.0133245398610383
0.0146637313753984
0.0156639079394965
0.0168618116076239
0.0187073111990499
0.0136167918955648
0.0147754578457282
0.0133266121246422
0.0172802999558362
0.0170545593108375
0.0194084179765249
0.0147620904908928
0.0135865137146752
0.0118595442003946
0.0168593584841374
0.0141762648393769
0.017116778148523
0.0136404142287319
0.0125878190291866
0.0127611640994287
0.0146769365167523
0.0156508535963637
0.0177191950422939
0.0125378500309941
0.0129418278485164
0.0130789853416351
0.0157443564051018
0.0166656918283421
0.0195184792797889
0.0129287747679769
0.0130295463337119
0.0127749999208119
0.0163599452458662
0.0155596727627552
0.0188789328383001
