0.0134778683597145
0.0150553706201388
0.0151470308780867
0.0169484404622142
0.0180794354143847
0.0198073327575963
0.0160348289243333
0.015075453916048
0.0160204779898662
0.0190047702522901
0.0187519276274103
0.0226111592880913
0.0151964515641396
0.0156085619077695
0.0190890844000332
0.0185978883538331
0.0220158275120731
0.0250366821372826
0.0156034010550518
0.0186309496695117
0.0177845916216446
0.0215828885394209
0.0210117955299559
0.0238822418903418
0.0186898526297951
0.0171355282759752
0.0171866639022979
0.0205697070681045
0.0197919268537935
0.0229184152122358
0.016979398229247
0.0164381415962264
0.0173176920004375
0.0192156775673248
0.0206960360838015
0.0234028329677132
0.016220729774161
0.016629559254336
0.0175645708688248
0.0200604095076894
0.0208900219880441
0.0245113169723733
0.0164758838980217
0.0170300389786404
0.0193192825695431
0.020270718830835
0.0223528011412292
0.0255812138268106
0.00640190287559365
0.00687006633546296
0.00634643573187098
0.00805235588308969
0.00791689779390132
0.00989761786923995
0.00733426699196219
0.00657654872880781
0.006997586241191
0.00867138403553636
0.00798392138148157
0.0102568382736323
0.00642602152020284
0.00673015851309521
0.0080709383401443
0.00777495506907381
0.00908903137166967
0.00995001856317779
0.00704651062432723
0.00825592356809176
0.00671029641858262
0.00905385431913979
0.00989566754965954
0.0105361238029258
0.0084947431036105
0.00693910661338557
0.00543084126555179
0.010077353972982
0.00694040269213785
0.00997358891087276
0.00729727758514678
0.00544241159381422
0.00681661141971394
0.00732063595201381
0.00811489206691518
0.00953565442729565
0.00530586377635758
0.00652110346577402
0.00691434586973787
0.00770085465082845
0.00882647661573495
0.0103013127589624
0.00652506216804626
0.0067865844694478
0.00792895431618333
0.00862233943858971
0.0098406786546256
0.011232958147222
