0.0147751723253123
0.0164698674941324
0.0156318870545814
0.0182882167462339
0.0194807971488299
0.021229697161625
0.0173161399885419
0.0157803289592504
0.0168658960196259
0.0202133522962345
0.020197930787537
0.0244367964114873
0.015966682940725
0.0166741162939121
0.0181775139044195
0.0202002159414039
0.0212882003142466
0.0246478448230077
0.0168060397231424
0.0179084937027865
0.0163088833748485
0.021193792824493
0.0197621106354545
0.0228924305140416
0.0183080488853518
0.0161486211378233
0.0159994332125809
0.0199185012095723
0.0189326682101501
0.0223960537721703
0.0161157708898323
0.0155595956930657
0.0171946190303597
0.0186851372422875
0.0196099339840326
0.02248403134512
0.015631963024539
0.0167779658934747
0.0170004639472593
0.0192811819431031
0.0207543282808273
0.023166988002524
0.0166571421241877
0.0164033001689724
0.0171735922657476
0.0203551280275675
0.0205399958057403
0.0245283441287196
0.0094137375029394
0.00995614595836011
0.00948571315029558
0.0119614756065309
0.0120075278035768
0.014414793580404
0.0101903889966684
0.00981978715174633
0.0101916398892478
0.0124277930930093
0.0125681950825675
0.0150478753597068
0.00957073244198184
0.0103170235212811
0.0107692723235679
0.0124330228354804
0.0126492826591488
0.0146913127816829
0.0104285748743941
0.010657851553047
0.00896638560010905
0.0126290940317371
0.012023167969302
0.014066285762348
0.0109372504923321
0.00894602340978661
0.00749940009928074
0.0123208510232561
0.010344825930747
0.0134410879692545
0.00899855716709457
0.00761879403858277
0.00891528980658154
0.0104414588797974
0.0104276283107027
0.01295485765631
0.00749814720993173
0.00866601110177218
0.00896989322475078
0.0101098234219573
0.0108209174669607
0.012711170192489
0.00880824120586765
0.00864085064215842
0.00921788354623126
0.0105325081576471
0.0113279363935156
0.0132531154253305
