0.0133056821132321
0.0163411898162955
0.0161881436555201
0.0173640261952819
0.0185949051047875
0.0194162418624393
0.0169086898370473
0.016127979050986
0.0173769039134651
0.0186478695444373
0.0196771955143128
0.0221840280754959
0.0161814749718212
0.0170611746522886
0.0213908868815275
0.0194299200381429
0.0233096171535914
0.0257073615966326
0.0173169551251186
0.0207182832889452
0.0189434882183283
0.0229259851236835
0.0223806903578169
0.0242694709446132
0.020618729491118
0.0185656981304151
0.0185777835760716
0.0219463497346628
0.0216862600053831
0.0247050292917622
0.017972864849291
0.0175735775412644
0.0186637423001221
0.0206399611942516
0.0212341863056963
0.0244413780153644
0.017392043601948
0.0179320810936853
0.0181015760405861
0.020471711473631
0.0218544156716286
0.0242015790384825
0.0181617102756223
0.0174805903641494
0.018261776967899
0.0216341321891194
0.0217828329789198
0.0257198909729349
0.00784124253978553
0.0100539227785197
0.00727304980405644
0.0114898689834971
0.0106350545240999
0.0117075838357196
0.0104338136132347
0.00796286351491416
0.00693367758348027
0.0105885791056009
0.00815252352245085
0.0107227656689713
0.00809863652731218
0.00868121905252861
0.0130657281494755
0.00944747313653142
0.0150106567213085
0.0157343363673176
0.00843420885537998
0.0131216414341556
0.0122944994818558
0.0140899552337563
0.0160686705796503
0.0156677569523424
0.0118410083083564
0.0123736852034363
0.0103242398028159
0.0145634726878704
0.0130640076934116
0.0151168182504142
0.0112628930343863
0.0105957991210593
0.0113962495948334
0.0124493760452046
0.0130017106138976
0.0143800725007839
0.0101742578111823
0.0111586888158994
0.0123076876210435
0.0119270959927653
0.0148021283976876
0.0163038296563893
0.0104157529476583
0.0115716385946948
0.0126813501165936
0.0134548145819109
0.0139725788729995
0.0159810674402922
