0.0232220301302186
0.0252008645015438
0.0245263905268289
0.0280964030830414
0.0294883031320716
0.0322300603192145
0.027087425908734
0.0250747127431233
0.0259662624251809
0.0314483979937568
0.0301327497424668
0.0362075810294368
0.0254362885696573
0.0257944216744174
0.0274767045181161
0.030274927798014
0.0318852035869938
0.0355148594193212
0.0264240366643585
0.0273919906914507
0.0252757910936361
0.0322048910421649
0.0301328834281755
0.0345349086968902
0.0284387363581341
0.025598533177383
0.0233109206922619
0.0309777366223825
0.0292087963148214
0.0339894590469315
0.0270157797963113
0.0239620547699323
0.024333148089325
0.0304423867572179
0.0292944920093048
0.035810187716443
0.0249455050424336
0.0244740849117903
0.023677213138543
0.0298953400970689
0.0297957652261067
0.0350704269166413
0.0255013138415272
0.0239241103566233
0.0237092986595387
0.0308359857324628
0.0296434333009125
0.0361566130086778
0.01919489347127
0.0200687333524897
0.0192028682940192
0.0231973521022697
0.0227961963512934
0.0258120707285559
0.0215671521378377
0.0199815530197677
0.0204831524168547
0.0248401461632004
0.0234055694309656
0.0281646843090887
0.0205297654458557
0.02073358772164
0.0221988307459493
0.0237658295296638
0.0258370213251892
0.0280798031812452
0.0212104237692961
0.0222951771340481
0.0206532140601143
0.0261454913754849
0.0249190567037849
0.0283204385916294
0.0232205050156328
0.0212022717969812
0.0176853192312057
0.0257949428590591
0.0233217952135816
0.0276702253854246
0.0223308450264476
0.0185941466623646
0.019160324034017
0.0246641913818457
0.0232152348710522
0.0291902034183179
0.0189791760021887
0.01915738420615
0.0192247483112116
0.0229983605057664
0.0239166899266464
0.0281072474538405
0.0199823445684643
0.019394080131411
0.0185197619930767
0.0249341246039104
0.0237728989848455
0.0292430982195514
