0.0202074176250541
0.0220459836594074
0.0213919637283422
0.0247879762189679
0.0261244230461896
0.028557528256211
0.0234447603550883
0.0216472460700395
0.0223020274068106
0.0275587734264286
0.0267433550127685
0.0323113812983621
0.0219974008172447
0.0222240332409974
0.0229886112614755
0.0268938261960063
0.027338982823336
0.0315993818520492
0.0227274777836063
0.0230473589983348
0.0207163111296223
0.0276868513042972
0.0252910960270853
0.0294846647765572
0.0238800064501373
0.020798128656509
0.0195039868190897
0.0259042913871814
0.0241150825613991
0.0287668052070916
0.0216853111835105
0.0198136912620086
0.0210310699854423
0.0248997687106367
0.0247612420018567
0.0299011326455787
0.0203983510163825
0.0206869889257627
0.0203155283095831
0.0248878869715707
0.0255504355761391
0.0295354437787044
0.0215011226757468
0.0202881703907287
0.0204581389880131
0.0261375293083008
0.0251799030196428
0.0309221225571167
0.0162811572120952
0.0177902562214246
0.0160511115462851
0.020338913972406
0.0202422555684781
0.0230956837714267
0.0186724948801753
0.0163590729111177
0.0164711952952668
0.0214998079079255
0.0194337934795561
0.0241733916062231
0.0168476365392567
0.016528363214226
0.0171571308175647
0.0198156717411703
0.0208520274270405
0.023770014458365
0.0169566286275851
0.0172428409065386
0.0157492754223882
0.0210636284215766
0.0191964691312563
0.0224408272132747
0.0175282875095073
0.0159318255088441
0.0144066314561924
0.0192414700740613
0.0180590086948209
0.0209565049400059
0.0160944839005045
0.0147497172779514
0.015567105690309
0.0183445902996386
0.0180189616397048
0.0214659100795376
0.0149739414345311
0.0153308317276515
0.0154611453358618
0.0178517079287491
0.0194955135234919
0.0218077623144015
0.0156592711784789
0.0153967093940277
0.0153135955181867
0.0196858072883992
0.0189145591271221
0.0229372203287149
