0.0132070689952989
0.0151515621313593
0.0149394634931207
0.0167508912711999
0.0178893056394885
0.0193071386553697
0.015544804235977
0.0145189124759429
0.0154727037666027
0.0179930772448163
0.0180201784121038
0.021559765296146
0.0147316492732624
0.0152067017190641
0.0185862947448003
0.0179051476815596
0.0210692254983171
0.0238164646126705
0.0152455895070479
0.018215391637961
0.0171952932226319
0.0206961321650649
0.0203631266378193
0.0226854682869859
0.0181255407215666
0.0166092928617252
0.0166169005428745
0.0198854730891035
0.0191033898184469
0.0220452220990556
0.0161399308569755
0.0157873087637718
0.0165868311687501
0.0182670591504681
0.0196252135715575
0.0220429830378269
0.015760471309869
0.0160670702583551
0.016771991487658
0.0192235563323027
0.0201022178928443
0.0233586088817474
0.0160822363660069
0.0161594700737125
0.0181027961164218
0.0196345392434405
0.0209279399733251
0.0243798832885595
0.0062040298274197
0.00721698709380298
0.0063431035186439
0.00815296491596759
0.00814046856727722
0.00976175698890201
0.00707623691946683
0.00667365651651872
0.00678887160382474
0.00832974652430834
0.00820851481252116
0.0100186546003421
0.00652998565002977
0.00688366422245028
0.00882758085161088
0.00803369016529247
0.00975453886602753
0.01068010752682
0.00720828772731133
0.00914722865408623
0.00755686212741234
0.00976477180319797
0.0107663821900106
0.0112797588899294
0.00919903822464674
0.00770479250347498
0.0055455614789256
0.0110719242771031
0.00753568437655419
0.010555651799204
0.00770986326569242
0.00584369898627238
0.00701001022377507
0.00777596017827782
0.00868209630785498
0.0102153565603536
0.00555289873431212
0.00679173336825212
0.00800438558771419
0.008160946361463
0.00971743642059871
0.0113995165230604
0.00670267741133159
0.00753619142094498
0.00822313584657235
0.00920053966459622
0.00994515689822834
0.0113022044030569
