0.0351666702823414
0.0380292863890673
0.0365762595928895
0.041873669955858
0.0442463430866769
0.047919581261692
0.0413499599990452
0.0374243603145179
0.0385295625692455
0.0471635332614335
0.0445872303127548
0.0535208393385169
0.0387688458465293
0.0390672509211554
0.0394565793225965
0.0456052260190986
0.0465024805199456
0.0517838589863612
0.0409546817961914
0.0402917621828143
0.0369476835044274
0.0480983627131257
0.0444002305702834
0.0515903142227429
0.0427816909845844
0.0383062572167822
0.03434884977746
0.0467699996842652
0.0440436559385499
0.0515782014233353
0.0411641680379129
0.0358491537887844
0.0345225629271984
0.0467853672872865
0.0434102792659672
0.0546415975828764
0.0373568480197651
0.0348643840603921
0.0334991581675774
0.0445146058625834
0.0425049600007881
0.0515165387504893
0.0368151587607609
0.0337183032151774
0.0320446692024464
0.0439207068801945
0.0410900468961034
0.050843569973229
0.0320786035753318
0.0340703059655047
0.0320825931900478
0.0384276905786808
0.0381665871148351
0.0422964042419602
0.037258198109648
0.032946056295771
0.0338168105752133
0.0412804240217136
0.0386032884368207
0.0463352393295724
0.0340880703591637
0.0343780657930532
0.0345769183181732
0.0395305461206354
0.0413383943794055
0.045274242672246
0.0357938710599819
0.0353391635661754
0.0317092381167934
0.0426330347737227
0.0388066761404901
0.0459897440000542
0.0371789759377641
0.0329221778363994
0.0283441386171272
0.0406532675415096
0.0375884115015576
0.0442822005666928
0.03543783345543
0.0299197019055789
0.0285551465316141
0.0403577757442783
0.0356733480076234
0.0461130090034229
0.0311833536205946
0.0288767388389545
0.0285473734467469
0.0366524538667489
0.0354388805120142
0.0428290856534242
0.030493349998376
0.028861857777415
0.0269032092698848
0.0368261175154875
0.0347173039897965
0.0425150630291458
