0.0265860737772519
0.0288194683523486
0.0274664709553392
0.0317907338801508
0.0333188342264154
0.0360187095598405
0.0306147019075294
0.0279675851938931
0.0293541734465627
0.0351537463478368
0.0342944097751318
0.0410678830591643
0.0288862575052087
0.0295112900853786
0.029317549742316
0.0349669300013013
0.0353690022217498
0.0401836713636089
0.030707609349707
0.0300470981298207
0.0270334964388229
0.0365554207392837
0.0332748778490591
0.0392842444937656
0.0317005880835867
0.0277649767896576
0.0253128474872887
0.0345767719945214
0.0323399482074962
0.0383663652865133
0.0298101072550716
0.0263082882068003
0.0258315017785777
0.0342984800783459
0.0322776517049448
0.0406385038284657
0.0273736223604087
0.0260192121226225
0.0251145899243782
0.0330284681646192
0.0319148017225139
0.0385929231762706
0.0276788099098543
0.025352337578861
0.0246722728443615
0.0330326167903816
0.0313016523662065
0.0388939971840628
0.0228799348042622
0.0240265274939171
0.0230032368843563
0.0270143517554921
0.0275185983979723
0.0306490040250193
0.0254771421470602
0.0235048312775496
0.0250831366469085
0.0293825802183746
0.0286047893752887
0.0339758562443574
0.0242011302541782
0.0253248175778611
0.024903801051807
0.0292048971727505
0.0301972340897689
0.0339081313626654
0.0262991746303765
0.0255904199527343
0.0226383858487007
0.0313658864956229
0.0285794279960287
0.0340692314455759
0.0268690071894212
0.0236982852837195
0.0209194994689209
0.0298923503046867
0.0277591296647655
0.032866329016639
0.0252346538586792
0.022049899831514
0.021442723033012
0.029767571376839
0.027072329556352
0.0346779045922663
0.022787547796519
0.0215544243863599
0.0212903341127985
0.0275486323766959
0.0266830973070276
0.0325939179019764
0.0230398078548172
0.0216241091732676
0.0204372643936249
0.0277860231438871
0.0263136890933133
0.0324987143400492
