0.0115458823380746
0.0126720312369397
0.0132533797876842
0.014362338153977
0.0153788377746108
0.016849211310726
0.0131898789873844
0.0132312265356542
0.0146295657649153
0.0157450012479326
0.0168489057607089
0.0191409677272799
0.0136370921293871
0.0142145080964147
0.0166042691896631
0.0167120669608039
0.0183822251661887
0.0208180244606145
0.0141520817921195
0.0159358437761486
0.0148922403535339
0.018026761610789
0.0174536248624495
0.0195013619077293
0.0162306417980602
0.0144874317073828
0.0140980060130431
0.0174781545795335
0.0166432662874409
0.0192694827080455
0.0146266597193704
0.0138485729256636
0.0143570317046082
0.0166063516243004
0.0169616949629716
0.0196404829046729
0.0141891418372517
0.0143198824533334
0.0143121491919448
0.0171596371486323
0.01739073695357
0.0200395701184103
0.0147720313165968
0.0141431156551012
0.0147744113182057
0.017563290069332
0.0177921351732797
0.0213169150942212
0.00797241895544062
0.0103061329915211
0.00773649157896688
0.011813077904955
0.0107992710395855
0.0116328139627434
0.0109372448268465
0.00818353143942826
0.00711197005811591
0.0121230144100012
0.00861038227094376
0.0123273442973157
0.00830664836860949
0.0074999449897948
0.010687902863992
0.0088300110194627
0.0116447814875844
0.0133682587729697
0.00768640952128314
0.0104605014243935
0.00998037262033015
0.011458779636938
0.0119359957780121
0.013196700066428
0.0100044204024234
0.00957274068818782
0.00869745055136886
0.0113133700210982
0.0103895373971187
0.0122065878025872
0.00918944571120366
0.00919711950284267
0.00884638011160531
0.0104903782570342
0.0111859013748143
0.0126011778900304
0.00868845797438901
0.00869500301873957
0.010402057604079
0.0108129420591127
0.0122597733034323
0.0143070923906543
0.00868232194010147
0.0102066982487455
0.0102981627687839
0.0114708343853893
0.0125751106605592
0.0143503507993228
