0.0139177715729556
0.0153966857159411
0.0154613629167637
0.0175045349011304
0.0184944873073786
0.0203248319491109
0.0160291956120521
0.0152823909771476
0.0160839090372522
0.0189279274001393
0.0191913322839195
0.0226830871260336
0.0153934184498911
0.0157861787319693
0.0174436354189902
0.0190780196960771
0.0202463311667736
0.0232916457426356
0.0160013471111958
0.017163418369603
0.0154615555233074
0.0202414440549938
0.0188300342012271
0.0217106727373136
0.0172628701915695
0.0151843899136338
0.014729501272939
0.018738636693994
0.0175977286470597
0.0209047737702925
0.0153721892066385
0.0145019545476405
0.0158168158794185
0.017560254158527
0.0182736911769967
0.0212908667554796
0.0146615756195113
0.0155276486335266
0.0155934588855328
0.0180415887668063
0.0192313880130268
0.0216930653534396
0.015718983924477
0.0152782859865373
0.0160267628523708
0.0192285634347836
0.0192218750095733
0.0232078784937049
0.00992007707204355
0.0108685210298687
0.0101530021075332
0.0130581963575738
0.0129497335126126
0.0150473020172984
0.0111589476128007
0.0103560160385881
0.0100616851223349
0.0133095622105591
0.012709271721152
0.0156440504636586
0.0102170820218861
0.0100850632698796
0.0112722851151796
0.0126380598258863
0.013214794170895
0.0156367911021377
0.0100792954246364
0.0114615604382396
0.0103436873363641
0.0133402532248756
0.0129789685171653
0.0145931056203399
0.0111301038579176
0.0102839519190135
0.00901903072207051
0.0126735490753016
0.0114548402259765
0.0134528537179675
0.010083494533979
0.00925569124097146
0.0103789714630404
0.0113327987864126
0.0119597537518385
0.0137862939917581
0.00899843118176767
0.0103328187238853
0.0109587626614422
0.0114219572248649
0.0134240397608048
0.0147191152361001
0.0101976468056538
0.0105967791891145
0.0109794900268448
0.0127402165721985
0.0131322265602654
0.0154610738151921
