0.0129820923483994
0.0147734266081894
0.0146663294345095
0.0162850566160936
0.0173234061748249
0.0186645040246876
0.0157088193099584
0.0149633365453286
0.0161953914344828
0.0181232330848141
0.0187727231073129
0.0220198958315807
0.0148956597456402
0.0159316163156181
0.0181247995836829
0.0183446161248143
0.0206238001408727
0.0226340176193799
0.0162130567625664
0.0179932663704854
0.0159198539551624
0.020657320348134
0.0193955466619857
0.0218156899260589
0.0177533715092363
0.0154913047474931
0.0151459254272732
0.0191543872632994
0.0179349863821382
0.0213304717851439
0.0157548549601217
0.0151718111108455
0.0160216814846966
0.0179563275827744
0.0189687680409111
0.0216918234988558
0.0154712022832255
0.0160019498110208
0.0156675927110052
0.0189434903437798
0.019708011588799
0.0225640376700074
0.016641246484056
0.0155922009999267
0.0161209849239557
0.0199971345391875
0.0193097511336938
0.0237504699220571
0.0091827185416676
0.0103941846744486
0.00978821724547142
0.0121023004315556
0.0122433791949535
0.0138470900839582
0.0114662833064186
0.0100854826423443
0.00966794720609483
0.0128547903937903
0.0121078926382512
0.0147619621180912
0.00998911488218347
0.0102093909036802
0.0124085597051466
0.0122677862564359
0.0143361376542936
0.0150640218463216
0.0102258035591375
0.012871549730299
0.0110518612599913
0.0141578551402909
0.0140246336555713
0.0148458484910888
0.0122248649136245
0.0110132307176132
0.0100617604695378
0.0135869712250298
0.0118194369742527
0.0143120662533348
0.0107443351716698
0.0102632533954433
0.0105485995918797
0.0118604107475033
0.0129504660997509
0.0145159032360443
0.0100720616172146
0.0105627172956387
0.0113311301465345
0.0124045928056904
0.0142274904318505
0.0161881322895688
0.0105163996788323
0.011225730147513
0.0116338279547168
0.0139206933775445
0.0136554633542739
0.0165558818867052
