0.0209033133720014
0.0227917693728489
0.0215670102040225
0.0256739950988763
0.0264292829584124
0.0293080007210716
0.0244220513307871
0.0219182349480161
0.022308726317354
0.0281249404344162
0.0267863132031816
0.0326803111934106
0.0228393639369886
0.022702482404024
0.0231401048876484
0.0275006985648706
0.0278526705002969
0.0322219130689974
0.0236763990725208
0.0235121855154126
0.0210784771410145
0.028584225612674
0.0258281203194131
0.0306096843283602
0.0248208328216328
0.0217866926731896
0.0200252127346089
0.0270297155676509
0.0252008896357703
0.0301066511918112
0.022998013403788
0.0206439510051118
0.0213823369389614
0.0263807008028542
0.0259460995460482
0.0320742878973133
0.0214953544720949
0.0213742440045683
0.0212568013034906
0.0263852184546726
0.0265080280493691
0.0313373907893871
0.0221175625071768
0.0211685811815623
0.0211002972159568
0.0270366631178956
0.0263848105003028
0.0319726235895198
0.0170259986677426
0.0174672170390443
0.0165158210494294
0.0204678806998715
0.0206344595880927
0.0237364978231209
0.0186324138815908
0.0169890076284197
0.0177885989529069
0.021929410639138
0.021011914846155
0.0259724797028085
0.0178963585045059
0.0181811907062174
0.0176174416217489
0.021591375393948
0.0220097782829382
0.0252755267713482
0.0190495229202195
0.0182285778973704
0.0159314417419206
0.0227639121707547
0.0202483059020776
0.0247888698723739
0.0190531825579901
0.0165654740934336
0.0142470958727808
0.0211443787388244
0.0191039416244518
0.023442645667163
0.0175241892689797
0.014920866388091
0.0156575536321678
0.0202318736448767
0.0189146345341904
0.024400953707366
0.0155702738116645
0.0157605521224469
0.01629914427394
0.0193134766218303
0.0201213363629052
0.0236852644418194
0.0162848107116221
0.0162315434603364
0.0157208215744204
0.0204784861718032
0.020067591844283
0.024112105726022
