0.0196796442927004
0.0216467072305148
0.0216830932900568
0.0241936677163923
0.0256563921411295
0.0276462997906361
0.0235874036571332
0.0217970725709969
0.0223157977079244
0.0272736916725496
0.0262624070877336
0.0313684079741041
0.0223395904300236
0.0224233374850298
0.02403558228484
0.0264807854315046
0.0277434038818643
0.0313281673420995
0.023194119146863
0.0242052873845705
0.0218611242307265
0.0283386802793113
0.0262956197769706
0.0300268140051168
0.0252806735133764
0.0222842981761243
0.0209745701633808
0.0272909792617878
0.025521450805675
0.0299044892724906
0.0235313101016955
0.0215295588291369
0.0222827444956455
0.0266720370077874
0.0266018263206858
0.0316515106864197
0.0221477006242478
0.0220242358563305
0.0217379473084741
0.0267934967647512
0.027108002861863
0.0315303914135141
0.0230538052693702
0.0217752718777055
0.0216634363777872
0.0278909145846226
0.0266160539037844
0.0324472187078685
0.0153461843965794
0.0173979656838328
0.016321999986875
0.0196521081043905
0.0196012158073592
0.0214846774861763
0.0187089548714743
0.016414058360919
0.016493367454087
0.0208582322293594
0.0193232764820894
0.0234776215404835
0.0168070814773826
0.0167145267653504
0.0183519688055478
0.019651293252157
0.0208260804530602
0.0231431870523775
0.0172936850818325
0.0184978777201905
0.0165054965219422
0.0213080169976285
0.0208414563157923
0.0229884908168704
0.0194398890048618
0.017096507103239
0.0145451868543979
0.0220343485501681
0.0185379627434491
0.0229923750242767
0.0177970440718058
0.0153258363893312
0.0163400395926277
0.0193578728118147
0.0191970274473014
0.0234516132420194
0.0154399498049783
0.0163458470933564
0.0167885275971183
0.0191428546881426
0.0207937061168599
0.023677431148568
0.016619597929533
0.0167441785206125
0.0158484353919504
0.0210712357664035
0.0197878035032594
0.0239211194388091
