0.0120357219020068
0.0135502753711756
0.0132561397849868
0.0150766385743679
0.0160124233568895
0.0173439581459814
0.013767974320207
0.0130343622139059
0.0140942660848844
0.0161011616266271
0.0165910114037045
0.0195442758979963
0.0132398090302771
0.0138371664386818
0.0158097608365293
0.016540370486092
0.018240687463444
0.0208495755415707
0.0139012698781496
0.0154808563690248
0.0141014823692224
0.0181200024086179
0.0169232484901795
0.0194665434312322
0.0155765100853161
0.0137821537044368
0.0136264339458801
0.0167482747254413
0.0159883683174461
0.0186251614234388
0.0136690595701387
0.0132371376330873
0.0144452550057702
0.0156596430530098
0.0165694766159589
0.0188984269649358
0.0133378300902445
0.0142566227443529
0.0145735346177305
0.0163888423843619
0.0176214202125329
0.019624165372333
0.014376283788834
0.0142871926649689
0.0150585244687133
0.0175342273074406
0.0181436718874583
0.0214250922752372
0.0073840634927487
0.00799635962956857
0.00748797689171809
0.0097108382917605
0.00971062725223664
0.0113762413311367
0.00789335016248943
0.00753877197096954
0.00825849449893244
0.00963436955962156
0.00988351512338973
0.0118202793562076
0.00733049794036613
0.0085223829937439
0.00924331627029106
0.00961114294670532
0.0108191446986702
0.0120013952482241
0.00838107767162496
0.00921343450395261
0.00804850321684438
0.0106987254368542
0.0105315350888262
0.0119365189038803
0.00934522433039759
0.00818797944459471
0.0072114948014271
0.0105824382324475
0.00872175883831554
0.0113092650088139
0.00781883351019856
0.00734732694904018
0.0081002194817492
0.00870191623068595
0.0098126643746677
0.0110761800024148
0.00701443322252823
0.00792058094161593
0.00863263003700452
0.00931745323364757
0.0103007376314755
0.012076017010547
0.00753152419407052
0.00841770018077624
0.00882182626146024
0.00962706557841126
0.010670085588491
0.011957384800372
