0.0252168712878278
0.0356861651789688
0.0270574270697947
0.0310792607955561
0.0407134271839211
0.0355408170777086
0.038833960811245
0.0275600521084959
0.0282318181471929
0.043644970622521
0.0332173381424617
0.0486265283945454
0.0282869810781112
0.0285111983241762
0.0306472919242247
0.0338285309334456
0.0348665923328685
0.0398013012109402
0.029630883724152
0.0310924222013736
0.0278901470275518
0.0358738603991801
0.0340687721443146
0.0383502606111568
0.0325059938926458
0.0285690204045124
0.0267927915599343
0.0353508526681302
0.0328598549503328
0.0386529333072297
0.0301231548517211
0.0275678846887805
0.0286575565225648
0.0343099790777494
0.0340873341264907
0.0406528418756413
0.0286005341239801
0.0287483503973131
0.0279404564471065
0.0347759958850813
0.0351408404744943
0.0408152767496897
0.0298429721441224
0.0279165508760434
0.0281432905324181
0.035896063789759
0.0343039274457992
0.0420582661975973
0.0192166532247847
0.0225690429856549
0.0195136325880515
0.0245015309440919
0.0247938931379849
0.0270701098580373
0.0250858765418451
0.0203316297944943
0.0209155579665617
0.0268416899000921
0.024476134229094
0.0290113959942616
0.0210485004301943
0.0212829184774387
0.0232821176870494
0.0252235007912465
0.0265077789180228
0.0295549257457467
0.0226930779449626
0.0241044990034922
0.0212250542630323
0.0277797253784027
0.0276358679216512
0.0308148103337042
0.0253278234823125
0.0221898786229941
0.0190040295219184
0.0288586597791169
0.0243133470683732
0.0303055448359161
0.0233967382297262
0.0200481088435598
0.0208666266009052
0.0256991957650628
0.0248826484060709
0.030301503768344
0.0209161011418553
0.0214363709552646
0.0218864326223664
0.0256819426034179
0.0272066400763481
0.0320235258625065
0.021870005428749
0.021719309444377
0.0209442233359696
0.0272158956043719
0.0261556892120911
0.0316480996402257
