0.0191421261689797
0.0290973139043756
0.0203239790070323
0.0239398756194211
0.0328071041535869
0.0277056111814908
0.0303676687016714
0.0205669766010404
0.0218283657190068
0.0339868142988085
0.0260571016434495
0.0395322737707641
0.0209437054508177
0.0218640395507394
0.0235211792553201
0.0263049045340843
0.0275186454108037
0.0317477140977787
0.0223394487515766
0.0234596717537796
0.0214749602195573
0.0277141583438031
0.0259355448229367
0.0300099947838819
0.0240312374123993
0.0215590245672494
0.0211494349019331
0.0263483765416187
0.0252255683504391
0.0297626074846147
0.021783063775167
0.0210137838652382
0.02300107725182
0.0252979108647828
0.0267293123570749
0.0307307317441028
0.0212504929926994
0.0225298934796949
0.022697294730515
0.0263463587307477
0.0277696146187596
0.0314229854652489
0.0227150249245976
0.0222071545848008
0.0232653043918944
0.0276072033790638
0.0279208483815814
0.0332731526893073
0.0117533807196505
0.0129647227893843
0.0123865287198963
0.015584998927358
0.0154484273641989
0.018759461835879
0.0133459532057116
0.0126080925243863
0.0137639746902277
0.0161526112613434
0.0165745458935122
0.019035096921952
0.0128233218969969
0.0140014542882805
0.0140952176515864
0.0166472192930462
0.0160450973412513
0.0189383654790795
0.0143255454536194
0.0143705212028375
0.0112629915508282
0.016403191838226
0.0161584164354754
0.0180129535986483
0.0149069858940145
0.0115120517355462
0.00993114251828164
0.0166451268557277
0.0132240585006517
0.0179706605744725
0.012017004134121
0.0102277437475679
0.0118925872206543
0.0138860850382148
0.0143309698071628
0.0174093421102198
0.0102874550079511
0.0117976557468025
0.0120610549993842
0.0143695375688303
0.014378903319049
0.0174523242443571
0.0122279781679563
0.0121032930182954
0.0122746500553205
0.0147345226034656
0.0155217142271282
0.0182412785594474
