0.0245020874819408
0.0360616226541315
0.0250290267470852
0.0300069380347898
0.0408895593447246
0.0344268543361144
0.0383921557627939
0.0254757510542848
0.0259685398321812
0.0432237564701076
0.0310458820995259
0.0474521716775415
0.0266896470911912
0.0265283581930442
0.0270797313481825
0.0320705571879163
0.0323964441557866
0.0374206318247838
0.0278159448810354
0.0277128856394639
0.0248732894916991
0.0335254858850922
0.0305868451643651
0.035942094214599
0.0290860777945819
0.0258128843809511
0.0240331690829825
0.0318893080565389
0.0299276398753957
0.0356159506285502
0.0271608389868347
0.0247329138073162
0.0256758713536966
0.0313107818522831
0.0308617263325609
0.037805846817801
0.0257825294784024
0.0257232964676494
0.0253211801299166
0.0315482835362716
0.0316748600769641
0.0373644379049845
0.0267061630863751
0.0253243472215811
0.0250534409173567
0.0324161483808292
0.031337975494549
0.038093089853074
0.0197871622595349
0.0203803529775554
0.0188843652023946
0.0243818896523094
0.0238164235109482
0.0279899955697602
0.0224353721535237
0.0193636250194835
0.0207026970119255
0.0259447164015112
0.0244038541117834
0.0301029343276242
0.0207613342032879
0.0211772614667005
0.0202376949436563
0.0255484395611329
0.0252009282089232
0.0296024973189418
0.0223855513080874
0.0211413091470947
0.0187857569533504
0.0262506886560825
0.0239002564780253
0.0285659796791266
0.0220356734699663
0.0195170682647715
0.0173778554940714
0.0249670583448325
0.0227942497715293
0.0278692765791966
0.0204800673902009
0.0179019635935767
0.018618784712975
0.0239123601783599
0.0225969672654271
0.0289914937780944
0.0187691159289432
0.0188870466961134
0.0193656574918908
0.0234040835057197
0.0239886398789287
0.0286040094158574
0.0197546879011763
0.0194643809595151
0.0187779110515033
0.024579402076401
0.0242570449889671
0.0293556745626084
