0.0245905311844319
0.0349634557040047
0.0258801992952819
0.0304858485318557
0.0398116443525392
0.0352324582326877
0.0371011754520999
0.026330514506732
0.0271189548200374
0.0420368729053109
0.0323658824955689
0.0473420031690745
0.0272775882308325
0.0274478342214624
0.0282353850903519
0.033153615315469
0.0334225240594612
0.0386036791554114
0.0283345041854029
0.0285277556081775
0.0257726447726706
0.0341493066701717
0.0316356688522452
0.0367065775266548
0.0298078700501688
0.0262787315044299
0.0248254653526238
0.0327205434234026
0.0306042878511541
0.0365049091526867
0.0276657740962086
0.025447312328471
0.0268934099344154
0.0318146046501262
0.0316660965955335
0.0381750898805303
0.0262413531656456
0.0267150331674642
0.0263220822494387
0.032006451342114
0.0329405310327617
0.0379945642313661
0.0276488470369195
0.0262935624387276
0.026272525727144
0.0335697354556693
0.0325099596121887
0.0396882798077533
0.0201044969481713
0.0227906363645015
0.0200168867702814
0.0255372706978122
0.0257458195845099
0.0290919465510331
0.0248972850815706
0.020268134631765
0.0204030802168954
0.0278291911629195
0.0246287116923968
0.0309200139281706
0.0212854474164444
0.0207167912379801
0.022249087692225
0.0253593088784807
0.0263965853103044
0.0304122871924321
0.0214018989954471
0.0224818997083528
0.0201788885087235
0.0267709578492895
0.0250900612421314
0.0284780931853767
0.0232941530348259
0.0205361902406757
0.0186851864520595
0.0256438325916916
0.0234392720066351
0.027768346399143
0.021436551322403
0.0192691665852257
0.0205195476242762
0.024204402583571
0.0237366849821502
0.0284413229679996
0.0199750150275565
0.0205738169256613
0.0208097094790245
0.0239571546904779
0.0259775959363682
0.0292080623034803
0.0209996379480298
0.0208012729908507
0.0204185872778281
0.0262611986517831
0.0254448517252556
0.0310783026061114
