0.0215287914942701
0.0311989917182363
0.0231244717817802
0.0265472097881473
0.0355672267090815
0.0304948967267594
0.0334389840991452
0.0238655913879864
0.0252790244198513
0.0376762039967773
0.0297695242532342
0.0429015673655396
0.0246805485475631
0.0255184598408636
0.0282797748022077
0.0304919779158669
0.0320086876113446
0.0368538557334246
0.0262165891841396
0.0281959608094313
0.0260236109886964
0.0324755240952691
0.0313456744491786
0.0350750597249337
0.0289349349609204
0.0261991001956972
0.0249127698992632
0.031902616727393
0.0300803293141235
0.0353483625444076
0.0273468002665286
0.0253314111231271
0.0260171608187619
0.0311063041682636
0.0309799716687626
0.0368058238288214
0.0260302788417212
0.02598588533293
0.0256299694196758
0.031297346659174
0.0318222513152431
0.0368827919714302
0.026852865913122
0.0253800476740244
0.0254485317173409
0.0323582693216856
0.031013075103853
0.0379270572699759
0.0159956136318095
0.0182788370407179
0.0152017557281715
0.0193740536742866
0.0194955650009736
0.0212445266480338
0.0204176322956917
0.0156486509140288
0.0176228851828601
0.0210657122079334
0.0203407967161923
0.0225852339648998
0.015922396395359
0.0182748805222918
0.0207282547403685
0.0206088137111243
0.023593012956586
0.0257281432522915
0.0191215272609921
0.0209628007363877
0.0182054666407023
0.0245401474409055
0.023866024299939
0.0268690744273499
0.0212018824205702
0.0185543618493553
0.0169029856690511
0.0238737312642541
0.0199591333976766
0.0251889851407349
0.01936287083564
0.0173631181208423
0.0176592588767319
0.0208235665636311
0.0216627526986833
0.0250661469747437
0.0177162317799954
0.0177978256997343
0.0182000419497055
0.0222017422237388
0.0238700275087139
0.0277649022513696
0.0185562410336656
0.0182326346213137
0.0177132490367793
0.0237375535284578
0.0215672196034496
0.0272829764760789
