0.0386607925108784
0.0566695033137723
0.0399552529138163
0.0460471521131161
0.0647992132107402
0.0526547001911816
0.0618262527615018
0.0412044653773086
0.0425174056303558
0.0699521486961503
0.0488678087400034
0.0747846029301156
0.0427030607125176
0.0431321920117904
0.0437312547108526
0.050098317564282
0.0510116647654048
0.0566765827394057
0.0454541352129031
0.0448852780666135
0.0410313429279619
0.0529838196655159
0.0495193245282494
0.0567611484460109
0.0480520633595909
0.0429164483655618
0.0386996040056548
0.0524520409191333
0.049470337588826
0.0577589765505526
0.046173657968153
0.0403698461241815
0.039129748602649
0.0526598568288048
0.0487026669490632
0.0612935255971941
0.0423400114428703
0.0396767777222132
0.0376885368841314
0.0502263185704728
0.0480215540451031
0.0579654386060043
0.0420854101187691
0.0381542699948413
0.0362217581771052
0.049874978923482
0.0465204504474276
0.0575735334911623
0.0355775427062179
0.0394125388465285
0.0356582529838552
0.0425766047635615
0.0431835396486411
0.0470330901845855
0.043916326698525
0.0370223023798612
0.0382608676673459
0.0480681908457524
0.0432155139924396
0.0511543377322388
0.0382010753517702
0.0386951085822417
0.0392210907816517
0.0441249912781046
0.0464808745858584
0.0507880922003203
0.0407340209951942
0.0403610709067579
0.0363471139158507
0.0484378605159844
0.0447767281758286
0.0521952309323589
0.0432087634571523
0.038041053509505
0.032993367669531
0.0472699760432629
0.0434185563678085
0.0512153144211916
0.0412621340196724
0.0345197313000006
0.0334121537113116
0.046503792830415
0.041066653357224
0.0531627098207817
0.036167587761818
0.0336215859599401
0.0330847224933914
0.042295349254814
0.0411651661679866
0.0494958208620813
0.0359356509158952
0.0333592837363296
0.031383034735915
0.042792257774785
0.0405668431764402
0.0498220828193068
