0.0196082161334751
0.0313913826483641
0.0221269247068874
0.024970845650545
0.03568623480711
0.028836108656555
0.0327858008197158
0.0224689763705135
0.0236965523823034
0.037177525661236
0.0277435084332729
0.0427904104236798
0.0228545954759911
0.0234971870714443
0.0276868899633605
0.0279909096891628
0.0314499036674175
0.0360560269269903
0.0236788428961388
0.0271310519394392
0.0260129618782687
0.0312971337608233
0.03041319420022
0.0345109812771492
0.0270840958552416
0.0254085607701786
0.0257206283016454
0.0300842049126747
0.0292339222180853
0.0333526907379744
0.0250741240985061
0.0249032220349025
0.0257908327017882
0.028485820036121
0.0312247576592052
0.0347092330304419
0.0244448507950339
0.0246803456615337
0.0259703399758182
0.0302606797671716
0.0310470254512349
0.0367233837464666
0.0246292091866781
0.0248069673614602
0.0274690212362421
0.0302149329722485
0.0321797917529274
0.0376079390022379
0.00865890678364914
0.00969051804558536
0.00915508896744942
0.0114164534437501
0.0107349653902479
0.0140490038969417
0.0101768032161234
0.00929454192487791
0.0116858317789943
0.0112369411716725
0.0121103590945905
0.0135349885180857
0.00969998534988029
0.0117462508203004
0.0113734643347329
0.0127344518553669
0.0129834948931686
0.0137539019935706
0.0118621567959159
0.0119627984068919
0.00936254099509582
0.0132821503280384
0.0135319574890981
0.0147115606552411
0.0124861595076052
0.00956181376168032
0.00943029216422487
0.013703707441074
0.0108468977462854
0.0143750010878583
0.00991682375830467
0.00921298616484423
0.0100621849130938
0.0108619278895392
0.0126318201561463
0.0131273935588131
0.00907102764006772
0.00987799322364941
0.0104169740890196
0.0126590173467341
0.0135209256078006
0.0164741009658846
0.00996852307251079
0.0104510420608696
0.0107084937144481
0.0134551416545192
0.0134950348053805
0.0159910093138452
