0.0189792604939556
0.0273697255676091
0.0209802937922868
0.0238939844996186
0.03133927591384
0.0279395184408456
0.0283954148374873
0.0209549188125167
0.0218550909642399
0.0321099877399919
0.026039888878558
0.0368776414448402
0.021458811623879
0.0218123258983945
0.0236368618014785
0.0264174819541489
0.027394633171726
0.0317488919196887
0.022411638652355
0.023658982261231
0.0214657976272246
0.0277494149211361
0.0261820272750384
0.0301319225904956
0.0242670835526809
0.0216682939463468
0.0208130844722355
0.0266524985257122
0.0251044415185304
0.0298353128514565
0.0222007021148563
0.0208922063671303
0.0225654638486252
0.0254620052507547
0.0262542718267418
0.0307811024439147
0.0213071618283398
0.0223616703180303
0.0223227194473368
0.0262178022271597
0.0277545132578392
0.0314253045755543
0.0227023883688928
0.0220097138853343
0.0226129583120369
0.0278338912827816
0.027239067558843
0.0331566462535614
0.0138580167364496
0.015166633736119
0.0140172450296778
0.0180330347279224
0.017279411056713
0.0204329690706638
0.0159245350140456
0.014260856396955
0.0141725200891258
0.0179388704381996
0.0180082949860078
0.0209627983279142
0.0146960313053846
0.0142810590325586
0.0156148366834376
0.0182577242945335
0.0182352334932802
0.0218809561325621
0.0146491967620784
0.0160283150919686
0.0144609291814846
0.0185803468882337
0.0181389953321878
0.0202437764542853
0.0161627751712643
0.0145171187721058
0.0132303122835376
0.0183395828407647
0.016412181027861
0.0199328270873013
0.0148620046047269
0.0134328453422222
0.0151327228577682
0.0165140023076975
0.0174508200067655
0.0204657713133872
0.0138125908084714
0.0150311289303871
0.0156730876654323
0.017439706521312
0.0196763759495174
0.0218367683864799
0.0151601755933311
0.0154024101927122
0.0156548966800283
0.0193226295948414
0.0188180403325621
0.0225329052720314
