0.0300384903412887
0.0445531424642023
0.031121315603287
0.0363757164285031
0.0504763214631413
0.0412306877176113
0.0475873943560765
0.031864022336996
0.0330672267346132
0.053759092316119
0.0387715055789232
0.058773942739498
0.0330139508397564
0.0333053103986834
0.0333511374120019
0.0395818891701559
0.0398727646502057
0.0455077772469953
0.0347616155452973
0.0341474024614041
0.031006877663925
0.041206316706859
0.0379852047816228
0.0444984655112736
0.0362726805849702
0.0320504222753182
0.029483540291054
0.0397708753893466
0.0374479878317403
0.0443276098910433
0.0341308889373435
0.0303750742312677
0.030269209766281
0.0393415254964694
0.0375117648147296
0.0468589539374506
0.031650425659269
0.0304467499607752
0.0294512025983861
0.0384459239903812
0.0372283573600404
0.0449673484512752
0.0323309056699838
0.0299167942192113
0.0287547985373727
0.0386725241842151
0.0367238101831813
0.045489524373067
0.0254171524424173
0.0269117928868286
0.0260503016250721
0.030428067418874
0.030866613592142
0.0349706971617738
0.0294719748979024
0.0267535829203978
0.0278491865235434
0.0341375596934437
0.0324348438694241
0.0376181707577109
0.0277738388036607
0.0284609309570476
0.0282816344626826
0.0333072197647434
0.0336031499593021
0.038103835087601
0.0296466842275231
0.0289042055810875
0.0257746029449672
0.0348081140426727
0.0325907021738003
0.0382127389923825
0.0308504626164604
0.0270661033213797
0.024148279813903
0.0342344112120858
0.0319722087978234
0.0377953878952309
0.0289378771478689
0.0249402802976813
0.025025375496696
0.0338740589354162
0.0311832995478991
0.0399067910294259
0.026114791408327
0.0250505327401029
0.024897818140068
0.0320835799898338
0.0309503666754217
0.0377146134957909
0.0269835261374056
0.0255215280768406
0.0238772763830323
0.0325663451625007
0.0313997180165727
0.0383192663213504
