0.0174925633061566
0.0255755322132225
0.0193769820308747
0.022234517261032
0.0290649435513507
0.0257052831411783
0.0260899170154174
0.0191910807633828
0.0203141960094198
0.0293425037350676
0.0241112333283616
0.0340844933643748
0.0195924706253685
0.0202974394596274
0.0227910135056131
0.0243500298048498
0.0260523625953952
0.0299272795564973
0.0206962943684703
0.0227499488181314
0.0206374376305687
0.0262934628778126
0.0249354041665644
0.028416844090258
0.023086495215154
0.0205251769730703
0.0201805334695987
0.0250269753876293
0.0237412376165506
0.0278518218088306
0.0207560649868073
0.0200488254538737
0.0216229073833909
0.023726193837638
0.0251369183604878
0.0287635612294465
0.0202807917746588
0.0212365022861743
0.021644885162723
0.0249855813944778
0.0262997012923103
0.0298594489241727
0.0214751758135283
0.0212445775619809
0.0222495750350644
0.0261967452873425
0.0269023440843807
0.0317179545393173
0.0107490304318544
0.0116717068798092
0.0103890986599867
0.0146352884789901
0.0131827434833201
0.0166059811125178
0.0115231270461579
0.0103558015179554
0.0122460852926574
0.013319389992179
0.0144455373987748
0.0159544833938088
0.0107269615773793
0.0129103748192126
0.0138628829815054
0.014740321380268
0.0157383509423934
0.0175740752925058
0.0131484389105285
0.0140186502479655
0.0114208560780806
0.0162062689362241
0.0157462284695341
0.0175775278656214
0.0141224045023624
0.01165776190455
0.010892113413771
0.0158901981983261
0.0123826247540809
0.0168280680245297
0.0119797775049402
0.0110491381973363
0.0116397418251471
0.012971044743915
0.0145040544675418
0.0163410972206764
0.0109232119179452
0.0115010985351471
0.0125157078072038
0.014348969476684
0.0150883865274814
0.0182278477769278
0.0113948425524153
0.0124606949421265
0.0128654303297912
0.0146645860709429
0.0158491531155934
0.0182545944018853
