0.0189547225331061
0.027269506549649
0.02107909483133
0.0238150849059131
0.031158330890598
0.0273890115637061
0.0287390353614299
0.0213047048261159
0.0226511359813348
0.0325726397911096
0.02644510010835
0.037619067531086
0.0218575749152611
0.0227947066434428
0.0257043388963504
0.0267605647426823
0.0290895314367984
0.0324312407780413
0.0234954885780419
0.025756113280927
0.0230545522322584
0.0294467236474129
0.0281256941706879
0.0315443598502302
0.026209860014868
0.0231961468178041
0.022466999937447
0.0286146602988276
0.0268906403616737
0.0318463133371542
0.0239243822459029
0.0228213290248964
0.0239514100950357
0.0274138197096194
0.0282094014345175
0.0328552628860387
0.0233497669179032
0.0238101413210009
0.023555533670086
0.0284126807390086
0.0293809888938754
0.0336623330799731
0.0244524083107939
0.0234007152913181
0.024032617682881
0.0295304023775868
0.0291298669451839
0.0351204301444984
0.0131177467216417
0.016410011499761
0.013225716506988
0.0169610031301714
0.0169244043954062
0.0184193380633445
0.016923272656142
0.0135185340024877
0.0135761641086092
0.0171972989990624
0.0167897837454365
0.0195186677055077
0.0140034355361088
0.0144548923322572
0.018502752843856
0.0175698787703271
0.0218150867808896
0.0223425926665343
0.0148537637433292
0.0188220601943772
0.0156513964972607
0.0219095882339331
0.0209275387637981
0.0223099195892825
0.0191037950802986
0.0158058997269325
0.0147697220229908
0.0214509440496931
0.0175038566821423
0.0223018743123099
0.0165932458695807
0.0152709787192262
0.0163241875524139
0.0183999756678394
0.0194162866814211
0.0222940789928174
0.0152291015159054
0.0162956305585859
0.0165801023512453
0.0190507593189883
0.0213152352399514
0.0242488798251357
0.0166001447319805
0.0165583149599119
0.0176834316138349
0.021102353197679
0.0203076401920719
0.025082097716971
