0.0204605334110956
0.0280184736723747
0.0261534160820118
0.0264289168563686
0.033265984697508
0.0310334233266246
0.0291981957045045
0.0260977216363468
0.0281316349417176
0.033389050983691
0.0315962453413139
0.0389074288629515
0.0263888740567265
0.0281266899732592
0.0333236028176913
0.0320583608690194
0.0368347601963963
0.0406314471521716
0.0286210180531438
0.0331374541811878
0.0305125050868054
0.0365454269404425
0.0361226312873633
0.0393219976170991
0.033581426517108
0.0301033643587117
0.0297102971310644
0.0361348408967875
0.0350701539176877
0.0402047496861237
0.030151329933981
0.0287786976241433
0.0303446182657332
0.0343972221707238
0.0350336363844378
0.0407959843292097
0.0293171850484493
0.029882097109238
0.0296692785839593
0.034792647436895
0.0360929512028902
0.0405696154612989
0.0303973193319696
0.0290082426602013
0.0297063735984598
0.0359414802332885
0.0356185725783049
0.0421346022818687
0.0132910890137462
0.0162665883315632
0.0139849420708167
0.0182644200100952
0.0177534654360488
0.0202653858806919
0.0164141495830235
0.0149456185399417
0.0165378756654713
0.0182339460453856
0.0178452673437107
0.0204465913210406
0.0154306695896624
0.0176408633360615
0.0225234976379892
0.0192953812980044
0.0246596262162962
0.027142566185551
0.0188867962595157
0.0232626712497096
0.0203478853876753
0.0249937994989475
0.0250117780919805
0.0257110612057218
0.0222542892940135
0.0196383892927047
0.0181636496328884
0.0247775836309978
0.0209096656771217
0.026462826603687
0.0203510502398703
0.0180275043513352
0.0190616197117903
0.0210524316876311
0.0227627188964413
0.0257511501257253
0.0182507481646184
0.0184433669743961
0.0202295902384589
0.0222909263537335
0.023683641398451
0.0277002885413213
0.017862427941185
0.019348343859192
0.0220278507936526
0.0227067636263072
0.0242930439542979
0.0275564386705996
