0.0196964129088565
0.0298518638625882
0.0222271526204731
0.0251773791349071
0.0338040523824997
0.0289097975565641
0.0305060942019506
0.0220352335799939
0.0235010688404431
0.0342918099718911
0.0273966670685325
0.0399045818245351
0.0225073391885803
0.0234534611575759
0.0277357402712322
0.0276193381710309
0.0313194196181541
0.0357010173214296
0.0237186345466087
0.0273620349610096
0.026008444427213
0.0311921796352339
0.0305287442482559
0.0341831265044149
0.0273881503441531
0.0255233298319342
0.0253547028746664
0.0302919985987165
0.0292503238646145
0.0335435963488732
0.0251223273500906
0.024628828910135
0.0256982015949814
0.028541651688075
0.030735840502496
0.0344687120778522
0.0246947766477353
0.0250599845046775
0.0257013303137479
0.0302344036186129
0.0309523457502998
0.0360273453539511
0.0252130579518861
0.0247944896980829
0.0269525932067484
0.0304906387329157
0.0316318848967371
0.0373945915659648
0.00887086398875737
0.00962156941656535
0.00887990116367113
0.0118352932185785
0.0108447060712261
0.0141751745532281
0.00963707895379567
0.00911219945600885
0.0111961283672231
0.0109686060971384
0.0124504117761195
0.0133627814791348
0.00946057528669952
0.0116934675306816
0.012003364933056
0.012933833741014
0.0135919679720752
0.0145685267129033
0.0123399272186203
0.0129943958187631
0.0103276005966059
0.0143012671258131
0.0150052727690746
0.0161918148430027
0.0135993780852118
0.0105192473404786
0.00964558476468944
0.0155591674061943
0.0116215225853058
0.0157935172345044
0.0109639363985658
0.00958617139391483
0.0104066796945457
0.0119732419603103
0.0134206300320717
0.0148917436378064
0.00949934363965182
0.0104778407501696
0.0118531349247733
0.013622513649941
0.0144555107739063
0.0179858891775808
0.0106651834946452
0.0117361268642314
0.0119141534044588
0.0143290827326892
0.0146406606118732
0.0167606335323769
