0.0177115072931097
0.0241221862526528
0.0204262134571439
0.0220373591622808
0.0283567318585074
0.0257692995531827
0.025108428103828
0.0206406183862925
0.0226728925272674
0.0292886667404499
0.0262276022013025
0.034438620053084
0.02149199330491
0.022542763086274
0.0254499267395229
0.0264611193171642
0.0282099655467828
0.0322103152964349
0.0227521896563509
0.0250600077370309
0.0232184456410836
0.0281430232549047
0.0276823482558004
0.0306787649725355
0.0257091559218001
0.023122265648849
0.0223833638144017
0.0280435799212965
0.0267581074180393
0.0314782225199274
0.0237434762273583
0.0224256988084044
0.0231397552629626
0.0270869846360147
0.0274554710452398
0.0320864731548152
0.0230010478972298
0.0231346095021981
0.0227367525717138
0.0275378460775666
0.0277597335719028
0.031846958459268
0.0235398739403522
0.022436189499922
0.0228359119821611
0.0277864699083844
0.0277689533200764
0.0331555748324629
0.0113790139989098
0.0166926961772914
0.0114475711680723
0.0164769859171636
0.0160248660748162
0.016306106052978
0.0172398846516405
0.0116554809331461
0.0127723273723263
0.0169505397931802
0.0150683567460757
0.017127528536109
0.0128827912399823
0.0140008644989355
0.017167138850442
0.015931662847949
0.0202023990118681
0.0221231627961836
0.01457520554607
0.0174162021328087
0.015236805247657
0.020685665865066
0.0196570243952646
0.0228951243486199
0.0176403879160826
0.0152567659497713
0.0144354529927576
0.019854623003188
0.0160266067063897
0.0204445873630386
0.0158990677211819
0.0147789731218432
0.0147726865957509
0.0165044600456842
0.0182193311902523
0.0209631189316632
0.0148054379091141
0.0147063340749118
0.0163940628831079
0.01788397675306
0.019030480226629
0.0229859357652926
0.0147469502465462
0.0162320144987874
0.0156852928973001
0.0187948565110008
0.0194124561114191
0.0220066245212417
