0.0277231758510079
0.0388239744000055
0.0288349399789729
0.0335539937094903
0.0440989450699082
0.0384226748507753
0.0418027654098045
0.0295683247005699
0.0307985889696235
0.0474059757927493
0.0357948569189571
0.0526017860092527
0.0302611550572405
0.0309341616097843
0.0328700130704472
0.0363323801560346
0.0380125140949462
0.0424715510180373
0.0321858056609621
0.0332673114454735
0.0307322251546265
0.0389425871785312
0.0368193271415331
0.0420083860923307
0.0347490270136405
0.0313934001191706
0.0283944787417788
0.0379791229502273
0.0355093833091072
0.0414046074760263
0.032908286054271
0.0292229978893732
0.0295495989894019
0.0369922084666499
0.0357105153189338
0.0434492049429216
0.0304486317054202
0.0297302687937451
0.0291212551493071
0.0365139620246948
0.0364021689863341
0.0429709156441897
0.0311680301641708
0.0294673078793204
0.0286659661148769
0.0378129798192659
0.0361266912892733
0.0439933973060122
0.0228812975269607
0.0247015521401444
0.0231501038767232
0.0274633542136562
0.0276753861298121
0.0314587561171488
0.0270345345619644
0.0238269111930875
0.0242690726293767
0.030431213376072
0.0282759861191959
0.0335084273615664
0.0247617888405319
0.024784409064647
0.0266682284020955
0.0289149940095997
0.0305982010357673
0.0338146773860458
0.0262657573527054
0.0273640256332968
0.0247168238010709
0.0317842830729658
0.0312762723089665
0.0351790761146413
0.0291023103487947
0.025329175801396
0.0215378035862657
0.0325524971549132
0.0280893064533392
0.0344252203255018
0.0270951452988297
0.0222972641644324
0.0232343129637575
0.0298072516930696
0.0279540232353131
0.0352067368061999
0.0232277485583488
0.0233390336025324
0.023615925947345
0.0282317928541389
0.0295388330981383
0.0346760532674868
0.0247112439576451
0.0237582152129475
0.0227324373867334
0.0307999512777065
0.0291961613788071
0.0362020427348134
