0.0287826742719541
0.040199524611473
0.0304276129232334
0.0348763674110256
0.0464127818780657
0.0406075285834055
0.0432685427750596
0.0308726858911479
0.0322800680662776
0.0491101809932616
0.0373627132313605
0.0537759798060447
0.0320013943879582
0.0324913136737308
0.0326489922037359
0.0381423788437799
0.0385282328691623
0.0435232254172741
0.0333632318085866
0.0327097745145241
0.029875864700884
0.0391563777499235
0.0361865574437223
0.0422836849116413
0.0342642322318375
0.0305797516245439
0.0285989412286265
0.0375533428710225
0.0355224942418289
0.0418432433379236
0.0324051035876888
0.0295307563863275
0.0295856279307182
0.0372887558894457
0.0361078518144557
0.0441290670359641
0.0305793104855321
0.0295749076553574
0.0287701321735368
0.0366624237913773
0.0362689853268746
0.0428542701823334
0.030767351523495
0.0286575271502331
0.0282439522381356
0.0371011926393553
0.0355947728381109
0.043671781287904
0.0251292760960962
0.0282481151341735
0.0260775402637642
0.0318004379868421
0.0318424363904244
0.0350792809444746
0.0304167338321263
0.0266146655934254
0.0264066306347488
0.0340410515133494
0.0308764132250494
0.0361552396243032
0.027647520981388
0.0266620373334148
0.0274006762095051
0.0312118689341795
0.0324225638622839
0.0363503203013949
0.0270293538053336
0.0274483817745933
0.0246398596390453
0.0327782280274293
0.0301723554948237
0.0353182794732964
0.0285784705756046
0.025082941230377
0.0227798323964541
0.0310058503662843
0.0286883170417081
0.0341889090478581
0.0264606380038457
0.0238245776916565
0.0232845825762037
0.0301581375914657
0.0283553537035142
0.0347325878801372
0.0243993377948292
0.0236267872028201
0.0239540605979165
0.0287427528056881
0.0297164555280783
0.0344984610687771
0.0246130711592135
0.0239336923617221
0.0230532819701819
0.0304955338195562
0.0292127838413402
0.0355601838745282
