0.0193218674602016
0.0286889267693506
0.0212567110251864
0.0242799206341184
0.0324330949199638
0.0281534311891901
0.0299253247672725
0.0212399478176729
0.022056593744203
0.0336250494390391
0.0260043099129073
0.0380290969794739
0.0218350426189924
0.022076771251922
0.0237665348298493
0.0264080432015281
0.0281541424320671
0.0319600472239695
0.0226694913463512
0.0238594983741876
0.0215554754493146
0.0285580404174523
0.0264244546365772
0.0309296837521204
0.0245686797984132
0.021529933484625
0.0206111204661142
0.0268510164729687
0.0251569238340858
0.0300894486334373
0.022483310924365
0.0208031972717356
0.0222081028199116
0.0257858840418386
0.0261218229742145
0.0311686883880869
0.0215370437496958
0.0220852888229585
0.0219669887736157
0.0263039379584502
0.0276025332356405
0.0317056425160423
0.0225277389250447
0.0216449053275314
0.0224421884800039
0.0278105943264781
0.0270818674026988
0.0333782472611065
0.0152979652169829
0.017388516332698
0.0155226480198277
0.0194227553324247
0.0191977720224613
0.0223584757524128
0.0175730987590023
0.0160996138807246
0.0155148152212975
0.0198572999085895
0.0189795872320951
0.0226570887688898
0.0162917219507025
0.0160670027699695
0.0178089594397751
0.0194687552230189
0.0212204844319072
0.023997684087531
0.0163085912612306
0.0181734425295126
0.0156467753302513
0.0212414406690813
0.0199238640637548
0.0228102069473355
0.0185032934789766
0.0157496990595423
0.0136781968527557
0.0201673379524659
0.0176015572664391
0.0214522750002935
0.0165378250381651
0.0142021772370679
0.0155097947498834
0.0184212081141753
0.0184105687645842
0.0223094207167191
0.0144460839703441
0.015472719011157
0.0159712319532429
0.0180930395733481
0.0201133654203554
0.022791896266842
0.0158285903379259
0.0157673738346582
0.0159465062449653
0.0198796351041948
0.0191756122274474
0.0235924189718296
