0.0190952368792704
0.0282036389063647
0.0211260125337485
0.0245136573075104
0.0326404357662876
0.0286495459793117
0.0286942275893577
0.020428181088074
0.0217974675731086
0.0327258470153205
0.0259968918146801
0.0387704045807199
0.0207157782058447
0.021718826981931
0.024661551990196
0.0260562994428827
0.0288918580107962
0.0330758042214331
0.0218280738961677
0.0242706705217358
0.022793166263024
0.0286153530301778
0.0271952707187847
0.0314473198325098
0.0244454975456807
0.0224073343440767
0.0221022302103826
0.0272538894102646
0.0258326206037715
0.0305093061706155
0.0220054949640011
0.021365361652141
0.022602838231473
0.0253179001658067
0.0266993048579228
0.0304444113989586
0.0214894784423551
0.0224267620038152
0.0226894703856576
0.0266611392919089
0.0277411273733548
0.0318050954381966
0.0224817375722066
0.0220666380166553
0.0229847678334527
0.0273879620556153
0.0276429336389727
0.0327482755607481
0.0102178703077977
0.0113218422902357
0.0111404278004966
0.0135519391317308
0.0140648758971591
0.0168207557052772
0.0106199697685662
0.0111516218422968
0.0116053044529301
0.0136085003544787
0.0142018308408982
0.0165219554969508
0.0112788948920202
0.0120961686942562
0.0125238178566395
0.0141882131400477
0.0151042707537165
0.0171797487311481
0.0122685116962207
0.012885048607931
0.0112554795132956
0.0154095604596766
0.0150840796688522
0.0175964615119641
0.0131497861794149
0.0112832629294676
0.00838652569742677
0.0159508451428479
0.0119296311542607
0.0161115422254893
0.0110331607294765
0.00896117245601579
0.0106149370976704
0.0125008404220035
0.0125133328497075
0.0158271490202491
0.00863329759175003
0.010333834931269
0.0119186367003245
0.0121311665699604
0.0144707448042707
0.0164061013682702
0.0104000325500158
0.0114355156282824
0.0120810915331058
0.0137742875389849
0.0148984927590056
0.0166339647436272
