0.0221169221017839
0.0310566105356747
0.023406780816677
0.0269071866236936
0.0356527137785279
0.0314186760191359
0.032766327920515
0.0234722320381911
0.0248011595624637
0.0371290647127334
0.0291666885187714
0.0418280048692565
0.0240451191627575
0.0249243722179664
0.0260392400083375
0.0296482414759781
0.0311222502896698
0.0353553244291085
0.0253640235543632
0.0258945159999179
0.023594681202305
0.0311112381963773
0.0291377704802798
0.033770153272269
0.0267905034407064
0.0237621039911962
0.0221128769349034
0.029807256593623
0.0274594654548837
0.0332696350120156
0.0247844177494618
0.0224283465808979
0.023314621654582
0.0283830263751314
0.0278651046842282
0.0339703040145154
0.0232923108325729
0.0235747937510245
0.0231452604259712
0.0284993291648376
0.0292054563527788
0.0339826607159544
0.0245739707138132
0.0232051420745642
0.0234681558520945
0.0298973239975925
0.0291276553070494
0.0357555048774207
0.0184968646598922
0.0196017971453526
0.0179785333701791
0.022552906557258
0.021913702743772
0.0255209405745515
0.0206691478528883
0.0181763928838712
0.018492252651989
0.0231990379708018
0.0216026713796873
0.0254757309490698
0.018560249272609
0.0187491535719149
0.0196610241215025
0.0222503732342054
0.0241075198656817
0.0271099830783569
0.019418347671636
0.0197109183114201
0.0183266164342124
0.0242425429826841
0.0224427929070927
0.026594145233605
0.0202769871972926
0.0183947926624444
0.0162475095590973
0.0226696949865865
0.0200681014793226
0.0243681735690728
0.0191297898327657
0.0167475449950887
0.0172518223057438
0.0212641190726878
0.0204621111123878
0.0248668149503839
0.0171804910928748
0.017524886952977
0.0181661785458882
0.0204379128246
0.0227370104329705
0.0259258914995559
0.0180602465738361
0.0183331122104977
0.0179712113650744
0.0229100610527373
0.0222789588435404
0.0267376300631024
