0.0172278006289299
0.0251565966713501
0.0192019982385372
0.022233365201114
0.0286107446343069
0.0255576282709954
0.0260236604267708
0.0190902141780435
0.0199637685062751
0.0292709633332148
0.0240241318068322
0.033966929587799
0.0193961038517583
0.0197550418513191
0.0221082660527076
0.0240255047954676
0.0256868722736204
0.0297355007403488
0.0200900257886279
0.0220391929694134
0.020173480399742
0.0257592711681999
0.0244601810056409
0.0280479939620516
0.0223975275710648
0.0201994057539419
0.0199415740727958
0.0245065180458216
0.0235231312771562
0.0276222678573979
0.0206580081302838
0.0198864314118417
0.0210777321363165
0.0236873218592157
0.0248478021612664
0.0286592568326604
0.0200247903457396
0.0206553600343652
0.0208458866516251
0.0244657164372733
0.025620210380165
0.0293852332204958
0.0209743512825901
0.020655736253564
0.0215256302262078
0.0256885318344097
0.0261554916888415
0.030899348770209
0.0118831314255024
0.0128710546941079
0.0122270571107262
0.0160855699235952
0.0148267377347882
0.0182388328196884
0.013048052356746
0.0126634685777331
0.013347304914991
0.0152044674702454
0.0163753256703887
0.0180182037509898
0.0127922342393619
0.0134865163725117
0.0140515130172663
0.016284815906476
0.0170467353425636
0.0193340888193178
0.0138924527768746
0.0142864750702219
0.012834877278967
0.017478752411557
0.0171201316852445
0.0198567309793092
0.0144324407048502
0.0132965693827758
0.0113871872556694
0.0172745804101189
0.0146485222833951
0.0185973975889619
0.0134591493946977
0.0118223113537634
0.0122847022343013
0.0148412128860666
0.0152332752229934
0.0175207100719844
0.0116482141448836
0.0122005841191562
0.013415279060091
0.0147286768252861
0.0158100581548339
0.0189133283661814
0.0123011913248195
0.0134490056584691
0.0136817953775349
0.0159393049703963
0.0166879555134382
0.0188454134081076
