0.017907421937496
0.0263873022879212
0.0196063685016601
0.0226857839862217
0.0302095272162352
0.0264065825206023
0.0274735044058272
0.0196690405022131
0.0206000140650898
0.0313703362949503
0.0246453442207637
0.0355300049488192
0.0202665905365917
0.0206313660138847
0.0225987604306478
0.0250194437497369
0.0261034178431953
0.0303480110059522
0.0212681912577409
0.022761485297838
0.0205851347862944
0.0266132534449719
0.0249417516361411
0.0287671059293702
0.0233239330361181
0.020710251801738
0.0200609399941402
0.0252910907295673
0.0240365703244406
0.0282438549713637
0.0210858503551532
0.0200854360947724
0.021596375765402
0.0242703695185386
0.0254371336803279
0.0296421262812997
0.0204351996669242
0.0213162748187047
0.0209613128230542
0.0253760130173296
0.0260919751641844
0.0301378722662558
0.0219315406815245
0.0209579785520458
0.021646601521889
0.0265735371646134
0.026354939034917
0.0321446185894429
0.0132623369375495
0.0146079764228848
0.0135697441460483
0.0172387075531897
0.0168460822441227
0.0197478836784669
0.0149482149536373
0.0137961705251362
0.013923108063322
0.0170935623562192
0.0172353220958999
0.0195027572004339
0.0146910916198832
0.0142129592568327
0.0158236525971816
0.0177098356958003
0.0187345404423499
0.0220463326291252
0.014797347298703
0.0161795230613081
0.0139533703248258
0.0192381858984671
0.017878885826182
0.0209526977670774
0.0163921300948019
0.0142414931228146
0.0125320435861188
0.0180751769564886
0.0152854712833372
0.0189521556937121
0.0144057074042119
0.0129318780471227
0.0146026271657979
0.015836983571214
0.0172058418406926
0.0202558755641205
0.0132438810102155
0.0146356741885782
0.0147575098932843
0.017271998908984
0.0185923862555297
0.0211768962407917
0.0147824958402779
0.0147765200045886
0.0146085777141867
0.0186396965011755
0.017819338824523
0.0220775823277513
