0.0309607328630651
0.0443603453773825
0.0328902838241999
0.037397266017806
0.0510641190831328
0.0432645668783504
0.0477767543737952
0.0332647953387617
0.0346237653630079
0.0541752128370992
0.0398557197020682
0.0588125943875149
0.0343397556352228
0.0348497054108754
0.0357434220219595
0.0406876924826518
0.0414855227748986
0.0463564481368536
0.0359546551558401
0.0358970509791036
0.0327261610537499
0.0423371289321055
0.0395381281245267
0.0453540836357768
0.0375280455638913
0.0335383569087991
0.0306375839053728
0.0410692690752267
0.0386331674350721
0.0453498370098751
0.0354059529750901
0.0315089601151777
0.0314733272490949
0.040383601738119
0.0385862327737335
0.0476556243213435
0.0324944117533012
0.0313162088277949
0.0304008750310257
0.0390022786181036
0.0382747378201744
0.0453350441944605
0.0327958096557793
0.0304834423307374
0.0294666564034565
0.0393111571041346
0.0374719027068658
0.0460046143978549
0.0276575295155305
0.0306983149193863
0.0283786941152078
0.0339591932897103
0.0341671280021087
0.0376144018734975
0.0333405787101582
0.028826173036175
0.0289812007781369
0.0367506088176787
0.0336481841352377
0.0394041290789024
0.0298398304713844
0.0292189155404467
0.0304357837924149
0.0341745360179484
0.0355323460412992
0.0395372607706766
0.0295085565931667
0.0306466435935565
0.0275495510189534
0.0357772708290136
0.0335501857146381
0.0383519699215189
0.0315254391866125
0.0281259486982991
0.0247182779918742
0.0343050306243916
0.0318655846438584
0.037274802289044
0.0296131944506824
0.0258279063240357
0.0254453862130479
0.0334286137043418
0.0308119989319364
0.0383369243429362
0.0265075970605483
0.0254206325993698
0.0256178357299902
0.0312572014744243
0.0318058328877022
0.0370457433504163
0.0266121406466887
0.0257446208907388
0.0242814034261991
0.0327186643854632
0.030975551901267
0.0377855048393487
