0.0207883646643263
0.0317401486449699
0.0224718284321111
0.026410844862952
0.0366294145988161
0.0308095319664627
0.0325409600788735
0.0221521472487759
0.0231155983481306
0.0372014483976461
0.02797135021406
0.0438743828142739
0.0225871051725104
0.0230642672581747
0.0262119903841578
0.0281732030011389
0.0308861108676925
0.0358874852157519
0.0233992128143038
0.0260053084192073
0.0243928334811357
0.030792001731465
0.0293081823540177
0.0339480012426975
0.0264073223062938
0.0240264688410481
0.0231190636033986
0.0294537534423169
0.0276623028309234
0.032624510037027
0.0238236175141019
0.0224874670713944
0.0235726135157627
0.0271314403251073
0.0281908063115875
0.0326187908331504
0.0226477827634109
0.0231031290261747
0.0238665434999716
0.0279790586966894
0.0289134164520642
0.0337362663270294
0.0233365006326183
0.0231721356572077
0.0245889889185704
0.028622679408322
0.0293402862379455
0.0347195361053565
0.0101473839699862
0.0106021397271943
0.0100510195733709
0.0129255470823768
0.0129259964935351
0.0158182439255114
0.0101155785557215
0.0105383539452159
0.0108782640996326
0.0131766193274474
0.013373621908682
0.0160034633398956
0.0105699540019661
0.0112438566237069
0.0118466482330705
0.0133271305223992
0.0141302693247302
0.0161450752909024
0.0116958614730456
0.012421945258695
0.0104072219231696
0.0147173166802173
0.0144697900988508
0.0168277616334419
0.0132050524972451
0.0108589123413256
0.00785673999776425
0.0158073089818245
0.0111778158653228
0.015366407781109
0.0110127200930996
0.00840064687904712
0.00983723880520181
0.0117896951981654
0.0119821159448626
0.0150654048733632
0.00808283156198001
0.00964153047546419
0.0111787426353801
0.011523244116746
0.0136005980375836
0.0155130913941626
0.00955892500863986
0.0108459685319611
0.0114254870912562
0.0129115134264279
0.014470048364697
0.0159074310041475
