0.0185989297573922
0.0275227316676522
0.020416817514418
0.0234666239237171
0.0313108269382361
0.0272638390435947
0.0286845368563804
0.0204413546752924
0.0213132449566683
0.0324877813145952
0.025312095254049
0.0367645520281408
0.0210423593622241
0.0213435925846701
0.0231719806984668
0.0257054872955836
0.0271107741536787
0.0311406684010466
0.0219618495084477
0.0233019625988611
0.0210632709107977
0.0275719403195296
0.0256708499203002
0.0298331667079158
0.0239414075154087
0.0211171184102326
0.0203338897194135
0.0260637730575983
0.0245918422575433
0.0291572182847546
0.0217859151258027
0.0204446313152357
0.0219022736666805
0.0250285242419065
0.0257811102883486
0.0304073147553424
0.0209885883863745
0.021702044592858
0.0214664260158739
0.0258434218377863
0.0268495000364797
0.0309255551801543
0.0222307435534187
0.0213028651387971
0.0220461346836738
0.0271939068241438
0.0267188561958146
0.032761773281057
0.0142602203880822
0.0159695527886467
0.0145209442760317
0.0183101816035484
0.0179905090710238
0.0210251185710434
0.0162392447946857
0.0149198695695151
0.0146970704624967
0.0184461260102502
0.0180851885126093
0.0210447191575961
0.0154697778765635
0.0151186372415015
0.0168029118681213
0.0185689931747375
0.0199504532558033
0.0229974974273622
0.0155346215769808
0.0171690003485401
0.014792778260302
0.0202202665803219
0.0188895400058692
0.0218557191232822
0.0174477794207468
0.0149970132408692
0.0131027234750057
0.0191195927412871
0.0164415236008199
0.0201986831352989
0.0154809239547285
0.0135711102204379
0.0150562862509089
0.0171381334348619
0.0178127986889233
0.0212927650081436
0.0138510392274215
0.0150553446276821
0.0153675088130449
0.0176879262649189
0.0193562742802907
0.0219937905316896
0.0153074724334776
0.0152747605695908
0.0152816938299998
0.0192633582397349
0.0185012414069169
0.0228392422697442
