0.0227228737152929
0.0358113928595014
0.0240282436720765
0.0285798506060553
0.0412424961443629
0.0332708408366494
0.0370880117283065
0.0241946644568301
0.0246045739190466
0.0425090957471944
0.0302360854437604
0.0499271870468474
0.024834926605203
0.0246104264674164
0.027907860712345
0.0306452516682039
0.0331073965336012
0.039087207815297
0.0252464880342997
0.0279559902825601
0.0261519950945259
0.0332886934989376
0.0316481854201776
0.0367696227232362
0.028797627458152
0.0259258129301121
0.0243281510838616
0.0320701962152489
0.0297391205949193
0.0350296264879826
0.0261872897972862
0.0239558133433901
0.0247993452345766
0.0294217104740144
0.0300871837008609
0.0352858325274759
0.0241482897392647
0.0239227372238079
0.0253636675683983
0.0296294186024632
0.030336611338836
0.0361394571439159
0.024386845441535
0.0245363162711453
0.0265921669678143
0.0301073597165628
0.0314215721622772
0.0370950781886018
0.00998419023863729
0.00977011272687193
0.0087587521301001
0.012111431859428
0.011636351218636
0.0144400044643607
0.00952102061899429
0.00976602318960484
0.00976519916175869
0.0126876706765749
0.0121745177210887
0.0152235459911425
0.00967464050089157
0.00997245188671441
0.0108137164841136
0.0121075854218863
0.0126757964579781
0.0147125285070463
0.0107602513402152
0.0116196355711193
0.00936282255269482
0.0136347771277224
0.0133794254651203
0.015544997198111
0.0130641314994862
0.0102429560566709
0.00733611270185673
0.0152566502198492
0.0103545199832793
0.0142150582652277
0.0109173484353987
0.00773792337121569
0.00893126638219879
0.0109295345916351
0.0114906167157757
0.0142732292859585
0.00745152633356391
0.00888143500971921
0.0103430192869563
0.0109876485908151
0.0125622333977734
0.0145583307596351
0.00862841980778921
0.0102678593864911
0.0109616306603709
0.0119806850317117
0.0145483423476954
0.0156854039280651
