0.0175316590240025
0.0276453719228969
0.0197243895762894
0.0225463200456507
0.0320580663814742
0.026388363474927
0.0287706295330541
0.0196650674818844
0.0205742151161392
0.0331863120273568
0.0246722410715875
0.0388311525443962
0.0198891517449341
0.0202602628162704
0.0244280890896117
0.0247212677638731
0.0284097792012104
0.0329405682052034
0.0204218369221192
0.0240792459135704
0.0230690424776231
0.0281536405712852
0.0273843037566474
0.0314314739492646
0.0240746196802415
0.0222874638951894
0.0224334726202112
0.0268958429800195
0.0259686730669404
0.0302264284491867
0.0220321841200265
0.0215860143847399
0.0224732619639748
0.0252593684576105
0.0273464701854475
0.0309951398179435
0.0213158023242147
0.0216431209564757
0.0224157507435686
0.0266193008732314
0.0272222570259964
0.0324658439488682
0.0215090853048243
0.0217851803747095
0.0243825555447678
0.0265993377623644
0.0284870392016535
0.033343479414404
0.00830715546091706
0.00857498377796656
0.00840495241388048
0.0105242920305059
0.00982929521299763
0.0131365560231089
0.00878937171661369
0.0087415575528284
0.00918286589821453
0.0105129125337253
0.010849551666832
0.0129917986767669
0.00884395145130565
0.00919313966005255
0.0104293616077738
0.011052583186446
0.0119873058244021
0.013606707347252
0.00976200615239901
0.0108467699292709
0.00883792416535345
0.0122700877923712
0.0129932396601211
0.0144164621879335
0.0113517445995304
0.00923862796547207
0.00701587711297384
0.0134335548454341
0.00924584380712607
0.0133459868109714
0.00979116827253805
0.00714053317703228
0.00874519619451393
0.00986697906712523
0.010398558673824
0.0126039466078452
0.00700028343348155
0.00846827069931836
0.00899420901218288
0.0100038785384205
0.0117319207317735
0.0135692599125965
0.00852998869383038
0.00890470985162241
0.00991157281373255
0.0114897046394896
0.0122825929415576
0.0143256965044655
