0.0177195568919435
0.0258923586816294
0.0199135394531313
0.0225726437924081
0.0298139822912591
0.0261139927898703
0.0274705470968249
0.0201602281278954
0.0215014946448694
0.0312114972584854
0.0253998172517398
0.0364195623117329
0.0204568964202399
0.0214670938152096
0.0240459027082254
0.0252625529187281
0.0277447020024714
0.0309602377486638
0.0219251527232312
0.0240346827315199
0.021440668202404
0.0277825579313311
0.0262789809604282
0.0298234071168634
0.0240305409313718
0.0211574424798364
0.0206020603829965
0.0263761991695291
0.0246648163851497
0.0295335269982965
0.021574947683565
0.0205902709970314
0.0218803518004726
0.024715949614163
0.0257318355398052
0.0298270717621681
0.0208681041298804
0.0216778274257755
0.0212949366594942
0.0256185300345698
0.0267542429935312
0.0304848644590244
0.0222622681061844
0.021076295451197
0.0216190191983113
0.0269533459700021
0.0262046971109987
0.0321442752369182
0.0125700007897584
0.014887755949496
0.0134384576018767
0.0162490809032958
0.0166223188024278
0.0186171667216153
0.0153661112150252
0.0138222689749378
0.0130142270168185
0.0169148978318537
0.0163154568710459
0.0181140621892589
0.0142213172806499
0.0140931075111355
0.0165058713915322
0.0172437379891544
0.019703616227489
0.021045554105328
0.0146456603545375
0.0173199683463804
0.0145983436253702
0.0199095868696937
0.0193090145475922
0.0210477668788657
0.0172259794408195
0.0148458305878344
0.013403008705587
0.0197036922726917
0.0158267612798108
0.0201468302010116
0.0149643430018695
0.0137514797493725
0.0143321738777968
0.016370401380865
0.0173193083111376
0.0200467861105632
0.0136367218248549
0.0143139388133284
0.0151821645102999
0.0167652126367084
0.0190037117704254
0.0216784222152418
0.0144512167229885
0.0149652294932768
0.0155079411234626
0.0188594631815336
0.0184378325108197
0.0224695846328749
