0.0256635824495227
0.0358447351361554
0.0264529892719167
0.0310507132571933
0.0414406115501098
0.0359413190752735
0.0385688821990709
0.0270413377845338
0.0278110112803435
0.044253740121946
0.0327511163814261
0.0485924161210547
0.0280430855325615
0.0280162852610699
0.028709109227382
0.0334284235534391
0.0340302197883029
0.0387145915520614
0.0289694756440952
0.0289756402905367
0.0262858304724635
0.0346599253116038
0.032183438094634
0.03751597052643
0.0299759200306599
0.0266941237450809
0.025184892106295
0.0331825348502538
0.031230558405615
0.0371409266804175
0.0280659337885204
0.0257588295705827
0.0260456297443852
0.0325495837247607
0.0317152372852141
0.0387199070968498
0.0265512380569044
0.0262272954487691
0.0256060971555431
0.0322858794985501
0.0321669496311396
0.0379168745528823
0.0273089711505899
0.0257642315931891
0.0255830251200869
0.0330422463711782
0.0318579430512842
0.0390884540969409
0.0219599726824061
0.0240940323419757
0.0213312644265964
0.0269526853198418
0.0267018579098392
0.0293098177653651
0.0260999961766962
0.022052055781041
0.0224307577321077
0.0291206125372075
0.0259270005022604
0.0314617530671447
0.0230274394265355
0.0225139809724102
0.0231802280793128
0.0266456499720636
0.0278562954129353
0.0313433691012332
0.0234036494236792
0.0231729746677151
0.0213540117613697
0.0283226208615394
0.0264250801392761
0.0308772674285395
0.0237912335920836
0.0218714545176549
0.0196601354806512
0.0272090174567937
0.0245670938401689
0.0292125092243632
0.0223595986183323
0.0204552925422678
0.0203600737829968
0.0257243022600908
0.0248290038808398
0.0298336885739604
0.021198547870181
0.0206039562738326
0.0204159531794886
0.0251659519921526
0.0249812405667353
0.0295182682464414
0.0214578685389814
0.0206368151509721
0.0203114554411126
0.0258761503269855
0.0251348515566014
0.0303985097442546
