0.0262865748991975
0.0370725738767577
0.0275708455042122
0.0319663247347435
0.0424263093889275
0.0368964784151087
0.0398755639715371
0.028094459384725
0.0290287547330883
0.0452991116561303
0.0339258313751023
0.0501583759537119
0.0286653018282614
0.029076193435699
0.030983589401903
0.0342553038225425
0.0360041423746088
0.040247722208855
0.0298214720354529
0.030908604168858
0.0284739431540379
0.0363901248584175
0.0341496518073781
0.0391995122270981
0.0321093424482337
0.0289154897640765
0.0265202261295637
0.0351250893375867
0.0331650229002583
0.0387730823638846
0.0304053361866837
0.0272317499237761
0.0275550916893807
0.0344691212268105
0.0333563244253742
0.0406083242076914
0.0283599865574224
0.0277995633154727
0.0270528182283307
0.0341297016370464
0.0339636118516448
0.0401275584538511
0.0289662158336632
0.0272933186234427
0.0268608209441254
0.0351669744820696
0.0336585311234716
0.0411894621040718
0.0215563768389342
0.023284535389591
0.0215751512783989
0.0259028730010253
0.0259260447869656
0.0293784203364321
0.0246881106936806
0.0224939641836739
0.022830634492237
0.0280919098877845
0.026340106509945
0.0308955202721428
0.0232983006926336
0.0232847180504298
0.0250451417208425
0.0268714154374036
0.0291342528217097
0.0318373038178405
0.0238895360976719
0.0251254954830003
0.0230014797733535
0.0295286528361646
0.0281536210915918
0.0321377215645049
0.0263976449065025
0.0237498538377863
0.0198120707478308
0.0294363003552422
0.0259928074429219
0.0314938404562424
0.02511757239063
0.0209030506083066
0.0214802152490071
0.0276350185596757
0.0262836230744459
0.0327894350226463
0.0214975795130655
0.0216861229796248
0.0217318408791875
0.0262700623622282
0.027131982911587
0.0319324038257492
0.0227387908489833
0.0220069943729683
0.0211176635856813
0.0284961134828648
0.0268994934858734
0.0333297884226752
