0.0174107474382257
0.0254463892604381
0.0191405552147392
0.0219340839957817
0.0294069641406365
0.0256002382634929
0.0263426483110733
0.0189250320023471
0.0201446010467218
0.0300492627503619
0.0239781118373236
0.0352107405292307
0.0192604349768648
0.0200150599593587
0.0226489639500156
0.0240748883162845
0.0261923196930987
0.0301254446307658
0.0202435364711224
0.0223530173715876
0.020642064358703
0.0261920758543298
0.0246199291047183
0.0283504746274253
0.0226857126983148
0.0203176665396593
0.0205331849957798
0.0246279248525447
0.0241542249931639
0.02821386853514
0.020304049448085
0.0199841160091796
0.0212229725514098
0.0236267378321608
0.0249457267850338
0.0286545998353425
0.0202387999996724
0.0209342169469264
0.0211440848995956
0.0248525008785437
0.0258707093630069
0.0297698920109218
0.021348198962162
0.0207190866789022
0.0219071449470149
0.0259838752194658
0.0260239674995777
0.0313800918173732
0.0113061202865107
0.0118137218637361
0.0114295174527193
0.0147729904314632
0.014000853231553
0.017512301623188
0.0115154120139669
0.0114695876810439
0.011689658351021
0.0140857524606916
0.01476160514892
0.0169947983821105
0.0112037412904369
0.0126081464496243
0.013802517475832
0.0151389218837241
0.0166823247634327
0.018970676038404
0.0127336248249712
0.0140065325747414
0.0117685536825291
0.0162929401833849
0.0161290126779744
0.0181739737784879
0.0147156850380503
0.0120781240547888
0.010153421297217
0.0166928399692337
0.0128767684595397
0.017856276257834
0.0122020881971199
0.0104716014766418
0.0113381935679867
0.0133158106362164
0.014400524266549
0.0172219887936647
0.0103602520209533
0.0112563932613796
0.0125071752421044
0.0141488595886543
0.0150284606807791
0.0185606757592807
0.0112033231476552
0.0121122770557569
0.0128168835752992
0.0146552745126245
0.0154758341492584
0.0180314898568076
