0.0338022794139255
0.0497618017937218
0.0361289957293698
0.0407301560263278
0.0570371660896038
0.04675863751736
0.0537259842820663
0.036449658120775
0.0377553881854074
0.0607891128657261
0.043180501658652
0.0653711228122696
0.0374778697132887
0.0380193293529484
0.0398642629957994
0.0441062603578932
0.0454641024747789
0.0501699595898818
0.0394462494410981
0.0401515881759554
0.0365666661975182
0.0466216290485805
0.0440340272159496
0.0495063511604724
0.0419133232483895
0.0375467114494114
0.0334013180072787
0.0458046445170361
0.0428483158705674
0.050067652851267
0.0394862543045745
0.0342028925403306
0.0340394592857983
0.0445957885807709
0.0419571026723271
0.0524464707531325
0.0351221419915231
0.0337019992900072
0.0326295155170996
0.0422105200769297
0.041025224316937
0.0487406046888293
0.0355594182109916
0.0329672654279767
0.0311319625999721
0.0423280200430363
0.0400212542006412
0.049194132859653
0.0309475744846384
0.0338799196860643
0.0314143354639713
0.0368409003057543
0.0370671949355469
0.0409655872775215
0.0372095380498259
0.0317771702960605
0.0324729089812245
0.0402422438432111
0.0374034949874452
0.0437224412183072
0.032798514024662
0.032706282348265
0.0345197547692727
0.0382276518975873
0.0397808623777612
0.0439111683342837
0.0329049810804712
0.0349402547037955
0.0314913415898751
0.0398862277118458
0.0380961928390992
0.0425419018644618
0.0354818601544334
0.0322548892684233
0.0273489322782992
0.0387140627240116
0.0361762830456208
0.0413848295150716
0.0339133278965086
0.0285652515458839
0.0283861037249224
0.037900924756028
0.0341619592931411
0.0432739822860667
0.0294083839054017
0.0278826979339145
0.0278933059178436
0.0347166894989655
0.0346702479551764
0.0405538423564913
0.0293411293625729
0.0282148636709749
0.0259810628249135
0.0357668634824196
0.0334001372533036
0.0408536062265325
