0.0186893729858694
0.025600564489737
0.0231918378904131
0.0241490701410062
0.0300959770437741
0.0285291020131086
0.0266728495913045
0.023077271748144
0.0250975490333367
0.0305389471209213
0.0286595831003515
0.0360244006171031
0.0233730167445575
0.0249437864935519
0.029316453795181
0.0286942376070547
0.0331043820090667
0.0365404710058314
0.0254955400972621
0.0287843004968283
0.0268434341094534
0.0326811637623097
0.0317616555549491
0.0354243194535073
0.0292642584879949
0.0265514661468505
0.026287117930494
0.0317786075032983
0.0311454587796905
0.0358320218826576
0.0259959660301315
0.0249232546839823
0.0263268474685567
0.0298469536030282
0.0304380251908721
0.0353434323501575
0.024782846214518
0.0254478644204665
0.0253996571835372
0.0295552278443052
0.0309660060017661
0.0348348006516466
0.0257974401989812
0.0246273775881626
0.025644812819532
0.0307646023464597
0.0307088688970536
0.0364376655720885
0.0124454637356298
0.0150569292797011
0.0122774173022156
0.0170684390241621
0.0156577089611935
0.0176851726560714
0.0156497232493267
0.0137256658772112
0.011285315020947
0.0169428383825944
0.0139232790653513
0.0169184648052404
0.0149241645490125
0.0138213429904042
0.0190514726502144
0.015959537703851
0.0225579020666874
0.0238913722986031
0.0140638757392481
0.0192181307439647
0.0170933199111031
0.021677310583742
0.0222119340197441
0.02332465549044
0.0187743463924774
0.0173767107867541
0.0142848857451567
0.0220667429881266
0.0181429409461246
0.0231846524647525
0.0165814151300179
0.0147334298694623
0.0152807845705522
0.0183157997467753
0.0182477318825479
0.0207639762872569
0.0142640837525562
0.0149478716273162
0.0169212714766712
0.0170211006931417
0.0199128455156538
0.0223073498914024
0.0146177132998708
0.0166713504936134
0.0180230601753911
0.0194373039151046
0.0198640337576225
0.0228047286621643
