0.0173208083647396
0.0253069867270814
0.019177236627773
0.0220876175388188
0.02901965880947
0.0255875977630935
0.0261882185397852
0.0190133127028536
0.0200590448431693
0.0296687194476137
0.0240094148855229
0.0346004815853704
0.0193326683192497
0.0198893395545022
0.0223779938560306
0.0240578199420817
0.0259410327370009
0.0299343188369159
0.020169839844991
0.0221942817937951
0.0204052686527272
0.0259752145235725
0.0245383653068311
0.0281987423456931
0.0225381158767469
0.0202566586259314
0.0202324265574419
0.0245636667012118
0.0238324465543371
0.0279106164393368
0.0204846057357414
0.0199338424061669
0.0211485510069931
0.0236566360992864
0.0248950355457687
0.0286553064246581
0.0201288388216922
0.0207913227376229
0.020991750380752
0.0246536085550684
0.0257430805194012
0.0295714616200019
0.0211565550225161
0.020686872330077
0.0217133044135061
0.0258324115800312
0.0260937180581079
0.0311356029329844
0.0116038525119658
0.0123466807103852
0.0118333156592093
0.0154387073332276
0.0144239296822401
0.0178936647103032
0.012287838214798
0.0120745411911951
0.0125191062198859
0.0146588273658763
0.0155786398628875
0.0175231189299233
0.0120052063598144
0.0130527854824485
0.0139306285371551
0.0157242647448987
0.0168678504508758
0.0191603674795661
0.0133211263801281
0.014150841598748
0.0123087124836057
0.0168945138119079
0.0166347800764335
0.0190307575942915
0.0145730134909987
0.0127000270776405
0.0107832366890397
0.0169919984697094
0.0137805919208182
0.0182343808059124
0.0128485636689443
0.0111674857447271
0.0118219622235839
0.014102644893616
0.0148301723030862
0.0173785552670796
0.0110246171905245
0.0117388333121448
0.0129716980898386
0.0144492784347535
0.0154267571543097
0.0187436860402958
0.0117646345973605
0.0127967915980836
0.0132536034673698
0.0153123564786792
0.0160868630096228
0.0184372391572055
