0.0238245805202894
0.033363836838527
0.0248704104008912
0.0288980866494621
0.0384363476253866
0.0335930112771869
0.0355753115845599
0.0251955325048479
0.0262544659836994
0.0405720448073998
0.0308969056268852
0.0450932279025855
0.02598227941692
0.0264232013847027
0.027343503885824
0.031479689876374
0.0325343784957776
0.0369845488813926
0.0271219082691427
0.0274091012713549
0.0249110940490671
0.0328461845342817
0.0306334349689187
0.0355999253643862
0.0283627015375949
0.0252019997068037
0.0236147839588152
0.0314705132509726
0.0293077646282733
0.0351729557595719
0.0264064237420864
0.0240673894911058
0.0246579647893453
0.0304392294067541
0.0297604930687874
0.0363154429737021
0.0249022651489847
0.0248847455844013
0.0243606641793047
0.0303702320384509
0.0306683974126669
0.0359287649159726
0.0259329651447666
0.0244768375851703
0.0245218470211303
0.0314599510293739
0.030486669743143
0.03741356028064
0.020157057529021
0.0217649622331079
0.0195895746566891
0.0246625785184348
0.0242056353121365
0.0273403906737114
0.0233008611284696
0.0200479346720948
0.0204004299839219
0.026050678397997
0.0236922125534413
0.0283635927295611
0.0207253201609639
0.0205817016014005
0.0214026948971119
0.0243809639790695
0.0259427041619134
0.0291665519393144
0.0213663276447644
0.0214365875921124
0.0198137400225957
0.0262462141903389
0.0244256592793652
0.0286994251112339
0.0220335746792001
0.0201062031377226
0.0179145107847089
0.0249298462729513
0.0222698342067687
0.0267623472845107
0.0207299155209653
0.0185700251398079
0.0187816759625068
0.0234587408126195
0.0226112146737629
0.0273148094098047
0.0191638334517474
0.019046095354699
0.0192768985552154
0.0227723839128555
0.0238474835570173
0.0277035123997203
0.0197490808402663
0.0194754906172839
0.0191280177379162
0.0243819914396866
0.0236863573701748
0.0285462954527713
