0.0208094791807628
0.0182244253392558
0.018427010575034
0.0256043251127232
0.0223280116269295
0.0297268819510751
0.0187576407484755
0.0183579154458701
0.0190041858494343
0.0227235814254954
0.0232676950446332
0.0274065965558628
0.0188701265677662
0.0187871706597311
0.0208392810117477
0.0234715639747616
0.0249937310463477
0.0292966936544381
0.0193649638958023
0.0205115916844155
0.0208788547109083
0.0251214580912686
0.0246623389566635
0.0291464021942614
0.0207248132941699
0.0199856899553861
0.0196392721394351
0.024114500421714
0.0239491382527712
0.0278305019787869
0.0196517063062977
0.0186110917906498
0.0187234726707556
0.0228152477227152
0.0240324013882674
0.0282955135227376
0.0189202021710821
0.0183025186617534
0.0193030791157941
0.0238692130479683
0.0233502635331958
0.0290345628182303
0.0187705399439921
0.0189036153717936
0.0206057830379068
0.0232040180995708
0.0246166063717632
0.0287208687952344
0.0127322575915325
0.010670532168893
0.010536724628821
0.0147790087315766
0.0128495858869267
0.0173056742626804
0.0109669166401167
0.0104685893472994
0.0108481345299741
0.0130785314304551
0.0132760343648653
0.0158537518609657
0.0105796410726113
0.0109923124688157
0.0113605953793147
0.0138866017794331
0.0136080576477924
0.0161123907439175
0.0114994098439393
0.0116104950997772
0.0110684235407191
0.014254360007835
0.0139471053243167
0.0161652777721488
0.0120919253195305
0.0113574447272065
0.010104471637006
0.0143596356443722
0.0127644476975671
0.01526314747418
0.0120234352435193
0.010687682420096
0.0106687489012634
0.0136927037923194
0.0143607664252417
0.0172156394395591
0.0109409234204764
0.0105298188034868
0.0108071163916553
0.0148088817540504
0.0133829565791812
0.0176161679443595
0.0111155481475073
0.0108556581805912
0.0108911362850333
0.0137693747515365
0.0141723172606007
0.0170316925632503
