0.0225165969486965
0.0195078701162553
0.0202539341540881
0.0265774295232448
0.0235490328458549
0.0307204303039056
0.0204523176372067
0.0201249483345952
0.0209926526959338
0.0240614376257849
0.0248003091567272
0.0285361452021607
0.0207658873019007
0.0203910761393862
0.0216448069281297
0.0250763755464486
0.0253696040097865
0.0301050366423453
0.0206322645999993
0.0212590848569811
0.0203437207839194
0.0254864933820162
0.024154574649728
0.0282006328752585
0.0219892048446191
0.0201348240802222
0.0201178806595768
0.0245370881071025
0.0240519381977348
0.028155712796549
0.0205176336431689
0.0198371872446123
0.0198719050761042
0.0240906742100961
0.0245496543793468
0.0286269307095749
0.0204712079766053
0.0198822563616889
0.0196749278032394
0.0248271400704945
0.0239478210016338
0.0285193131876385
0.0202700687117129
0.0193872671576023
0.0196854483125356
0.0240203723659375
0.0233952798229287
0.0279082062185997
0.0151141200924701
0.014792282662862
0.0142348183198714
0.0199739811298516
0.0171075272168428
0.0217157121146152
0.0155103657899699
0.0139756792903872
0.0146872967640249
0.017288609175706
0.0176136791311534
0.020822222243781
0.0143885587499488
0.0139609996742496
0.0157811785886171
0.0176022638117798
0.0181469703484743
0.0219949271181994
0.0139066249832569
0.0154346017567127
0.015298977919594
0.017802086372533
0.0184789386290856
0.0206002936425241
0.0160873049266166
0.0150851783454479
0.0158693580947503
0.0181908332807368
0.0178586172354448
0.0206624772088305
0.0155965052334582
0.0161891177952567
0.0160965895836148
0.018256579164908
0.0195175901982508
0.0218649787745867
0.01640730821189
0.0160684322531993
0.0171696417958634
0.0193122022810408
0.0204268949605124
0.0237076566058796
0.0162000105551603
0.0171690580099692
0.0179317650441339
0.0203727938761667
0.0212306010246083
0.0241825012362331
