0.0279452079600988
0.0246605471293449
0.0247054066429529
0.0339126760224077
0.0292132251640058
0.0382208997003517
0.0260183450366925
0.025066395122559
0.0255673686459795
0.0304578368979341
0.0307436810086176
0.0357123749895244
0.0263973357295192
0.0256201518270529
0.0266389462463027
0.0316480354727506
0.0316515022891498
0.0369795567317632
0.0267010523556965
0.0269756040078262
0.0253619196409471
0.0326832991509675
0.0306823799583859
0.0360947825895343
0.0278544769411549
0.0254659329794299
0.0239968194995534
0.0313824456228648
0.0296759920035364
0.0352442244796557
0.0269759937429385
0.0243977908861199
0.0247157164833149
0.0308355955947707
0.0307622466414069
0.0373369229251144
0.0256375638282972
0.0248718386238188
0.0250834292626197
0.031699140831823
0.0306584686233033
0.0374387930094095
0.0262082251900743
0.0251378425659316
0.0248253963115312
0.0315714747158706
0.0303925049772604
0.0364814225476364
0.0222799017269189
0.019907193076628
0.0195203185075075
0.0272902966563476
0.0230180848201853
0.0293317228082914
0.0211425815807157
0.0199891549578216
0.0209661721788111
0.0243476443325203
0.0245230503670685
0.0285791442918541
0.021361205614614
0.0209367099434983
0.0214902324283737
0.0254579076503407
0.0260100774615406
0.030265143602131
0.0216426149348122
0.0217584839268113
0.021051586476866
0.0265125295585294
0.0251730691322303
0.0294506968057096
0.0226937937464089
0.0213802052842668
0.0199685650700259
0.0259446045263862
0.0249477351800647
0.0293982964479268
0.0230775153450806
0.0207162175964172
0.0212333864624087
0.0264375330440172
0.0266305843787936
0.0325035342058796
0.0215616264817264
0.0211406254842057
0.0220802271087904
0.0271394480497031
0.0262878491204842
0.0319520933463625
0.0220194138277181
0.0220869567552089
0.0213845230993079
0.0270172942223269
0.0267735249215972
0.0317659291880936
