0.0237912398662002
0.0201830050230131
0.0200867340285968
0.0289415900651658
0.0243161461786263
0.0329952419768496
0.0209706627793043
0.0201217961019017
0.020575743622895
0.0247974146929909
0.0248519930186922
0.0292844225388844
0.0208676213903833
0.0205666436960181
0.0218318339222978
0.0253966743065874
0.0258298316408768
0.0300665076165016
0.0211951304368304
0.0217954831873128
0.0208443679522483
0.0262814852745016
0.0249646706873781
0.0292956543705279
0.02252589363053
0.0207426907668081
0.0199545962459399
0.0253593405456694
0.0246765847129722
0.0290352913597143
0.0212873738424731
0.0198021550484183
0.0202418711185835
0.0247954734781319
0.0250442870359246
0.0301599802114749
0.0205673509184399
0.020233834879595
0.0203916650053537
0.0255315174294792
0.0249169548806468
0.0300050371663668
0.0209416297533758
0.020215118997331
0.0203842872203392
0.0252844611902139
0.0246464416107143
0.0296678077870036
0.0180840708379344
0.0159478532069795
0.0151338225387775
0.0223840954150186
0.0186958359761275
0.0247388516990205
0.0165780264950231
0.0151659113085113
0.0157415154757089
0.019087684837337
0.0189820547181662
0.0225806684566862
0.0156512141860212
0.0156082610360468
0.0173603995091575
0.0193366553139484
0.020180794926862
0.0232698241399715
0.0159242401913689
0.0174595653558314
0.0168084914362559
0.0204212938421688
0.0200970279599612
0.0229595969024298
0.017862005378023
0.0167611815381721
0.0162998530314549
0.0202772930007677
0.0202433362315402
0.02362545172038
0.0173114562609285
0.0166111722876969
0.0163564499650303
0.0206572705711494
0.0209554448124424
0.0248921623101756
0.0171405170941175
0.0165015891427503
0.0171461203255297
0.0213968367394898
0.0206507473761555
0.0254681377813345
0.0169040228169552
0.017046052038452
0.0174069128101061
0.0208632585467451
0.0212826420301256
0.025202894169
