0.0233438025667374
0.0205281822380247
0.0206500683248599
0.0277510650588358
0.0245565016722848
0.0316269764537606
0.0210339710728037
0.0205304266120775
0.0215589815111845
0.0248853782791967
0.0256146965153751
0.029935965355081
0.0209290292611522
0.0212197875391563
0.0228774040212653
0.0258452653844941
0.026635747126355
0.0308087146278546
0.0217656546752249
0.0223446266588712
0.0216965684039249
0.0269301033028586
0.0253955886377545
0.0298051405251642
0.0230259045621629
0.0211828198681366
0.0215073419453722
0.0257171239372597
0.0253456385794892
0.0295697444937786
0.0212899903029812
0.020690317632233
0.0209717091290875
0.0248415538135109
0.0253746004200013
0.0295214994602501
0.021262989072575
0.0206936886691917
0.0204697269651681
0.0257619305229989
0.0247795376212849
0.0295408970615024
0.0216309721034571
0.0200000776126537
0.0202742373387046
0.0250472968873688
0.0244207083947429
0.0290707655559207
0.0142569212197146
0.0147276088512052
0.0127485956670456
0.0188077104193346
0.0162279427284775
0.0199725125743478
0.0152225169617069
0.0125931429316711
0.0132170541785503
0.0167174183041988
0.017656241799258
0.0215197285537504
0.0131290682149537
0.0127886083145151
0.0160718943951447
0.0169697122392263
0.0185841991875946
0.0216331294994902
0.0128240788003516
0.0149319635118587
0.0146418694521908
0.0174257923240971
0.0173411511128784
0.0201793242725932
0.0149541398608584
0.0149110619126452
0.015981585338979
0.0172891422658765
0.018351537856427
0.0205557940741785
0.0149024278498827
0.0153205287210404
0.016589180208975
0.0179305935243976
0.0190915628079925
0.0212499427591385
0.0154666496641398
0.0163860404615895
0.0178876368416041
0.0189017889128317
0.0207206085988435
0.0233981152426098
0.0168920126045726
0.0174784286956743
0.0186397071732876
0.0208590624368962
0.0214270319099104
0.0243404988356323
