0.0263732527371563
0.0239317546719888
0.0233877112323722
0.032012996831885
0.0285557996017937
0.0364618948047228
0.0252282418305978
0.0237032453072512
0.0244563855128163
0.0298014359534474
0.0292046898854688
0.034835828514227
0.0252442024944969
0.0249313983295044
0.0247862448308307
0.0304879306878334
0.0308650032857794
0.0355239647118756
0.0263790191704262
0.025369513537429
0.0237509338711363
0.0320824838410192
0.0287378001693547
0.0353475962960882
0.0267376594786433
0.0242646031737916
0.0222739138667571
0.0298729046268925
0.0288821797047819
0.0340679344355766
0.0258606000958894
0.0229829565289625
0.0229327536059397
0.030264273744445
0.0292910682172089
0.0369752627078235
0.0244149696528723
0.0232420113992109
0.0236536617907702
0.0306081614569056
0.0294021642672798
0.0365134361392706
0.0244368839128346
0.0236161369563671
0.0233413046608603
0.0301495992298339
0.0291579266068435
0.0353679233610355
0.0224829769442379
0.0199012309101464
0.0193157941956574
0.0262221268555322
0.0237606484632975
0.0297616758895626
0.0209991510203326
0.019782845809971
0.021052245657495
0.0247257372614388
0.0247179655216767
0.029323837934502
0.0210837862974277
0.0216738018169506
0.0208815666096878
0.0257783333174638
0.0264700409411124
0.0300827681727912
0.02294942417322
0.0214543218711711
0.0200766973385123
0.0275830999862671
0.0243074949595208
0.0304014716141918
0.0224885179171987
0.0206877379503658
0.0186647744679329
0.025309197892082
0.0251259547872213
0.0292229750615247
0.0223252802836041
0.019706449905765
0.0188181411381078
0.0269016413849159
0.0245114143738105
0.031837379860584
0.0210441302528492
0.0194003271083672
0.0197596500677928
0.0257588058996709
0.0246605087497114
0.0309668951950245
0.0202770290625263
0.0197539714468612
0.0193465859847592
0.0253272542439815
0.0247514689720442
0.0300714795664723
