0.0221493633810793
0.019106124937944
0.0185690872246719
0.0271453006810959
0.0228360542270659
0.0309976492884794
0.0198233849201346
0.018723783792114
0.0198175964717697
0.0234374227317298
0.0238384581164236
0.0281655704983354
0.0193810179249417
0.019870330744576
0.0211525770911543
0.0244048960546227
0.025372830073743
0.0293390970060891
0.0205250212816208
0.021095303868136
0.0201906455908104
0.0257768031845712
0.0245290249756154
0.0288488949854684
0.0215935017943623
0.0200177023990214
0.019590927883022
0.0246716347237248
0.0242427831443978
0.0286247290867078
0.0201050997694118
0.0188540862115708
0.019144132217662
0.0237534140025016
0.0241264877210899
0.0289797336199665
0.019263881329058
0.0187883403133206
0.0199048688602172
0.0241009507243684
0.0239385327442804
0.0292313940748541
0.0194590500749618
0.0195576810304302
0.0203153186251484
0.0240703918790232
0.0245964973834654
0.0290881477360704
0.016164737750407
0.0139597116821554
0.0133254305071348
0.0198228616796995
0.0163184956366893
0.0216013161992024
0.0144549668430593
0.0134493423066014
0.0149577704124335
0.016848450710793
0.0178506047585341
0.0209261596444421
0.0135767030844387
0.0148986807786842
0.0145711129593399
0.0181474326184665
0.0174817616688514
0.0205894014566574
0.0151838848716483
0.014892078848696
0.0139088959074766
0.018001540458018
0.0172527373680838
0.0202733618015785
0.0155015053823736
0.013956235495581
0.0131873309967748
0.0175232674466859
0.0172400292407859
0.0206339843954182
0.0144351963575748
0.0134049719216545
0.0131720496915408
0.0176401752405653
0.0174543255460733
0.0217590263058207
0.0136521700810359
0.0132246775937925
0.0130616751459063
0.0178382966510015
0.0158993334067419
0.0209267178113834
0.0138304956226733
0.0128559799672494
0.0136530460847035
0.0160187689790351
0.0171334510426472
0.0204386077744492
