0.0301678823195151
0.027959279995294
0.0278932345242463
0.0363048743416319
0.0330757850412212
0.0411950132396877
0.029471941441635
0.028225065801433
0.0291994160518108
0.0343590585411642
0.0347371965070042
0.0406578812380317
0.0299202580128115
0.0295791225549733
0.0288932576017377
0.036151956595705
0.0362119432038817
0.041961355433036
0.0312292152870336
0.0295491209658647
0.0283448643817187
0.037721954617279
0.0342030770313451
0.0419731448847884
0.0317105672649095
0.0291087109509427
0.0265855501651813
0.0360165689666835
0.0346559594535283
0.041024920846696
0.0310968502877148
0.0274438498792219
0.0265085520735881
0.0364906109834273
0.0345384511277299
0.0440484565090893
0.0291568810832889
0.026831502973591
0.0267246511527942
0.0358556656773868
0.0332710166537479
0.0420493619500573
0.0286865565454229
0.0270887672163671
0.0260631857536788
0.0346627540840995
0.0332079559420048
0.0405707054864839
0.0266543817942523
0.0243298057929861
0.0243976283427532
0.0318146826056136
0.0284752497118139
0.0350879194477531
0.0257204928289261
0.0247578215767527
0.0268493767803385
0.0297685352524997
0.0309801169471288
0.0356258556201013
0.0261894740504021
0.0271098751922676
0.0258070056686227
0.0321457616341717
0.0325889747180688
0.0371397766523816
0.0285192000964029
0.0265056179144452
0.0254476763481302
0.0341249145743154
0.0308030710073327
0.0381073163996485
0.0284092755919432
0.0264305891618279
0.0245267571733927
0.0325417065509033
0.0323806715276684
0.0376441682058834
0.0282587622933384
0.0257451840712029
0.0239514716431914
0.0344550861166967
0.0317702373310955
0.0403594425011664
0.0270795111612217
0.0242211052382753
0.0238089553931676
0.0329528234921428
0.0295616148117584
0.0379406957856132
0.0260429755528254
0.0242698017310281
0.023051756804471
0.0309324656597347
0.0299952407503938
0.0365243696050984
