0.0292857046938752
0.0265266086929506
0.0261304459638363
0.0352193294225944
0.031146695552347
0.0397238633771479
0.0278157848380598
0.026426417319111
0.0270017550085004
0.0322767377933332
0.0319937437363338
0.0373723107940924
0.0278633580994212
0.0271143459413716
0.0280789163883661
0.032891579186584
0.033702656449603
0.0386463666394562
0.0284872212301888
0.0283514331644233
0.0273523207385396
0.0348171497326631
0.0324170622835831
0.0385930505552614
0.029787859378411
0.0276087205712499
0.0252903752577867
0.0334348781280459
0.0322431705412518
0.0376789740159704
0.0292004164477596
0.0258822684009336
0.0261236985027161
0.0336151834870751
0.0325724411701778
0.0403457187210324
0.0280326078537866
0.0265404244514591
0.0260682755542319
0.0341803840056626
0.0324609664604619
0.0397313734976083
0.0278207495456787
0.0261027192981155
0.026010992889623
0.0335305408389562
0.0320287633963291
0.0391131806321815
0.0251445264964546
0.0217896211256504
0.0219917490022423
0.0294480943109431
0.0256001483244985
0.0323222532833981
0.0229560435133223
0.0223863585982962
0.0228792019681659
0.0265252267958523
0.0268370998460763
0.0308971416392954
0.023781558084919
0.023164324641483
0.0246356877668837
0.0278033157978085
0.0293110524645265
0.0328718784947684
0.02430019149402
0.0249766310306095
0.0242855759521945
0.0302919075309929
0.028360364139499
0.0333930266879393
0.0262946052645982
0.024960681107625
0.0224130216008663
0.0295455420828802
0.029382979895695
0.0332820479485115
0.0266025233849519
0.0233706153882052
0.0229655660940795
0.0309832193656457
0.0291192627639361
0.0364110542915423
0.0250412582348559
0.0233884771175077
0.0233849497313697
0.0302069102796422
0.0284286222361236
0.0352682915139031
0.0245091666413679
0.0235183497863004
0.0230182851315533
0.0295159934014366
0.0291591448702524
0.0350618548350208
