0.0236814625650955
0.0209522802309096
0.0209784950646377
0.0287409552117242
0.0250450436580007
0.0328332715258615
0.0218395255931876
0.0209686039141793
0.0214505524825363
0.0255457506391636
0.0259759200259
0.0304584057179194
0.0214270298834498
0.0213887219603863
0.0227779767223482
0.0261997584341699
0.0269747627610516
0.0312763793453911
0.0218966591407187
0.0226245266518745
0.0210614821715105
0.0273088896351099
0.0257616221576089
0.0302012285713682
0.0231711673971379
0.0209159244266476
0.0204965882870737
0.0260911949203626
0.0250448627626086
0.0296275347677342
0.0215480631311556
0.020485673676774
0.020957249705382
0.0253329520270171
0.0254442054884891
0.0300911007108505
0.0211080010639545
0.0207988334381291
0.0206120097026251
0.0256726129997031
0.0253284278472778
0.029904325605751
0.0215188169128719
0.0205482249971768
0.0208593067300624
0.0257125206841014
0.0251338900853908
0.030074267028531
0.0176689573212519
0.0161727472840974
0.0160251174058653
0.0224979164535163
0.0191005238419644
0.0244724295303242
0.0165415259963179
0.0160090171213631
0.0158577453316244
0.0193254965851182
0.019665585442514
0.022748763568452
0.0159433820810583
0.0160485630717795
0.0173492251101118
0.0195548125294552
0.0207430722434832
0.0234316879085159
0.015915609526844
0.017051330712425
0.0165907680997497
0.0203027993996602
0.0198186028773868
0.0228273493184467
0.0175012624868604
0.0169414990944238
0.0169521457545132
0.0204702693151823
0.0200342485309619
0.0227066785199835
0.0172236542583356
0.0170705439703407
0.0172077834054184
0.0201736358741635
0.0210066547069673
0.0237880190325278
0.0174738228707157
0.0171722187115555
0.017566749361034
0.0210712211794627
0.0215738382553576
0.0250724330825121
0.0178074307894134
0.0175892109522482
0.0186853880873644
0.0219373894215859
0.0221931726381572
0.0260875896312141
