0.035160835190382
0.0327138987431829
0.0326049439380718
0.0418761027802668
0.0390745060808493
0.0482228554835354
0.034755180367422
0.0331556882055626
0.0348344726921626
0.0406783396418793
0.0409044383294937
0.0478742120690731
0.035350543643819
0.035240780628797
0.0350221849629018
0.0425670466345073
0.0434470037142198
0.0496557254139767
0.0371536815638771
0.035729785460518
0.0343237368930559
0.0451054007821564
0.0411033588495722
0.0500686712151218
0.037946801229619
0.0351559368736005
0.0317159328339021
0.0429631120763499
0.0414025726092454
0.0485248209326515
0.0377339026177932
0.0329166214977565
0.0317412213361727
0.0438189479324178
0.0412531757641987
0.0527102864685471
0.0351732426770685
0.0321434239597504
0.0315767305655437
0.0429346503995049
0.0397155956729396
0.050081535037899
0.0340806354451762
0.0317923259639935
0.0304669684888784
0.0411874450397869
0.0388390039856673
0.0478190726957837
0.0308882757466199
0.0282961130045998
0.02857808431716
0.0365558142986282
0.0329223601172187
0.0407089212079654
0.0302022704527384
0.0291852536265088
0.0314881780389127
0.0345544962696954
0.0366761917159364
0.0414788902721242
0.0311997573293892
0.0316286514194676
0.0323801723085286
0.0378190392012183
0.0404941613834256
0.0454579135433939
0.0331642335020053
0.0327828526531463
0.0322586672626743
0.0416414356710776
0.0383050820513639
0.046829058222752
0.0346226412450345
0.0330446440162352
0.0296059107742478
0.0398079394162875
0.0394516002316872
0.0454858598792691
0.0355238791967315
0.0308514777207789
0.0285927385626033
0.0418894246427865
0.0375522175200824
0.0487532000662435
0.0328457461433948
0.0290426521630797
0.0293236203495936
0.0388552102133843
0.0362077873990493
0.0458654935078883
0.0306935408432204
0.0294897418589811
0.0281005629012998
0.0375319098131738
0.0362850790806999
0.0440516672534798
