0.0200244300424984
0.0180187125297681
0.018118505361544
0.024480418541914
0.021756081866135
0.0280403588576498
0.0183042366552354
0.0177842816578185
0.0184145605221393
0.0218526743763626
0.0223706511256737
0.0262398643460214
0.0183052778959539
0.0182813601680754
0.0203732726986199
0.0226566167719197
0.0240860593487616
0.0281356082585251
0.0187862810996813
0.0202269973398166
0.0201876637920429
0.0242598572770161
0.0238930515191087
0.0277410482218419
0.0203484686982681
0.0194260834128867
0.0190369566178634
0.0233660251108606
0.0231712940681101
0.0269468042224968
0.0190301187105834
0.0179289004551866
0.0180675389213656
0.0220105524874687
0.0228155559971813
0.0269135130744173
0.0183954574283347
0.0177955509053332
0.0186725925944383
0.0229025468423909
0.0224437021512327
0.0275443675711074
0.0183438493908396
0.0183025885666139
0.0194721117247216
0.0224477600347507
0.0232885005245332
0.0272615087599739
0.0118259940780792
0.0105947573338422
0.0101710520072602
0.0141949137953688
0.0124704202626638
0.0161738778242089
0.0107743297275803
0.0101026608442639
0.0105979654769262
0.0126274705724143
0.0127103497904661
0.015164612346908
0.0103755565338226
0.0107592397525168
0.0115028424838605
0.0132775589595623
0.0136257252831438
0.0159787560288037
0.0111943363880609
0.0119842460983412
0.0112703494567813
0.0143090366710401
0.0141720831632676
0.0164019189316871
0.0124490526247435
0.0115013974937902
0.0106290790151048
0.0145587517900646
0.0133975668979163
0.0160202023052578
0.012177376793241
0.0110445744088026
0.0110279081720356
0.0141636406812818
0.0146986387692017
0.0175097137646042
0.0115299878863985
0.0111411044447889
0.0116289268439173
0.0153559852181714
0.0139311457641773
0.0182827561863831
0.0115917952355408
0.0116299210068532
0.0114538584737655
0.0142745840746634
0.0146892241204145
0.0174852200439282
