0.0254973173133002
0.0220886167700043
0.0218628554349405
0.0308155439796109
0.0267435609794259
0.0353139325224293
0.0232963894548068
0.0223272188581098
0.0233460039753754
0.0275227641705436
0.0279053026466248
0.0326612841092979
0.0234180874254931
0.0232792779203972
0.0243306911754078
0.0287074126342725
0.0292652294431507
0.0342777369869172
0.0242709464039252
0.0244755356978924
0.0238045127625826
0.0299722991374154
0.0284478735671594
0.0335142277547183
0.025055820939569
0.0233333041409728
0.0228123897051824
0.0285197136848414
0.0277368207733384
0.0325619863112603
0.0242670959409035
0.0226816023760775
0.0232203185655514
0.0280829071309653
0.0284129673421417
0.0339056277626799
0.0235372081148256
0.0229535422043114
0.022465010685598
0.028698242714219
0.027793714724357
0.0332211988807713
0.0240696357162631
0.0225717500353307
0.0226009376178758
0.0286817411644353
0.0275450480471226
0.0337470515831617
0.0204377443763391
0.016801986362244
0.0164658265021942
0.0241490495685816
0.0201029160972694
0.0262349450026662
0.0176638271917997
0.0165205168765653
0.0177991630260899
0.0204856029335759
0.0218866945316717
0.0254613235370334
0.0173480718493868
0.0177107861285092
0.0188765473561286
0.0222563290182116
0.0225463527599411
0.0263912235008149
0.0183049295434127
0.0193156973506684
0.0188397176712399
0.0232366563867792
0.0225154787111101
0.0267257404160484
0.0193411582367461
0.0185248346146117
0.0186570527418051
0.0222243502493721
0.021772967326052
0.0249613399703211
0.0194478606486531
0.019187738784233
0.0190576892710145
0.0226053098652343
0.0237587770823922
0.0271483172049561
0.0196845427842937
0.0189639504063427
0.0191758842769535
0.0238409512599704
0.0233967232924542
0.0283547817523936
0.0196696466448471
0.0192185142501822
0.0195683826834129
0.0240214701444399
0.0240359442899662
0.0288873010964963
