0.0207243827731916
0.0178578790848742
0.0181142726947498
0.0253144317205388
0.0216435406559452
0.0290281879480722
0.0182210708491517
0.0179026024716608
0.0186528555628112
0.0216927661370351
0.0223778921146199
0.0259624888421951
0.0183972921873869
0.0184317677127573
0.0198270631360804
0.0225526748302143
0.0235728810720255
0.0272440292823533
0.0190845169605524
0.0197760201698044
0.0190634962593639
0.0240468661991114
0.0226732244339919
0.0267280741453083
0.0201123959823872
0.0186920160061184
0.0186149549888339
0.0226549531274237
0.0225786068046072
0.0262200234108982
0.0188759626867538
0.0180480181080977
0.0181854985656213
0.0222140450542093
0.0227017527062739
0.0267271928724098
0.0185693673564251
0.018110728960897
0.0185484314710973
0.0229309914631543
0.022480586786945
0.0271183195328422
0.0187758497328101
0.0183288410649566
0.0189472434194428
0.0227352371249701
0.0227135966075691
0.0270061149290964
0.0145390490406756
0.0126750495978921
0.0124289366172911
0.0181687628763046
0.0151283495022135
0.0197233254691661
0.0130864604735045
0.0123824248592208
0.0133918806628829
0.0152052601317017
0.0161387771339682
0.01887207744643
0.0125484102899703
0.0134503448691225
0.0137846440403015
0.0163436271311838
0.0163643279515615
0.0187325734735054
0.0137741025462894
0.0140368221693932
0.0130564317814927
0.016950859067246
0.0159429408828542
0.0188707113237774
0.0145378784320318
0.0132055293791356
0.0136119756088943
0.0162861274523013
0.0161654898018134
0.0189123877006489
0.0136512226388874
0.0137541839886445
0.013483349953488
0.0164319159461223
0.0177277726077121
0.0205316752144209
0.0140413089058981
0.0134928720316716
0.0136651770380822
0.0179413422997242
0.0165505445750443
0.0211774244415505
0.014007601079254
0.0135924972344365
0.0142457275569281
0.0167796939202464
0.0176930333747926
0.0206816005009134
