0.028432250188846
0.0257639832148306
0.0252229716291145
0.0346248078611146
0.0305324519465575
0.0391911058080398
0.0271790614241513
0.0255566850669969
0.0257057704180122
0.0317561032879197
0.031080801872384
0.036868214066089
0.026821941277187
0.0258910123401395
0.0262229751203718
0.0321628808051517
0.0318074910543592
0.0373840009329898
0.027110690440762
0.0264605936700296
0.0249818081109542
0.0328584031166624
0.0302336493535578
0.0362082239548978
0.027752198361995
0.0251791906004985
0.0239237273343844
0.0312687757845311
0.0301515602481366
0.035709307769545
0.0265574009139785
0.0244355745278427
0.0243761831362437
0.0313015326166049
0.0305938971827229
0.0374504592283216
0.0256998715573399
0.0242708494900037
0.0241665632413188
0.0313967857216635
0.0297696595195997
0.0367545104018467
0.0254975493750234
0.0242304508666205
0.0242134874759378
0.0306238090293408
0.0296764875205884
0.0358072862225277
0.0227016729371841
0.0215227993348736
0.0206193111400287
0.0280719473458024
0.0248464737839621
0.0314553178536361
0.022589665097019
0.0208905439554714
0.0212996577768518
0.0259323601974002
0.025632725724918
0.0304082936727104
0.0219485335353522
0.0214504244332793
0.0225423970460762
0.0264086276139633
0.0272614490206692
0.0313668156582217
0.022251594807227
0.0225897625451911
0.02205468495437
0.0280023807215642
0.0262110235806898
0.031238924570141
0.0235309529674503
0.0221962134701819
0.0214938578473644
0.0268681782572521
0.0270334709565556
0.0312454752975855
0.0232346121667545
0.0221821322428459
0.0213271254364762
0.0281966541537198
0.02703305339001
0.0328129281092703
0.023138093002193
0.0212328000567023
0.0212319542003515
0.0275483512360708
0.0261970472789414
0.0326801078723254
0.0224324754392915
0.0214195143499011
0.0217354550585179
0.0271452912330923
0.0266878429199059
0.0320882238478024
