0.0255342838577575
0.018949588318603
0.0202318652757302
0.0291718276456
0.024013379069921
0.0347138581895462
0.0190473959889917
0.0200049476248249
0.0238236155569451
0.0238618192013222
0.0275239275031766
0.0315805041292513
0.0198802338499289
0.0236311008559405
0.0225431888598655
0.0272384102491041
0.0268379602734805
0.0302859679206196
0.0230946850787234
0.0217554235000007
0.0216444825312311
0.0258251996955741
0.0252302507687232
0.0290667950733434
0.0210146312629428
0.0206129464367262
0.0214307915137835
0.0239430894555184
0.0258108477675494
0.0291273380024046
0.0203743150646019
0.0210092808277388
0.0214627252374086
0.0252224036645249
0.0260630743353529
0.0304633272584184
0.0207124128024321
0.0208017406037714
0.0228126809048558
0.025378015625808
0.0267429731666236
0.0313786251755755
0.00793286691766638
0.0086719124002466
0.00873221533599909
0.00938517452112915
0.0109759393993636
0.0109835237157488
0.00885417570079133
0.00884569369284043
0.0103975188004435
0.0111920912025066
0.012242503413004
0.0143523757888446
0.00911904750401277
0.0106147288999725
0.00894642956043099
0.0121612432817235
0.0132107345707285
0.0147455815421183
0.0107828891446399
0.00909959165524414
0.00701498276958194
0.0133992616879369
0.00941804478199909
0.0132456700011063
0.00889964626079873
0.00712615970722929
0.00854935531912029
0.00948333603875008
0.0106294516494792
0.0123022581019871
0.00714506116772395
0.00852534169955166
0.00993914357608328
0.0105267357565753
0.0118693881963041
0.0142166070333049
0.00866715547067047
0.00969967467183278
0.0100619848941473
0.0117221428463593
0.0123137548792333
0.0141364275347453
