0.0209597026029288
0.0262531852081754
0.0171915613946603
0.0245898473015732
0.0289791194312657
0.0271412729256171
0.0275214337950074
0.0175788916226007
0.0183467132545233
0.0301422242172189
0.0218672905281913
0.0339272493074263
0.0188204713593893
0.0194398553871634
0.0204341188917265
0.0232085295726818
0.0239186854032097
0.0273535134906536
0.0203837711160507
0.0213409544469642
0.018817656622643
0.0249155819967916
0.0230933748282132
0.0264553916459691
0.0224078225345195
0.0198555213909287
0.0184374176256166
0.0243145956698395
0.0225504494396491
0.0266924885971287
0.0207263489213627
0.0192738326129433
0.0195144971264284
0.0235235415106791
0.0233213888962716
0.0276600642096122
0.0197282447251743
0.019272756719247
0.0187280417684704
0.0235182358897388
0.0228459388841923
0.0269430545587357
0.0199012574413742
0.0184717006200541
0.0190267950960248
0.0232371688524584
0.02298543696909
0.0276729727748943
0.0136176306437034
0.0123759586085939
0.0111209135881573
0.016786573621689
0.0134860496623258
0.0182205613929179
0.0128531182456946
0.0113392789789065
0.0126822027710901
0.0144753284701897
0.0144773585263849
0.0164634906224217
0.0123988907876225
0.0134620855443682
0.0138654205825659
0.0154954990915611
0.0166288435291661
0.0181474160738116
0.0138726868456351
0.0143153738368878
0.0119821773124385
0.0166565005016111
0.015420708464829
0.0179453799004345
0.0151915590072857
0.0124490581942891
0.0110762080989147
0.0165889975292493
0.0142223243324643
0.0177220578086222
0.013345043240814
0.0117534603338818
0.0123596562281002
0.0150210971535227
0.0151120167854464
0.0179391990959722
0.0117347987334588
0.0123190317549204
0.0126018726287518
0.0150673168957511
0.0148244510113091
0.0180944324639852
0.0126991048011609
0.0123039262796834
0.0118560788697425
0.0143892901486439
0.0151827436459715
0.0171598333089374
