0.0225943400139618
0.0215760639419874
0.0207287370123646
0.0273444291669937
0.0263527595697768
0.0318885493496694
0.0222095343482413
0.0210788833351997
0.0199697845116059
0.026743982942664
0.025792426431314
0.0311247568536495
0.0221720951324266
0.0207190100016489
0.0201745573208433
0.0263240349910399
0.0258124756243306
0.0314170614161482
0.0212226448206435
0.0207444683770191
0.0202937763602076
0.0259403018875956
0.025819522906121
0.0310871705213546
0.0212048255231705
0.0206037492218951
0.0205933093779064
0.0258909043504911
0.0255987668659768
0.0309257685694131
0.0200825164471354
0.0195011042127412
0.0201662194899154
0.0240060314703222
0.0248395470338289
0.0292686679234375
0.0195798123356262
0.0202978873379791
0.0210787273166112
0.0244553211060765
0.026092157562499
0.0300730557949702
0.01987690619312
0.0208640536176407
0.021580312914963
0.0246776363517005
0.0261889308988991
0.0296456395283903
0.0080625842953606
0.00768727652026524
0.00772478095445897
0.00931366947064052
0.00972233361709078
0.0111854818818815
0.00799324682405344
0.00729812406564596
0.00838574374532454
0.0100317540296211
0.00962599638556835
0.0121720848925052
0.00799919226176043
0.00870981172666785
0.00863865579174791
0.00977722224482343
0.0115396653655804
0.0129957207979863
0.00922601690081656
0.00926279531791932
0.00885040430890231
0.0115631473072007
0.0120574952776629
0.0140649674191872
0.00884503554220894
0.00975369284529804
0.00942647436122087
0.0118225357368637
0.0118497374710789
0.0138321414605284
0.00950677971581716
0.00915155768631209
0.00895229775013837
0.0114879120509316
0.0126742454955163
0.0150115697863295
0.00860232324518954
0.00916909044436224
0.00970547815464424
0.0118951299370182
0.0119856060870272
0.0158854479530393
0.00904191482292286
0.00950248403561922
0.0110296103129287
0.0120672027786182
0.0133237749461196
0.0164042185873111
