0.0157145799452664
0.0261925499164121
0.0234721043916363
0.0220768443077889
0.0343363808897071
0.0294890099758426
0.027433006272668
0.0243199090947747
0.0272777840258243
0.0358978692162825
0.0306769878287161
0.0418352610781481
0.0254957932958539
0.0280714757635288
0.0321343005074583
0.0319128042024312
0.0378943914264294
0.0414143576405937
0.02972784531355
0.0330082641094491
0.0288157907513111
0.0396143051130925
0.035416408734922
0.0414090411040578
0.0354767743213693
0.0305773758211663
0.0295123451704911
0.037933101640915
0.0362521951607622
0.0428573868229122
0.0324238692935298
0.0310811750714168
0.0355114674501165
0.0384232871270055
0.0443099557462247
0.0510433859531365
0.0318290734779592
0.0355014937119273
0.0301060470170856
0.0446458185339553
0.0375199262125142
0.0446130032579382
0.0359250228398131
0.029983631574817
0.027197401830861
0.0378176198370179
0.033150190180049
0.0402317838982385
0.00994450120253704
0.00912901595876448
0.011350570756738
0.0116207961596838
0.0126400985863836
0.0168689016196238
0.00921730143907415
0.0122109119435645
0.0145809339125809
0.0137117229033185
0.0161335033818383
0.0168402261423334
0.0128032281847313
0.0148291026424732
0.0152204816775966
0.0166224133828234
0.0181246678873694
0.0201485209318599
0.0156479152148601
0.0153382026651027
0.0111953357000853
0.0190080023621905
0.0164138950893399
0.019925042328016
0.0158560065741669
0.0112898911039752
0.0124404309899955
0.0165089743359157
0.012793991310115
0.0161968298871358
0.0116697587733929
0.0129062512277484
0.0151686876345359
0.0131830969536466
0.0193867185978336
0.0200512379006935
0.0126783950628818
0.0154666175590101
0.0135229515949561
0.0197054011080732
0.0165058400211634
0.0209417785055841
0.0160890398432567
0.0140128673674365
0.00740529616341698
0.0169762190096054
0.0175947816444178
0.0188716839639087
