0.0479035967643264
0.0472770904576494
0.045879217277956
0.0600874620738108
0.0586633677488103
0.0713265675090789
0.0472770904576494
0.045879217277956
0.0450256411023851
0.0586633677488103
0.0575320285010537
0.0702273297855999
0.045879217277956
0.0450256411023851
0.0434787603834649
0.0575320285010537
0.0559382953439728
0.0685665438611157
0.0450256411023851
0.0434787603834649
0.0418378710766331
0.0559382953439728
0.053795829046249
0.0660934365700797
0.0434787603834649
0.0418378710766331
0.039203499578125
0.053795829046249
0.0506899020066282
0.0624120154573986
0.0418378710766331
0.039203499578125
0.0370433081385825
0.0506899020066282
0.0477604576854678
0.0592224936333768
0.039203499578125
0.0370433081385825
0.0371776814402767
0.0477604576854678
0.0472546169580972
0.0578942330978751
0.0370433081385825
0.0371776814402767
0.0385422544620882
0.0472546169580972
0.0478988476910636
0.058045191774304
0.0304630654942548
0.0301740060439167
0.0290430355423244
0.038174132447163
0.0371938220901848
0.0449008412339207
0.0301740060439167
0.0290430355423244
0.0284401686221617
0.0371938220901848
0.0368708961520976
0.0451638490298453
0.0290430355423244
0.0284401686221617
0.0282140946133635
0.0368708961520976
0.0355299269409518
0.0438817894187473
0.0284401686221617
0.0282140946133635
0.0270995804453225
0.0355299269409518
0.0352673725813051
0.0420654482943209
0.0282140946133635
0.0270995804453225
0.0243419954023683
0.0352673725813051
0.032349160984246
0.0402491368325253
0.0270995804453225
0.0243419954023683
0.0230119552853378
0.032349160984246
0.0297338782510025
0.037502754464565
0.0243419954023683
0.0230119552853378
0.0231148397223353
0.0297338782510025
0.0300260807679013
0.0366618104793398
0.0230119552853378
0.0231148397223353
0.0235818367027689
0.0300260807679013
0.0294562355478208
0.0363175455295018
