0.0185235847095134
0.0339980694605209
0.0254059979884714
0.0287011170249407
0.0371058791111427
0.0318725770729487
0.0353389140476203
0.0262660675518695
0.0290995140821278
0.038671039041623
0.0349445751072795
0.0463087859793974
0.0276685056780656
0.0301675056212784
0.0284661469900606
0.036574729872578
0.0366363599492726
0.0424244273181972
0.031822179689184
0.0293281380783366
0.0295893178026669
0.0382072784439026
0.0355628757336071
0.0430697295827988
0.0316123569302074
0.0313965317922104
0.0337163092903143
0.0380673042849333
0.0425006915380818
0.0486139643844844
0.0335677460123769
0.0356078743688567
0.0320151849907983
0.0451298207170898
0.0376908450579088
0.0454314159816241
0.0364619314972683
0.0324998078470998
0.02786765461577
0.0383985566861178
0.0359554560146134
0.040600139847026
0.0334504718916833
0.0276890546068528
0.0214836795019659
0.0366452587496011
0.0300720991739718
0.0385847300641451
0.00974064128908955
0.0129271206111758
0.0134717701052868
0.0153237465870786
0.015313757204835
0.0187989483569878
0.0127295177310074
0.0138494628120206
0.0152990881301071
0.0152305101834451
0.018395190005866
0.0185133432627852
0.0139555170005986
0.0157867888805353
0.0126031673994898
0.0187279113141107
0.0172124027283937
0.0193195657609358
0.0166786242572668
0.0127088516329837
0.012690893495705
0.0179174235765931
0.0152180162555302
0.018486475417759
0.0133308791328849
0.0131672552151047
0.0147695125724462
0.0154707650069319
0.0179438915751056
0.0206536413741545
0.0142991151681751
0.0150375182121824
0.0145872553579874
0.0185165553440693
0.0174227908910246
0.020245954848229
0.015641232957274
0.0144616764046969
0.00668658541253621
0.0177861944577236
0.01581266437419
0.0186717879568958
0.0151624690761712
0.00713522838530677
0.00952286665390183
0.0165483406938477
0.00883026147660911
0.0178928586759667
