0.0274050101680471
0.0390963218746063
0.0303459085616579
0.0344354477710053
0.0463827516571355
0.0402659159372483
0.0426845858726181
0.0309296455157055
0.0310290350643737
0.0496470815439383
0.0378443376595374
0.0567195349851921
0.0315201251636739
0.0311723596248509
0.0319876941197788
0.0382594379164739
0.0378347194778302
0.0440547153705049
0.0324430776169287
0.0325082609690604
0.0293321165008959
0.0388758099563849
0.0357536874031186
0.0414871094979142
0.0351313654692469
0.0304260465545108
0.0276686340988874
0.0379569012171837
0.0354404770366585
0.0420779857667362
0.0330710250481551
0.0288872739753679
0.0303454162275855
0.0375563522310063
0.0367134762210971
0.0464338729048665
0.0296869932535485
0.0301514236063049
0.0303822394321971
0.0365300980727866
0.0374425287287357
0.0443190903819057
0.0315157407491923
0.0302905907739274
0.0290086310542348
0.0381376154903544
0.0362929618757604
0.0438577622211101
0.0192212293985199
0.0211594818070269
0.0209907497451632
0.0250581009499606
0.0267349742511121
0.0307798048284008
0.0239825391067412
0.0218344431229631
0.0208033027605579
0.0302137943434998
0.0277148964274757
0.0361065571962116
0.022101313778729
0.0210834755108696
0.0193800741150646
0.0280528957046313
0.0239912819908879
0.0308577665971886
0.0217584249734153
0.0203264636279705
0.018962817676089
0.0251313708049124
0.0241067535179138
0.0289818919477749
0.0218534874486786
0.019820040133136
0.0160866836714801
0.0259289865021329
0.0225322079179791
0.0280889753581418
0.0217910632462417
0.0171878389492852
0.0184589682283766
0.0243935381869021
0.0229866169158178
0.0303090992775328
0.017997490786806
0.018612684766548
0.0209805588387399
0.0228415833775475
0.0240471217594375
0.0289899175061357
0.0196605354072308
0.0203429733458984
0.0189345966674621
0.0242730295647612
0.0261676497358542
0.0300810331127124
