0.0192861643931662
0.0298377342928904
0.0236773491178968
0.0243701391998732
0.0356490174377355
0.0300559410039518
0.0312421425869971
0.0234001184698354
0.0245331976483621
0.0366885652828997
0.0286683977252731
0.0409109276977063
0.0236322516223739
0.0242826888453634
0.0277749245089355
0.028855465306808
0.0320447312813478
0.0360785532737817
0.0244285443318281
0.02727368045258
0.0244961526753376
0.0318389401405674
0.0298964117780131
0.0341862038420624
0.0274822194273235
0.0242863122368725
0.0231315671424683
0.0298196263353461
0.027807109474431
0.0328830834901014
0.0245745325602358
0.0227071108346287
0.0236843944248234
0.0274794397954099
0.0283979494388156
0.0333117717677313
0.0231289327889783
0.0239515205641272
0.0225298917581622
0.0286517691414632
0.0284618070145794
0.0328803568247878
0.0251663694219149
0.0228657631970492
0.0235483924656748
0.0295843879433533
0.0284670073363415
0.034636072441525
0.0143641177194978
0.0145731046846931
0.0161154390693295
0.0176930807577319
0.0185300639948132
0.0219922780559714
0.0147185570239984
0.0164652295525307
0.0169692084089749
0.0187985769975748
0.020023767996559
0.0209107000520295
0.0160959196594001
0.0173069665614646
0.0180480962185826
0.0201411880068056
0.0219911285304614
0.0240270900379784
0.0173403583307961
0.0184129709668648
0.0164507119692173
0.0220731695194626
0.0208025942189343
0.0239515510611307
0.0186843931923538
0.0172685252138582
0.0150483424311051
0.0213045597969561
0.0191679682590085
0.0221179714813511
0.0185929092826995
0.0157914508431088
0.0160436150784157
0.0206970643390238
0.0194356740297964
0.0245849674375682
0.0155514794786142
0.0162421417988824
0.0162030226884082
0.0192029739048072
0.0205877357557215
0.0240414821212505
0.0164452735165015
0.0164104026914304
0.0164102187607337
0.020480189187006
0.0204575311836688
0.0240698308381243
