0.00736111031093446
0.0121691481158463
0.00831912582343651
0.00893736990307781
0.013107362620282
0.0100397055636912
0.0127535814338915
0.00840971380037864
0.00896997685728457
0.0137070516598167
0.0103061440249201
0.0153267036848509
0.00861477381910312
0.00904025562535033
0.0100908588599608
0.0104824562275662
0.0112605415642518
0.0125195713131568
0.00928249735740504
0.0102267219303898
0.00930218281090563
0.0115040961994576
0.0107741440585242
0.0120364009511229
0.0104525665553179
0.00947493360283069
0.00933837752344399
0.0110223928791783
0.0107721667493593
0.0121923254564552
0.0097476459979053
0.00949113631717651
0.00996569887456427
0.0110544039283536
0.0116652737130808
0.0131577325091707
0.0095980922649778
0.0099253852631119
0.0101158531872166
0.0116886425087398
0.0122185413228196
0.0138996402363336
0.00999373312014886
0.0100365365168779
0.0109941444099806
0.0121998498921133
0.0130378843987331
0.0153296065874614
0.00475660419618722
0.00460373700018132
0.00481020831672757
0.00600535772542352
0.00473214275575426
0.00650825372864515
0.0041041827003265
0.00472917997419989
0.00545114074817491
0.00416182111530457
0.00631143342520582
0.00506254464685544
0.00451918580388864
0.00561014853256096
0.00678382597042503
0.00588909980886627
0.00770366846291931
0.00758092815880905
0.00592508393404389
0.0068163994803184
0.00587827347019378
0.00792426977896135
0.00755966742368062
0.00842640591811697
0.0068497836674768
0.00592364837838061
0.0051358596255038
0.00734690104990212
0.0057312374126849
0.00692609853732438
0.00609216374081497
0.0051661609188995
0.00590459588798932
0.0058651952630491
0.00723707910354567
0.00798041705103971
0.00491068816328034
0.00576584401605269
0.00649183384350167
0.00677465291029637
0.00786747136123351
0.00906704360982288
0.00533735770362309
0.00638784581888975
0.00669254345966363
0.00723596172054155
0.00799009616860748
0.00869860324256174
