0.0162707084037244
0.0247659875386133
0.0190585223617408
0.0209805589026976
0.029054877881216
0.024852908402993
0.0255773337533335
0.0189429901227224
0.0198822721677575
0.0294743370738057
0.0240142718323165
0.0346243295242172
0.0196090950971765
0.0200899709123763
0.0214348056598579
0.0246957441925514
0.0251313979720285
0.0296363702833548
0.0201835988899113
0.0213027515682276
0.0196530229883005
0.0250261319291111
0.0242465954499469
0.0278905535455284
0.0215850498001637
0.0195826542589714
0.0187427406647289
0.0242564038507038
0.0225527780991226
0.0270356062376145
0.019748618840064
0.0185370805859585
0.0196049340678447
0.0224565457372457
0.0232032695424441
0.0272489000136685
0.0189895176501811
0.0195617567312967
0.0193986569817336
0.0234898185322404
0.0241410626856061
0.027833761963584
0.0200997534180759
0.0191318552360157
0.0192460606500384
0.0244893547696111
0.0236844419471601
0.0293121652837736
0.0102462579766367
0.0137578515508553
0.0120121376625039
0.0141030030794501
0.0156117065232063
0.0163090193834085
0.0130853941868029
0.0122614642289286
0.0122268982419786
0.0151068051818398
0.0148875297926243
0.0165783599447435
0.0129008973360192
0.0129724477939265
0.0132941607672277
0.0158184094178274
0.0166234385046124
0.0189885626438561
0.0130114673758033
0.0136052795916379
0.0117615840590658
0.0165976918345709
0.0155564857056923
0.0182627092679175
0.0136422129540937
0.0124724901657892
0.010640801924025
0.015797083958073
0.0134479134264411
0.0172690990998736
0.0121898370056311
0.0112816776012174
0.0124122795245126
0.0137570445276669
0.0147343776357551
0.0173442819256262
0.01107027328101
0.012551053422175
0.0129014035403794
0.0145403212961581
0.0161955061077733
0.0176194372962714
0.0121499431384335
0.0128355700242626
0.0117211886999986
0.0155452702881664
0.0147772080435591
0.0175877150539613
