0.0360384199881215
0.0522159148336578
0.0398474365644714
0.0444296582284856
0.0572136061923695
0.0515577864753824
0.0633351254333848
0.0445884886608858
0.0496418071781349
0.0695434904770085
0.0563790357277041
0.0786896504132753
0.0512078486305663
0.0532959525103265
0.0589713713639398
0.0622658227509852
0.0654900819446183
0.0734233053790107
0.0586603194952283
0.0623670565233941
0.060098036327784
0.0705649067972649
0.07255552347135
0.0773561785041624
0.0731151726404281
0.0698283495551495
0.0702780320585061
0.0838158754138208
0.0833519445229297
0.0930813163595623
0.0839192155443721
0.0797856197814698
0.0856809149397129
0.0979929077630288
0.0981283949166385
0.113592951420308
0.074186122548309
0.0759035154070283
0.0739122635257575
0.0898587138879269
0.0918907138795314
0.102559745638181
0.0736686139649829
0.0690492440917461
0.0706825940226701
0.0881604490854002
0.0870466999036432
0.105888162564071
0.0284648774152615
0.0314094114647987
0.0279333419772164
0.0351711787291523
0.031007731859432
0.0356992800702744
0.0388838976427115
0.0340925295576703
0.0361748204298313
0.042145044525351
0.0389432975577203
0.0425072213995653
0.0400980898908674
0.0416598854350252
0.0436098988889693
0.0477482546085499
0.0503543480172306
0.0545406441637952
0.0482033372991772
0.0462921563029022
0.0433690171162936
0.0576103126441202
0.0532328794865545
0.0632950058188594
0.0579927702730094
0.0503366946333129
0.0495225957141311
0.0661383527654184
0.0597878921424799
0.0726758359429714
0.0625751712859686
0.0556990613047906
0.0579132380826519
0.0743718726261153
0.0686429996880267
0.0885641508897595
0.0533066671311509
0.0502140438514884
0.0476831042149237
0.0625157092484963
0.0587744336850348
0.0693054707003512
0.0517792356051003
0.047110797099084
0.0473648898782518
0.0609075643222854
0.0578353307492719
0.0720663185310712
