0.0137230882211296
0.0177598412630722
0.0176715248458528
0.0181443813019912
0.0208016461285264
0.0207886629415309
0.017907178229405
0.0170233351271728
0.0187398015660765
0.0205427123798994
0.0207281963928781
0.0242363344600357
0.0172755350308743
0.0185525183533055
0.0240320643728487
0.0206518934394222
0.0262902719199837
0.0284568875080138
0.0186079864230689
0.0234702663319283
0.0224624118800463
0.0256759637672901
0.0260022411397526
0.0281640632583003
0.0233119212993754
0.021627139196776
0.0232555809382605
0.0253417295711411
0.025314458909572
0.0290682435172031
0.0210621667699045
0.0218511104750663
0.0231277364724948
0.0242874073246809
0.0267548585733713
0.0292713152120154
0.0216836850442285
0.0225709926738143
0.0228862594798563
0.026275071202012
0.0277174464190609
0.0315488825529905
0.0222980559312373
0.0221122112128747
0.0249304294739045
0.0271502754630464
0.0287667780310076
0.0336770553512176
0.00670857378633706
0.00887837992911773
0.0086522718775711
0.00966335685594364
0.0101598305165168
0.0113244549776136
0.00869048390094748
0.00905243759324877
0.00950203960381025
0.00987563149233347
0.0110214268139106
0.0115768552340437
0.00902333088000716
0.00966756563963999
0.0127318763654006
0.0107816497265008
0.0135186053101381
0.0144408553715828
0.010293229691315
0.0127440360289969
0.0113768275342102
0.0138826793401828
0.0153057567525005
0.0155558264259185
0.0128965856178744
0.011205829081884
0.00870732386786402
0.0153923056554938
0.0113087280300252
0.0155993073934086
0.0117250005358576
0.00870811792133118
0.0102549555235935
0.0122673385293345
0.0129663991062909
0.0154303276269441
0.00870214651318084
0.00999510628401092
0.0114695693246698
0.0128776143361647
0.0140815398169732
0.0171056123353839
0.0101699395076861
0.0108832785559558
0.0123393644227274
0.013766135550546
0.0146140966041382
0.0173280645190236
