0.0202766160678728
0.0292515765385746
0.0218577181792767
0.0249611236452353
0.0335776044231407
0.0288968865147786
0.0314562881334925
0.0224439206788035
0.0238322198458066
0.0355330744021768
0.0281625826877155
0.0406439566182222
0.0230671208538598
0.023784695328191
0.0262641539265145
0.0286681760465326
0.0300642097209109
0.0347636091875846
0.0244002439874049
0.0260526626211626
0.024134367079701
0.030377380899455
0.0291785464993307
0.0330447766578249
0.026451893186657
0.0239478666523402
0.0228866039872405
0.0293052270685543
0.0275818394069696
0.0325215430042683
0.0247799013671056
0.0230069908760681
0.0237071036261656
0.0282571145066104
0.0282855267007397
0.0334879446663392
0.0234961014771883
0.0235782703413375
0.0235587457855729
0.0284176113148108
0.0290247768654897
0.0335949535798399
0.0243214277850375
0.0233048676875851
0.0234500678176929
0.0294971805007109
0.0287051090044015
0.0349199260335612
0.0153635520691688
0.0168328179191781
0.01488442974682
0.018206458755023
0.0187411275674871
0.0208572449468033
0.0175202695050321
0.0153409664820756
0.0165640089945411
0.0194092488371647
0.019665371793136
0.0209214770059001
0.0155672406999326
0.0171021777304277
0.0186478991610273
0.0200955056059356
0.0216329849657471
0.0242870782071423
0.0177680982134402
0.018757024955373
0.0167267770141466
0.0224048505820797
0.0215582851233493
0.024965120462387
0.0192026066522127
0.0170685576249637
0.0146463590402478
0.0218129904616903
0.017916259993561
0.02234855258236
0.0174843510737411
0.0156465812251204
0.0161491009287908
0.0188473850366103
0.0195668513680923
0.0228503913988452
0.0156589772024546
0.0164797425005215
0.0166259526512658
0.0198071119619201
0.0213072119416699
0.0246135196732845
0.0166305962665399
0.016519623588151
0.0162659877100695
0.0211659978512174
0.0199818994454927
0.0243960842927083
