0.0411940019975564
0.0579172463869462
0.0431146761702369
0.0493894095647248
0.0657846324254501
0.0562576952685199
0.0631685209748762
0.0448862509337211
0.045270281923254
0.0709175515241566
0.0522597608407651
0.0757003294499834
0.0473139626392474
0.0467695152413034
0.0465384687029643
0.0542604290764067
0.055471097552884
0.0611255368655814
0.0502375021389296
0.0486428329192835
0.0447504423854094
0.0586640365180064
0.0534543094397368
0.0627066235091379
0.0540468335214353
0.04827131715385
0.0407336744879735
0.0586941690535519
0.0551928819137568
0.0644894482434123
0.0544480310822701
0.0439534431864915
0.0423048165946747
0.0612530549791102
0.0544809723785588
0.0729975995163536
0.0469453809363932
0.0431977975336108
0.0423049023557986
0.0566265151981415
0.0529136681858145
0.0655719639449783
0.0464743633082211
0.0428759202932629
0.0405291608470237
0.0554481708915846
0.0514905267657709
0.0633479546470945
0.0341950926231178
0.0350851108230688
0.034493069112839
0.0406553553390092
0.0396866821645973
0.0456803196642807
0.0393086671910357
0.0362725239455977
0.037101252631299
0.0443940119506128
0.0418165185706537
0.0483271242278368
0.0384539809349942
0.0383642137760707
0.0367473290249305
0.0438203541259654
0.0445887365192684
0.0492025920467227
0.0407275311732475
0.0384311099168313
0.0345227320708309
0.0471794269323651
0.042422147058553
0.0509430138448931
0.0432622414784
0.0380506156228585
0.0306625573977062
0.0473063493653018
0.043744847139066
0.0514354564478845
0.0432474212299064
0.0335614386402221
0.0316002119305874
0.0490845877161318
0.041358601047284
0.0575708727815596
0.0362736064732033
0.0328706704753403
0.0334839290884208
0.0436943973544467
0.041218822294321
0.0515518094606146
0.0359152167940873
0.0341784761849109
0.0317845203370167
0.0439447729675576
0.0414133708340092
0.0508977119745571
