0.0114144711542497
0.0143354352201431
0.0133772376983563
0.0140362805094666
0.0171250074938104
0.0168163231305319
0.0147144308858077
0.0131391560061608
0.0147107203018218
0.0171266175149687
0.0172652256987388
0.0210267200726542
0.013775783411087
0.014893374768199
0.0165354281917031
0.0177888445584756
0.0188697985993087
0.0217144715468291
0.015316050793448
0.0165444270756786
0.0145023442863141
0.0190468836585404
0.0180324678937111
0.0207229934082383
0.0169699919174669
0.0145088261187593
0.0143647413283207
0.0183413176179265
0.0168831468878694
0.0206851718595725
0.014860905198783
0.0142319173217853
0.0152401629465472
0.0170223508696434
0.0176107767803963
0.020473190697841
0.0145957506617226
0.0151611653677646
0.0151525190264818
0.0177823207355025
0.0189803021089566
0.0213662939845223
0.0152971421417518
0.0148883262883872
0.0152189404619718
0.018888809730342
0.0183867904184682
0.0226784590873304
0.00835745493257599
0.0091828546355487
0.0085251031162147
0.0105023579118656
0.0104518075074609
0.0119733919370126
0.00881833279349894
0.00889358855165123
0.00942494619938465
0.010270605076016
0.0113891869531974
0.0124874806664936
0.00928675118092137
0.00985831073663501
0.0108026094912742
0.0120635602735541
0.0125489772393882
0.0147525064206948
0.0105221634197461
0.0112822076325456
0.010157550214779
0.0131042710023917
0.0129881610894981
0.0148278337142103
0.0113757462460978
0.0100706019111047
0.00898330178244398
0.0125928803087841
0.0103510610168918
0.0135226842320292
0.0107819583138593
0.00935636919930229
0.0101289445706353
0.0110386178405253
0.0118967839165803
0.0136058464852126
0.00943458946987312
0.0101897144003221
0.0109658713821365
0.011660134472795
0.013658093930537
0.0151189759550848
0.0101849236390004
0.0106847170480497
0.0106361907754488
0.0132120524490241
0.0124627369832557
0.0149583730076802
