0.0280753456509635
0.0346333462888104
0.0298859968408672
0.0346398642630917
0.041218700060357
0.0405083206423726
0.0367769553458182
0.0301836039470063
0.0318758788097862
0.0433611369416104
0.0379501474103426
0.0500987008471272
0.0315709171044989
0.0324313669915683
0.0338087955673496
0.0390281549038159
0.0391304970035836
0.0451558436721257
0.0338373667361881
0.0341492394300412
0.0317006158258353
0.0404501829836941
0.0378340155390479
0.0433825129930707
0.0354202040738257
0.0322149395933154
0.032045005296351
0.0388890203257005
0.0375413942629232
0.0435633282359035
0.0336338054371224
0.0330013267998492
0.0338403716501495
0.039062043066066
0.0395707107963282
0.0453467913235607
0.0335499787514388
0.0333723106550057
0.0326179660261966
0.0397344902662557
0.0405986477682933
0.0465224628204916
0.0343587453970613
0.0321886888711265
0.0309967377206161
0.0407564863534617
0.0400211922088134
0.048324593955762
0.0254300012462053
0.028058429100115
0.0250006510790238
0.0320604833123261
0.032435980156481
0.0352981840102576
0.030566815962629
0.0258674347401986
0.0255866516962504
0.0354471516013873
0.0315891844193669
0.040183237937439
0.0273971778424747
0.0266169129141612
0.0284084455806553
0.032932672326861
0.0326080746444098
0.0380825373611243
0.0283397728426414
0.0288043126224999
0.0264345403790169
0.0341293058415661
0.0314799588466997
0.03663990109147
0.0292245572447898
0.0270826227350975
0.0259941464120346
0.0322932594045586
0.0310667896769756
0.0357531253884309
0.0285548593843582
0.0274221348615386
0.0267074414375146
0.0329620763858121
0.0315643930644718
0.0368350407698814
0.0277670793673186
0.0266547458097747
0.0273403414802866
0.0318302584203424
0.0333310276961051
0.0380656092497356
0.0274320567479945
0.0272305432992219
0.0253470726859949
0.0334734965689381
0.0329991504538151
0.039080637046612
