0.0255342838577575
0.018949588318603
0.0202318652757302
0.0291718276456
0.024013379069921
0.0347138581895462
0.0190473959889917
0.0200049476248249
0.0238236155569451
0.0238618192013222
0.0275239275031766
0.0315805041292513
0.0198802338499289
0.0236311008559405
0.0225431888598655
0.0272384102491041
0.0268379602734805
0.0302859679206196
0.0230946850787234
0.0217554235000007
0.0216444825312311
0.0258251996955741
0.0252302507687232
0.0290667950733434
0.0210146312629428
0.0206129464367262
0.0214307915137835
0.0239430894555184
0.0258108477675494
0.0291273380024046
0.0203743150646019
0.0210092808277388
0.0214627252374086
0.0252224036645249
0.0260630743353529
0.0304633272584184
0.0207124128024321
0.0208017406037714
0.0228126809048558
0.025378015625808
0.0267429731666236
0.0313786251755755
0.00871279424614717
0.00897665628628643
0.00903829005346444
0.0104228745523574
0.0112001976312233
0.0127443258168633
0.00916277081250435
0.00917305645957706
0.0109410920632284
0.0114037786429911
0.0128685209758713
0.0149542527957771
0.0094761615605458
0.0111715249151905
0.0095209802262096
0.0128043911140859
0.0135896701527504
0.0151148971651999
0.0112406316433965
0.00980818744518812
0.00712474956068467
0.0137171546441017
0.0096540527807032
0.0130282360982718
0.0095542835111144
0.00727975253204565
0.00899541199797734
0.00975445280055299
0.010956563553513
0.0127996010887213
0.00729702148168977
0.00894851057441458
0.0107177724783561
0.0106764207708708
0.0127180134881872
0.0150034427249305
0.00901154885269892
0.0103314925811776
0.0105042790771269
0.0125973196207955
0.0126352961723695
0.0146293478528149
