0.0255808212088672
0.0325688832910687
0.0255411293785168
0.0311488335658824
0.038118410110566
0.036000501196135
0.0353536139186862
0.0264177273571886
0.0277728766766247
0.0409082537307669
0.0333709293015891
0.0477449027573668
0.0273000467536791
0.0282478209825983
0.0296146315506456
0.0342114811787547
0.0349427651636805
0.0404127168942047
0.0293682399059837
0.0299867958436055
0.0269878690182119
0.0360945413606529
0.0327321781779463
0.0384530821163829
0.0315642595230938
0.0276267797933596
0.0272279002281996
0.0340861166151003
0.0325441275473654
0.0384590479099588
0.0287076954042234
0.0279686395523691
0.0297530583292955
0.0335244193188996
0.0342604792480661
0.039362199380194
0.0284565141231588
0.0291660696043776
0.0287513368188789
0.0342120551203419
0.0357088141233603
0.040314956480637
0.0298796663600747
0.0281255596643646
0.0287367509944203
0.0358155484906421
0.0349983402347379
0.0426609671478757
0.0192690706170123
0.0205361561031966
0.0183966413056755
0.0241579000336977
0.0242375030416166
0.0272222936134844
0.0234493360029484
0.0194579399456622
0.0195023933866596
0.0273927497408661
0.023707342039653
0.0316357002810765
0.0199083936115262
0.0204469512324063
0.0211995886561377
0.0245612371180542
0.0253080654620444
0.0290151533114835
0.0215260817828992
0.0219533962483787
0.0199577965333767
0.0263147675479425
0.024782677095057
0.0290131567345333
0.0234636935376205
0.0208351929501142
0.0189986118833314
0.0262455279742529
0.023396871305679
0.0283721346647558
0.0223493741917327
0.0201054175483449
0.0210711663197581
0.0253150088413527
0.0241624074718111
0.0294037410888621
0.0203541071634963
0.0205463697011819
0.021143950513121
0.0239068469798836
0.026063848053437
0.0294671449093387
0.02149539879362
0.0209532500372647
0.0205791838232266
0.026480921493318
0.0256047139671878
0.0313651217831376
