0.0138910339461445
0.0146959010109938
0.00898887259405969
0.00989342073434107
0.00969102703176979
0.010931448362996
0.0138141208366865
0.0125121511350264
0.0198042844364352
0.0144749826154559
0.0142098178432411
0.0160385857591984
0.0189895407150093
0.0164540464094654
0.0247933136165758
0.0183608148966573
0.0194905503078592
0.0233124270156978
0.0211644997612087
0.0282586362319671
0.023084181648302
0.0269149663512206
0.0242904325825955
0.0334919805821359
0.0307329069236766
0.0294202677047857
0.0414770264179441
0.037338491422152
0.0151930000551142
0.00914237053749101
0.00983174592820352
0.00972100845986819
0.0107882882662358
0.0136138803834384
0.011530135141133
0.0206506552479849
0.0145528185256767
0.0141829370277484
0.0158306881723664
0.0186107304597655
0.0176832016056039
0.0255499866929956
0.0184134027078322
0.0192471513369946
0.0228189516514571
0.021750488521011
0.0290564805134304
0.0229287019299475
0.026272544877157
0.0258297664669923
0.0342012088736083
0.0301796671657252
0.0290788637653845
0.0417513041839201
0.033168773620394
0.044439825273855
0.00921038817569976
0.00978219244204161
0.00976343152330085
0.0107552759263467
0.0136390418116661
0.0115236044986906
0.0110946694629741
0.0144504716580812
0.0139873375151246
0.0156312187655248
0.0182666833596035
0.0173282629303216
0.016384161146083
0.0182079076074769
0.018856093253069
0.0223515802015414
0.0210890460937352
0.0209817230588578
0.0225372147844011
0.0256143468348466
0.0250626058375651
0.0244424073773923
0.02942774483903
0.0281431472091226
0.0281318472203889
0.0320702891305143
0.0310316560223848
0.0347280872372844
0.00984090064017262
0.00958108070926746
0.0106453269209218
0.0136539277450322
0.0114185336795406
0.0108337892535426
0.0115989368387633
0.0137140279694719
0.0151593829305005
0.0176924511713115
0.0169262232068469
0.0158309161696316
0.0161079793778037
0.0182598641248517
0.021424502787001
0.0202181092173108
0.0199604920401505
0.0207886613942181
0.0244799722046955
0.0236843596783464
0.023058972173595
0.0251075712789576
0.0266674270773841
0.0263598576508178
0.0282595753534957
0.0291716108662513
0.0314416227963217
0.0341734894586099
0.0100685247003583
0.0106902550192757
0.0134948153187401
0.0114826460154351
0.0107184835006664
0.0113210946421802
0.0120620428718057
0.0156732078529221
0.0176899057412172
0.0168193377682495
0.0157534539320874
0.0157519049146709
0.0168185961842806
0.0217449566835324
0.0201979620073896
0.0197423700119595
0.0202422803492009
0.0208575946042287
0.024062836925625
0.0228819125978589
0.0243800567064901
0.0252598849947289
0.0266318440290293
0.0273867151519988
0.0294972294580622
0.0309182000292128
0.0323039296327107
0.0358582149402118
0.0110368619830436
0.0133957068013866
0.0114132629344643
0.0106507142265565
0.011261232303582
0.011712694258356
0.0127205264736055
0.0179832177042541
0.0166513235724892
0.0156294937228742
0.0154967400374255
0.0163212206594758
0.0179853753027363
0.0203861215050543
0.019545832331444
0.0201061348349207
0.020176430446425
0.0221013375178016
0.0231788694312829
0.0241306302402174
0.024600064993807
0.0258828570282907
0.0275539122741862
0.0287048673383772
0.0303801488897834
0.0319757039687289
0.0347327273855855
0.0376775784830443
0.00322035620869065
0.00329685767133301
0.00381990983765578
0.00401999801057529
0.00394668588523111
0.00362630610719002
0.00464279741989683
0.00569652550966946
0.00578043065053712
0.00662423473077698
0.00601512961714293
0.00763805330278248
0.00724294008508807
0.00816450077769998
0.00823649548926405
0.00866293626385996
0.00882154859132725
0.0108660965208287
0.0105044059702934
0.00993418949424107
0.0109015435399426
0.0126671386163698
0.0131199778963619
0.0124705990821296
0.0144745388958807
0.0157127014665184
0.0162011618263276
0.0197868386155461
0.0031260335474296
0.00418360397725127
0.00412616060482194
0.00410659656732227
0.0037719906660608
0.00451938074206733
0.00416075044232785
0.00608899464469278
0.00681232707254079
0.00624816406676884
0.00787857497328752
0.00704859579411406
0.00623209782210994
0.00805775196772002
0.00893341288931843
0.00938547765824307
0.0107667382375476
0.00884958766784289
0.0100676506223734
0.0113382029630445
0.0126762331266015
0.01283114325161
0.0128255966407105
0.0144023214565613
0.0144337072821592
0.0162448589392754
0.0164941426809058
0.0185091337206442
0.00414104844874883
0.00421829083546924
0.00448079492120425
0.00396816056843937
0.00440030338780968
0.00440042958334599
0.00379882354731597
0.00672001731640222
0.00675037064969464
0.00822962450163257
0.00745251769533459
0.00655455644898635
0.00519866606797187
0.00909409716773206
0.00993202704903281
0.0111423345601781
0.00978402287733873
0.00660241241497108
0.0113432505072821
0.0131133328215405
0.0139144817431419
0.00947173081893211
0.0143345064637755
0.0159059881582613
0.012788355583015
0.0169891171742958
0.0147797369262213
0.0159449792987563
0.00416817141904343
0.00459309448155738
0.00426767362670375
0.00476088183021268
0.00460275867271802
0.00409551690495893
0.00436665389993955
0.00658926349004827
0.00869013753584774
0.00785792466869575
0.00672517069344233
0.00589040580911058
0.00682004912830142
0.0100673080862782
0.0118083413900098
0.0101392847602115
0.00715899915489773
0.0085704532100196
0.0131262941087739
0.0142301554802596
0.0103100568810726
0.010588828320729
0.0157030190908371
0.014185399452802
0.0131601551237115
0.0153994138998238
0.0176148938947822
0.0191257397902095
0.00474506582089211
0.00432720917564341
0.00462535041589385
0.00461338296923327
0.0040957461659546
0.00425746980079593
0.00505353317766258
0.00879717148819782
0.00788279232469181
0.00664368246365594
0.00581348789782697
0.00677810381001914
0.00793590774884118
0.0117865022439663
0.010081278721476
0.00725097919586615
0.00839679481849358
0.0101360486499681
0.0144295860128711
0.0102942997981123
0.0103710852822488
0.0121945296742098
0.0143558912318414
0.0128164228471278
0.0145844655206114
0.0169711641747563
0.0176018314866403
0.0216908776062442
0.00427340301188127
0.0046473989618188
0.00462800416822596
0.00406506867881848
0.00433926804886814
0.00488399123629932
0.00551270665055081
0.00789834511527202
0.00662404351436155
0.00590759341506262
0.00673156201551047
0.00764897119225579
0.00748512293737821
0.0101142475365969
0.00728694699386781
0.00867833426091242
0.00976954249989006
0.00999476641544707
0.0102917878877062
0.0104094125226572
0.0119560023978369
0.0116991747637842
0.0127262358955626
0.0142170734337052
0.0137007245776396
0.0168590787264118
0.015660550855879
0.0174272633960345
