0.0320412842111569
0.0449509772507524
0.0333526068377852
0.0391576435350586
0.0512564492148914
0.0438436900138723
0.0469287650453203
0.0330499834179123
0.0358442694544488
0.0526590738276675
0.0409784583780816
0.0601694493436699
0.0338217135249367
0.0352368797134754
0.036821162736376
0.0410425277640369
0.0427909604200574
0.048373080690659
0.0347629366212755
0.035129901116404
0.0321503439848277
0.041451357813081
0.0393311906469746
0.0450978149964213
0.0365640301354417
0.0315305697134596
0.0302067756708059
0.039916826817565
0.0372719989141087
0.0441712367404076
0.0331618696331383
0.0296625278539231
0.0318669533801746
0.037405572491368
0.0364125465413707
0.0441665546016123
0.0298779242011756
0.0314092917971133
0.0313783851234781
0.0358713240220541
0.0387185711755685
0.042965400303141
0.0322302646100055
0.0302498197693255
0.0306664171878526
0.038542667514528
0.0368164045586438
0.0447103587081426
0.0241849815766925
0.0261599876794444
0.0227763345527434
0.0306543318898263
0.0282993356042925
0.0314665778095862
0.0293402973905257
0.0244516650228104
0.0249944374527278
0.0326586557353238
0.0279041000035617
0.0351417284868412
0.0253265992544798
0.0248281344889252
0.0267415468273008
0.0286798841427293
0.0306943907185116
0.035657280218743
0.0240267549649809
0.0256016585287175
0.0216348533197026
0.0295825330588406
0.0286301587143205
0.0328100174178799
0.0266228488106277
0.0228486687605879
0.0202293965512387
0.0296835773026786
0.0253243607047918
0.0318830373748897
0.0245406078929532
0.0210332513299029
0.0219980836484922
0.0273074492371299
0.026051688334579
0.031579061533469
0.0209812518647781
0.0218833431753073
0.023153405056548
0.0258308653368391
0.0272203682993797
0.0300380077724857
0.0219783109678487
0.0218740420171543
0.0219088459832367
0.0269490588523034
0.0275408998647874
0.0324948613626791
