0.0216321386198402
0.0322284157778187
0.0241995338722242
0.0263681427818366
0.0371239497512644
0.0305398261261027
0.0337402694545508
0.0237800451608687
0.0248198379190423
0.0380879356365591
0.0288726564625422
0.0424658465761741
0.0242531534384007
0.02461769131296
0.0271221374863424
0.0290255719041265
0.0309204372695174
0.035122455807952
0.0251219842990661
0.0271652647186808
0.0253377115701364
0.0312702957093577
0.0302437216927424
0.0340041241580843
0.0279239897628112
0.0251928525122629
0.0237213962124774
0.030298455000588
0.0295372330581777
0.0342167442961212
0.0256005383443361
0.0231572282137104
0.0241739856735454
0.0292040517537463
0.0285485342489665
0.0343933326883744
0.0235087502349188
0.0241014106987433
0.0243499672889307
0.0284483010657186
0.0302803367926113
0.0341217540492452
0.0251056051407183
0.0241987071022496
0.0248014692623079
0.0309219254960299
0.029750468712757
0.036445265360285
0.0174225920461282
0.0185241864744453
0.0182733004441829
0.0206518275601236
0.022040778156248
0.0238628285311134
0.0181926007935328
0.0175132617667648
0.0174219726348999
0.0209028023332657
0.0201994699145029
0.0229084171310892
0.017916507369232
0.0180756737887736
0.0198395564479533
0.020475101331041
0.0220312121874885
0.0248014635180677
0.0185716175839131
0.0207176239915417
0.018977391621953
0.0226653250745781
0.0223897678301972
0.0248361900412919
0.0209388470709641
0.0193573467001826
0.015414624216676
0.0227789238708056
0.0210184187279069
0.024082995058361
0.0194671699880661
0.0160013575210044
0.0166014560190979
0.0216211629710842
0.019428800631241
0.0250909121985874
0.0158196714162929
0.0163977626214339
0.0180854117015596
0.0187550039351868
0.0211751013571679
0.0240195550190624
0.0170971680109213
0.0178734466802712
0.0172472904608853
0.0216417611319066
0.0220011723318137
0.0255547990965771
