0.0195679196116902
0.0222285000439175
0.0113929615745145
0.0230113020247437
0.0242815468303562
0.0251575230509202
0.0231412448702422
0.0114466935670842
0.0102989578152542
0.0250306080532052
0.0137433784170189
0.0265332761470106
0.0125485743906578
0.0103809969679547
0.00972997056309896
0.0147721561070804
0.0125322271082166
0.0169277994011457
0.0113367400136744
0.00972111328567858
0.00942773165812755
0.0132468784292621
0.0114203597743046
0.0151005290602448
0.0108000434617021
0.00961739799684774
0.00777427430610823
0.0122616837023605
0.0116599380262275
0.0140301978477701
0.0106306049903624
0.00785138076857409
0.00766556094445387
0.012527107170489
0.0106257468468241
0.015873328797654
0.00892465983811723
0.00810489190502489
0.00802362637603506
0.0116782713446027
0.0103800246677499
0.0143812813754849
0.00923899928097141
0.00838101730081792
0.00797071908993124
0.0115534397928388
0.0106649592870454
0.0140073309463976
0.00850621708911837
0.00900714363967246
0.00687586965643109
0.0120414892501248
0.0076142847478554
0.0129762485422693
0.00860080560926327
0.00677795957518024
0.00803842979707412
0.00841239003197686
0.0087359863700686
0.00928706083741328
0.0070653631349593
0.00834156320025112
0.0082839741970592
0.00913805563916187
0.00801253638232128
0.00886515679023837
0.00940232921508426
0.00841272744627438
0.00607173317100698
0.00793892629245663
0.00936132066562155
0.00970981319285648
0.00946414289278491
0.00603261509626959
0.0050314557966989
0.0101588977673582
0.00762727570839858
0.0108896547176456
0.00692723871560829
0.00506540440590931
0.00323638503164782
0.0083179499093464
0.00582412821739406
0.00813516749858096
0.0059084621888841
0.00332197548969738
0.00283730539585199
0.0064827373017172
0.00329900773692713
0.00571782338047141
0.00373298759606773
0.0031858700437058
0.0038298515163104
0.00395699793520758
0.00648537375013489
0.00573137575421737
