0.0220292819185337
0.0330296384664398
0.0254220367386014
0.0274036484876146
0.0378659123084195
0.0324194040248872
0.0344787777920242
0.0250961656478883
0.0260165649377288
0.0396338264677862
0.030572869474392
0.0447037490583723
0.0255069013542196
0.0260902652721255
0.0288764525976572
0.0310214430623218
0.0325138949399344
0.0369351449541516
0.0263738025375576
0.028227795598664
0.0257527635106181
0.0322660788195311
0.0312196898843057
0.0350359253105968
0.0283924499511506
0.0256928649774209
0.0244050618396938
0.0314971311191183
0.0296771521102503
0.0347656940852052
0.0268192370547723
0.0240903528893593
0.0255742299489503
0.0302015854294934
0.0299226779878904
0.0361964990824074
0.0248548848803542
0.025255430816515
0.0255251541685922
0.0299444807224037
0.0313965489571174
0.0355626898073259
0.0261181639942888
0.0253459023252178
0.0258129055456855
0.0322429282385472
0.0319243909085821
0.0384616883894504
0.0178581033691144
0.0194960584450706
0.0184402041672712
0.0229722975417455
0.0221729799673978
0.024718094917318
0.0208987123028623
0.0187856129392364
0.0181496988942531
0.0232546531713483
0.0226235816030823
0.0264142436398383
0.0193989165851867
0.0190829452965571
0.0207301832022282
0.0236470693970856
0.0234755418887368
0.0269810326894605
0.0200581162601718
0.021241758758275
0.0181757376260371
0.0242018816031628
0.0243661716255044
0.0272370150884859
0.0221690971645245
0.0181191064189742
0.0156329017132159
0.0246697572654158
0.0198558023910684
0.0261967974111549
0.01892375088357
0.0162131561622487
0.017240105178837
0.0207524370173958
0.0210050509566011
0.0250325582880925
0.0164998398701999
0.0175197259414555
0.0189187199300317
0.0207586566731794
0.0226929037760028
0.0250963489517333
0.0179403323707046
0.0191998378002408
0.0185623386003303
0.0229342903690387
0.0236732576892039
0.027446466931552
