0.0258395474591158
0.0282369510688999
0.0125779275834024
0.0285022803566984
0.0305552155753135
0.0309060116038812
0.0292789795254901
0.0125798934962701
0.0111559485311413
0.0315729067210159
0.0144409936888283
0.0326371291905946
0.013646024986569
0.0116437876372525
0.011653766891843
0.0154763070652744
0.014415927386323
0.0182843031416492
0.0126027736378628
0.0116429783412855
0.0105165499984302
0.0151277980789864
0.013568672631332
0.0168845479542646
0.0129002510171806
0.0107559337752409
0.00816809254676011
0.014640272873851
0.012885370671109
0.0162501610286467
0.0118686044707579
0.00825894951853115
0.00802881109776469
0.0137492324093812
0.0108632897375846
0.0167574044041758
0.00918192945413484
0.00824086445499243
0.00812494694247345
0.0117087515625331
0.0107632972785607
0.0144675794007784
0.00922209935460229
0.00863467080721017
0.00865849365273555
0.0119638339285695
0.0111971480575558
0.0148291234434221
0.0141470160715824
0.00985667319902726
0.00745293529995799
0.0162357137521763
0.00898518355739942
0.0180209178274616
0.00931478147334896
0.00698932189717753
0.00802371229300803
0.00887192210661296
0.00842194896271711
0.00989869243425289
0.00807716324101144
0.00845290348564586
0.00938914371438562
0.00960373390064327
0.00852291696159261
0.00954871215904786
0.0093111936773692
0.00975211823704079
0.00764613247126967
0.00901473371817612
0.0122700211003902
0.0117211677121157
0.0113128494468679
0.0076814450927986
0.00479723138125414
0.0136859465821113
0.00820126781409297
0.0136499857588285
0.00841015321028799
0.00465662286270462
0.00429095650960171
0.00876525181818046
0.00579513938283752
0.0095636967410394
0.00523011157338074
0.0041552576682953
0.00410421449606227
0.00649408668793917
0.00473342592947313
0.00674057061877739
0.00465009305238319
0.00487882830039885
0.00479381283206717
0.00510659453212363
0.00771407578680479
0.00645088040427298
