0.0225535685876525
0.0168923015618792
0.0180992219949712
0.0255695431837899
0.021621838497457
0.0302878370479511
0.0170269129487141
0.0179539927178025
0.0202997961836761
0.0215579396192952
0.0235746626559292
0.0270008613919893
0.0179215640781379
0.0199477547260864
0.0182674087713231
0.0232682790480154
0.022078930285828
0.0254727072366171
0.0199103441585133
0.0178673902142796
0.0178606502027723
0.0216743851738291
0.0209796790951041
0.0244582372406707
0.0177404438668099
0.0174736182519975
0.0186979621808512
0.0205690107200905
0.0218912122110324
0.0249214965518429
0.0173765995510817
0.0185019566707924
0.018854695339907
0.021512121113136
0.0229802795229183
0.0258680555918252
0.0183502525733791
0.0184146934507933
0.0193187429185936
0.0225233635411484
0.0233510232621497
0.0275330881370015
0.00978921949365542
0.0100013105936018
0.0103991274808529
0.0117862021251763
0.013039365380508
0.0136656471600109
0.0100781891881211
0.010439745527924
0.0114879259582006
0.0129121885682938
0.0137363390634074
0.0160891952533641
0.0108120884546601
0.0114792675131189
0.00966649915013819
0.0136489528006229
0.0133843634375349
0.0157378055053379
0.0116805633387944
0.0098427029608834
0.00908745449619261
0.0135702501392964
0.0108045095354464
0.0147162042105115
0.00993480395725593
0.00941006510902238
0.0100566928188791
0.0110948139484711
0.012583215998398
0.0139679076490094
0.00933375402488279
0.00990952814216733
0.0109146623235999
0.0121641889083312
0.0131965583519748
0.0158424111290915
0.00968748225790507
0.0106435578903168
0.0111201848834516
0.0126489367827217
0.013598191305635
0.0158482956203824
