0.0129303838633903
0.0166579557533193
0.0152397070056896
0.0162197039011104
0.0195322408440507
0.0188284863669068
0.0174021182129647
0.015126498086458
0.0166962328809787
0.0201092170282407
0.0194353216761745
0.024139565707817
0.0161020409257419
0.0170219855309544
0.0180586922150418
0.0204015426293802
0.0206239398103459
0.0237883871838036
0.0171856233609164
0.0178228953201168
0.016099457260418
0.0206712887303442
0.0201339223530087
0.0228703638559268
0.0186812268873373
0.0166047860372665
0.0159531057979501
0.0208672173691132
0.0189735497192388
0.0231579467101662
0.0170265691804756
0.0157639827990627
0.0168999179510664
0.0192598423905903
0.0194098185220467
0.022919592485898
0.0161348556463967
0.0168942080248021
0.0162976593095446
0.0196245347758628
0.0204459969704492
0.0229221809437767
0.0170785442174087
0.016065535577976
0.0167729888633589
0.0204364983006199
0.0201404293394076
0.0244838695182278
0.00870994675846396
0.0111282859238911
0.010951075329642
0.0122935831562021
0.0125200113729207
0.0137486236470403
0.0114398542338849
0.010974688799953
0.0108825503524803
0.0128808521906386
0.0134354549825066
0.0144122430788434
0.0127929205421778
0.0118245270673645
0.0129733538370419
0.0150838315037132
0.0149088141627175
0.0173450969104172
0.0120894400942207
0.01305070891529
0.011691627344252
0.015408039822821
0.0152836177875016
0.0168414642897471
0.0140458932440955
0.0120368829890659
0.011054192778311
0.0158152685083611
0.0128725532329283
0.0163262371522911
0.0118971991838904
0.0113489863138318
0.011945499767605
0.0131405430277655
0.01384553129888
0.0152168033290242
0.0115654088938433
0.012062793342707
0.0122852926121269
0.0138651210992903
0.0148622300833379
0.0165420978268543
0.0122058820391845
0.011770795237578
0.0127866726746893
0.0147530718206004
0.0152355883302748
0.0177246052292637
