0.0430824767703105
0.0592073187815637
0.0440685882376432
0.0505508875783061
0.0675582965557004
0.0577414908492392
0.0647783489570854
0.0456541422904484
0.0466308964516904
0.073023474393394
0.0532772995839908
0.0778483813930623
0.0478896100674789
0.0479363578152256
0.0474827120085055
0.0551910761777455
0.0564363147360045
0.061867794917983
0.0511176382399229
0.0493906558388435
0.0450714478548327
0.0593150317879256
0.0543593016139124
0.063397567218068
0.0536774142415118
0.0478889914813612
0.0414138523944412
0.0586342956040474
0.0549110728276816
0.0644306539053681
0.0530073678401808
0.0441726533603796
0.041373982962018
0.0600092423082857
0.0535538273494693
0.0700761214899994
0.0466706627286673
0.0423975919780422
0.0402767906881823
0.0557555514674682
0.0514801511045055
0.0640889140849762
0.0452518548384251
0.040983100125526
0.0386272805034718
0.0539191961754323
0.0497341523689034
0.0620281198196084
0.0395365728062841
0.0420650909613838
0.0396948616807863
0.0465529500004743
0.0466341098680158
0.0514414068425179
0.0468857753382673
0.0412087732916757
0.0424309319459411
0.0516263452882899
0.0475224317821675
0.0555974421789777
0.0430600006775478
0.0435845081006134
0.0432125141152516
0.0493450110918544
0.0517140803627858
0.0558426298577158
0.0460413672959656
0.0449542677080306
0.0397780324103723
0.0541000986971223
0.0492441485059222
0.0581377660097886
0.0489996764515049
0.0424725162065229
0.0352998347141056
0.0531746038356173
0.0487487617690702
0.057842536244001
0.0470587231737506
0.0377954987280324
0.0355960462225035
0.0536868736868048
0.045760147490358
0.0618673753741402
0.0398507639607864
0.0365006772693002
0.0353578967985311
0.0477013873081545
0.0441754942331907
0.0551551820792461
0.0389479390618291
0.0361337326304978
0.0334028813277492
0.046674278045724
0.0436774259744017
0.0542254580025919
