0.0294099024794148
0.0408366492089388
0.0312169991425969
0.0353581992361473
0.0468655452037731
0.040756907185162
0.043689741447596
0.0317664818780725
0.03266698636713
0.049828899333644
0.0382179591318947
0.0551450468538075
0.0326111018452073
0.032869645742299
0.0341814050554339
0.0388359488920659
0.0400674622719077
0.0446758011169732
0.0336696819701975
0.0342353323785247
0.0311545302686985
0.040628248575923
0.0377558942040281
0.0437484622575513
0.0355663424921703
0.0316095690323366
0.0292556166310004
0.0389084325710607
0.036466849204334
0.0429220812652759
0.0332788788189664
0.0300315930345531
0.0299452274556121
0.038119924905644
0.0366323735764994
0.0448360733506829
0.0306240813400663
0.0296433663792048
0.0285791658211481
0.0367609502684011
0.036139194431937
0.0430536499088204
0.0306951333917051
0.0288255701818707
0.0279829325227156
0.0370547305079488
0.0355506457708596
0.0434624124546603
0.0251940933953708
0.0279112678676519
0.0266250961872679
0.0302103626133971
0.0325371832253308
0.0343338961496323
0.0300288206262639
0.0274081964891066
0.027759377272458
0.034839822676767
0.0324745196407637
0.0387991616872937
0.0283666477633605
0.0279336786340974
0.029220935479348
0.0330041642911902
0.0344222768275589
0.0381364647107805
0.0287199456743982
0.0296500653780492
0.0259824347990256
0.0348434684250684
0.0320025282666784
0.0371733451464213
0.0308540164509758
0.0265020581013767
0.0234505334788257
0.0331871390829785
0.0303301089618449
0.0363293428308702
0.027761475188761
0.0243087630295416
0.0240662311869368
0.0319638234893961
0.0294338378313016
0.0371647420808879
0.0248167696414689
0.0239377891163267
0.0240743986554981
0.0294851526276446
0.0298075838906627
0.0352547937515225
0.0249292609851193
0.0241820587636058
0.0227561704547842
0.0308175148114262
0.0292255014400577
0.0356976840049484
