0.0242918040791116
0.023159984978029
0.0230246493849767
0.0293078549460103
0.029397685186883
0.0354152750257007
0.024168502331323
0.0235571680739708
0.0228023031885344
0.0298900820159207
0.0289567660022792
0.0354158730515795
0.0248753368895865
0.0235286931917673
0.0233787397148287
0.0297447321638766
0.0297349582175073
0.0358527112484378
0.0248029247841267
0.0240934077138576
0.0236808718039064
0.0302988917410996
0.0298117884064106
0.0359724353117437
0.0255264887297855
0.0245819145956504
0.0239539010174667
0.0307630069763828
0.0302860546402694
0.0364108487128553
0.0265767789736912
0.0252170939559041
0.0244345879298964
0.0317377094179259
0.0313192131422065
0.0377705047189094
0.0256192034076186
0.0244560849817711
0.0245520266069202
0.0310563959511349
0.0310017572296601
0.0373177599497685
0.0252425793683251
0.0244817777881173
0.0241325838684912
0.0308189243095654
0.0303963029570585
0.0366245558836482
0.0184327430282696
0.0170948270109581
0.0168873420697036
0.0222128455361752
0.0222285478917042
0.0274634209062281
0.0178300130862452
0.0173905679351454
0.0171033640486894
0.0232298719792655
0.0212139771962383
0.0272343706974434
0.0180464559684989
0.0178882129744729
0.0174976356647736
0.0220509381756854
0.0229517158734518
0.0269012810877644
0.0190109937142483
0.0178146732119571
0.0171760924627566
0.0237039840770598
0.022280804995329
0.0279144169972913
0.0186831039585563
0.0178080135037862
0.0177301690445591
0.0226744939780169
0.0220592273032942
0.027017442928082
0.019581912159336
0.0190146931090518
0.0184678908399782
0.0238834337857254
0.0231649194539907
0.0278306469292906
0.0195949622112945
0.0185451767798645
0.0171301985975556
0.0232928336374131
0.0225713665003825
0.0266371328739181
0.0190737270233949
0.0172709202748118
0.0173249789371908
0.0228502636984826
0.0221297564459366
0.0271144811638308
