0.0212963057411386
0.0293493955851632
0.0251661282888528
0.0270162468140759
0.0342556920144525
0.0324087456551115
0.03128256337621
0.0248396384451188
0.0271082881694248
0.0354175167188778
0.0311555080547079
0.0408577845477117
0.0259682906424342
0.0272444372014197
0.0293538473202078
0.0319064060840836
0.033756402542701
0.0376835045478592
0.027479628762632
0.0285133112471578
0.0258604834581463
0.0332852616979285
0.0316237165175109
0.0360374593423742
0.0289215258962615
0.0259690726749697
0.0248935875116119
0.0320067913500125
0.030157452537769
0.0354339095734188
0.0264512738918761
0.0245007179254435
0.02561091906699
0.0301321673755399
0.0301949241018714
0.0357683307454638
0.0255238988939353
0.0256449254716894
0.025266215461308
0.0306178195516791
0.031623306456281
0.0362998703776992
0.0274090029944548
0.0253344605595559
0.0254579537177785
0.0328724914926084
0.031225941166895
0.038775221976829
0.0170191645231854
0.0220969189950873
0.0189625187641267
0.0233451535848067
0.0246345653463201
0.0260837292395044
0.0239500356418421
0.0192918129585807
0.016601286268069
0.0261989803148814
0.0209484003081855
0.0266537910256098
0.0204633960715632
0.0189547603052541
0.0214955159892455
0.023046581504075
0.0253889908856961
0.0277857850492811
0.019237316615831
0.020971980511246
0.0186964188548339
0.0248038345626805
0.0248842417744482
0.0272687915369975
0.0200477679959747
0.0192151404534543
0.0167586702037495
0.0236521420257907
0.0200405761105696
0.0231113580405181
0.0189658166439442
0.0171244090745911
0.0162647484245765
0.0203309325768177
0.0198606149284672
0.0218456031486854
0.0179220771984476
0.0165478407684274
0.0177842977808574
0.0200063597203575
0.0218469095174018
0.0252351448231227
0.017760475970444
0.0179815720414543
0.0181087083394021
0.0224686122996095
0.0215709847444892
0.0260830634797147
