0.0158252002216918
0.0235947072549363
0.0157833583281299
0.0195433573967903
0.0265821116969402
0.0223759744154802
0.0250676338959339
0.016026421165982
0.016482393284835
0.0280538782385981
0.0196041798146509
0.0312289469840847
0.0174903882914879
0.0170689228390521
0.0191086397888131
0.0210883060777253
0.021852931588098
0.025498891784579
0.0180122932034609
0.0195941728064168
0.0185500031941687
0.0227170249036094
0.0218002835103644
0.0249043044807959
0.021453864522843
0.0192760300602985
0.0202452706089786
0.0233989610190821
0.0245378892562957
0.0281554383227137
0.0204492025912082
0.0213001642637397
0.0255683573356182
0.0257889968775643
0.0303544973001264
0.0345211348021953
0.0220264858392607
0.0257138272786788
0.0257465547012814
0.0309632336369219
0.0300695884302755
0.0351586778370949
0.0266357588475139
0.0254609027829777
0.0272100533291046
0.0304331610909954
0.0330558254603516
0.0384175931308433
0.0110139614413547
0.011296610334974
0.00981391779150562
0.013473634065447
0.012460220457256
0.015456591186348
0.0112106073954503
0.0106214603066116
0.0114613407255508
0.0123703331889894
0.0122661359886437
0.0139057412130914
0.0113857102348555
0.0118682965739671
0.0130941173501921
0.0130649354428567
0.0146283790172819
0.0161106231566921
0.0119323115294471
0.0134107575243971
0.011925447378525
0.0148266394262451
0.0154525847983124
0.0164787981077836
0.0139934378985841
0.0122143289967062
0.00969804861562148
0.0160032814879227
0.0132670333048985
0.0164521063107673
0.0132053202764267
0.0103257705364855
0.0120973621687811
0.0141485046626378
0.0142604180481352
0.0183984455472676
0.0110504791347115
0.0124901143151772
0.0133458764698349
0.0150875947898052
0.0155940299711019
0.0188623553347508
0.0126205752625642
0.0129990903365235
0.012573505949066
0.0157806662113544
0.0160111583593603
0.0181798008011872
