0.0163339526259985
0.0239090861808479
0.0178521206720208
0.0208353291268423
0.0270694372003468
0.024061782513175
0.0243651343852479
0.017496444189017
0.0188388856957645
0.027325825629978
0.0225317879946049
0.0322510182780273
0.0180042074855637
0.0188171549358664
0.0209782330283265
0.0228531815409628
0.0242547085494875
0.028080827954902
0.0190373903029709
0.0207224852489028
0.0185440811422718
0.0242733076478551
0.0227305568041653
0.0263578068834247
0.0210593079987103
0.0185066723942729
0.0183083881648883
0.0228015681637697
0.0216933385692179
0.0256981121315517
0.018700275486196
0.0180219216681038
0.0194347544648408
0.0215613751583429
0.0226173952663133
0.0260737333504143
0.0182448287773134
0.0193188872893042
0.0192778319512436
0.0224785148065011
0.0237928712022272
0.0268068593501237
0.0194664928970146
0.0190395361288732
0.019833773941765
0.0238191176977218
0.0240564533726559
0.0290370825751703
0.0106143329840419
0.0107019100781728
0.0103619795002272
0.0138739247123927
0.0129456811234498
0.0162079251004269
0.0107485495581586
0.0105175526445843
0.0112855109989096
0.0127757322325394
0.0137415868318664
0.0155454215366518
0.0109200772915639
0.0119441693930635
0.0130490894016886
0.014095549192005
0.0153245867501759
0.017529385308
0.0125362731542799
0.0133133986586614
0.0108747684385036
0.0158531171215684
0.0146562344771975
0.0172364683202361
0.0135973879501886
0.0114652219509732
0.0100850948785894
0.0154257667782624
0.0119720492870572
0.0162228357167035
0.0116561278190301
0.0101904376660858
0.0114907316604614
0.0123602850785407
0.0136650303306544
0.0156357541619272
0.00986786737360934
0.0111720613888595
0.0118458156677246
0.0128986913090448
0.0144830113247887
0.0164650147314074
0.0107708082946695
0.0119219072512638
0.0118323325915941
0.0141010458981579
0.0147004999080198
0.0173467813826683
