0.00915730409156617
0.0157965256998489
0.00923955385249729
0.010670678794889
0.0170885980153626
0.0119389462894483
0.0168025121016648
0.00931602261943551
0.00971924697541615
0.0180442393102743
0.0112970797367403
0.0202681779998883
0.00969326209740202
0.00982094219359029
0.0100403194187952
0.0115800429103695
0.0114965002739145
0.0130589513265171
0.0101267800153744
0.0101147682614255
0.0090566408483571
0.0117485905298566
0.0106823763462829
0.0122349862691892
0.0103594410839379
0.00912545823219797
0.00861738488840588
0.0109117080640314
0.0105591130443193
0.0120627800818572
0.00939439372654151
0.00872525347597981
0.00903737167215038
0.0107918116728693
0.0106724057039074
0.0126869694758277
0.00893395076158807
0.00901322045813816
0.00904447699109177
0.010753473843444
0.0110906407254901
0.0126797964376712
0.00926322719955397
0.00912247804608784
0.0102023696646916
0.0113717251958763
0.0119201750665812
0.014251731056842
0.00682346034432053
0.0064554376888281
0.00628441461885243
0.00766093787962451
0.00698030101651016
0.0082944449701768
0.00654836608234383
0.00644902972556492
0.00671514859834067
0.00703180067271571
0.00774927487104536
0.00760934177128308
0.00639204224122211
0.0067084689621625
0.00721837586754634
0.00747322575131914
0.00840798035702685
0.00874410272654606
0.00700720048595235
0.00706129948219768
0.00624843649321252
0.00866016445707489
0.00744027206272508
0.00879349541008886
0.00667862999044756
0.00610782462369709
0.00514198767538347
0.00696505431718809
0.00664095812989836
0.00709042835611561
0.00595994283391443
0.00530525069781279
0.00589590779662364
0.00650370857776989
0.00683261659546346
0.00770715023326693
0.00509890098344069
0.00589693139119447
0.00628940255428697
0.00661262605747828
0.00747435854026812
0.00836550726789772
0.0057343534541923
0.0061702364599145
0.00699756250869592
0.00691720442910414
0.00833878247667937
0.00903730540494056
