0.0118752723966639
0.0196151186992387
0.0082364736975163
0.0141185040928609
0.0214927063707759
0.0163055454759742
0.01995758708733
0.00769893563672661
0.00803194302601684
0.0214922936420012
0.0101178151535594
0.0233568993711532
0.00849955791070933
0.0079062231863536
0.00924116241834653
0.0106800990636532
0.0104338815226019
0.013157099691708
0.00855134723617521
0.00925667086470083
0.00957239981424994
0.0109665611278565
0.0116089243726762
0.0133392615243645
0.0101470540573975
0.00997009740122374
0.00741855778263897
0.0125793502219487
0.0112768793740092
0.013862005143554
0.0113309533392775
0.00789345855618292
0.00661479108227403
0.0127451007372283
0.0100466671650917
0.0155543062398122
0.00915655716265193
0.00689455728631554
0.00729571848009389
0.0112571828295032
0.00953227350931856
0.0142624843979538
0.0081961135012719
0.00728685904486447
0.0076410157414149
0.0106189849536082
0.00978068054582396
0.013043929845061
0.00921576783878843
0.00685612034035068
0.00478312728304309
0.00943141853636577
0.0056958581910851
0.011814505431907
0.0060013968034133
0.00489858096654215
0.00729781172508333
0.005860318436045
0.00713116076993869
0.00693634458765976
0.00551021569135999
0.00736525168876194
0.00892135735879577
0.00794358465852162
0.00720441375526862
0.00890706992012335
0.00854477352169099
0.00908899482160991
0.00718204375467459
0.00810298030738236
0.0121827408299866
0.0115927005356046
0.010636958605103
0.00751495340122668
0.00451446543456337
0.0136450257313015
0.00708014944719383
0.0126036779833992
0.00956442939430946
0.00450284505330923
0.00261601192425251
0.00877516123129504
0.00410335299649223
0.007520035786043
0.00511013000943186
0.00271861232100542
0.0032460971807246
0.00424541495121241
0.00376130248408811
0.00411204669138632
0.00362075191581179
0.00311651579655868
0.00505979769605761
0.00412895460453979
0.00655586534626763
0.00606200073313118
