0.0270464020357899
0.0384154637710131
0.0285666913653786
0.0326443763230323
0.045345744720391
0.038369149361652
0.0412582428110875
0.0294709285439476
0.0303991932579886
0.048078458890121
0.037008470762213
0.0564798501293361
0.0308677550451714
0.0305402721755063
0.0304521103444771
0.0379961886646136
0.0368441667831203
0.0431345600249287
0.0314586216595895
0.030144382362649
0.0266380779705727
0.0373914935322217
0.0328852787104875
0.0398200763315535
0.0331969066012933
0.0275816886234633
0.0249672693054337
0.0356102700956252
0.0326065474525654
0.0393462528463203
0.0298415596829253
0.0261470796713295
0.0282196746984892
0.0350853642022291
0.0335563154167876
0.0416364380848989
0.0269062366153507
0.0279575234770529
0.0292610606669448
0.0335702174202032
0.0358287776144024
0.041373464053888
0.0281120380872627
0.0281582882532521
0.0274106629182564
0.0352403768013915
0.0343926952758758
0.0411680617400217
0.0161611352028805
0.0151817851725465
0.0163562141237472
0.0196575602620423
0.0202309123624117
0.0244330188151623
0.0162187871985697
0.0175191401953981
0.0179944657704562
0.0218178196953582
0.0236905793438469
0.0286900372654094
0.0175014334843412
0.0187468066079852
0.0150853471103176
0.0235351166711091
0.0191445693396832
0.0244276935744731
0.018824618815164
0.0155862497079849
0.0130196812972033
0.0202479619728053
0.0171139803324201
0.0222015861650069
0.0187286634181286
0.0131098675354363
0.0110457944127011
0.0205383765394269
0.0151528673917296
0.0219042258425313
0.0144275252570118
0.012678251215956
0.0142619734668901
0.0182020538977135
0.0156799645088128
0.021130341419945
0.0120253603871115
0.0139294007497464
0.0155071303690338
0.0152282518223554
0.0182895654978722
0.0198633887521758
0.0130624784593817
0.0148193490392278
0.0160735450708554
0.0157640170551823
0.021273382660627
0.0223199871146285
