0.023734669089343
0.034176820625473
0.0276392507667956
0.0312390214247305
0.0434559606634115
0.0404597074701944
0.0360246545661422
0.0285928226300498
0.0273259992957531
0.0455483869069957
0.0318916707177934
0.0483688156350599
0.0307358971384991
0.0285047138215023
0.0246011824238382
0.0337286728876559
0.0320138075458584
0.0366169429573404
0.0303538966759725
0.0256468631578386
0.0208695175987423
0.0338073538202634
0.0275682695305824
0.0354596397916252
0.0280895587635517
0.02179416460529
0.0157577524696822
0.0296569478280262
0.0243577737085429
0.0313765154207113
0.0240497279303239
0.0168313720926012
0.01404812708107
0.0265822116431767
0.0206038111068136
0.0298468564168764
0.0177610542031507
0.014330623084963
0.0119877359031097
0.0214893974215131
0.0165106005610211
0.0236133105846744
0.0150070698921106
0.0121831720581422
0.010367627337578
0.0171456473698167
0.0146163498780211
0.0195503471140572
0.0108535094846813
0.0119646282420859
0.0125066637862991
0.0146706864368799
0.0156563368069931
0.0198035222104071
0.0125493784774111
0.013653855948299
0.0149378010982567
0.0170824847955575
0.0169817902847752
0.0201402839899798
0.0142624860639503
0.0150351548752529
0.00973451751987045
0.0170655701218111
0.0157037779833948
0.017553526714875
0.0164150293706844
0.00996882703738697
0.0105468811601515
0.0163655434580763
0.0108375257708694
0.0178688486650757
0.0103245264919044
0.0105790684550222
0.00856418912941507
0.011038773754226
0.0118932818588348
0.0104463413496481
0.011285404749655
0.00866311798302388
0.00666341007180851
0.0125608887699013
0.0103656117499154
0.0135368924244767
0.00895950537435956
0.00672279116843355
0.00579715141681285
0.0106080147187942
0.00780671744772222
0.0114821786041439
0.00691098800746091
0.00623049516366389
0.00636917286215668
0.00789104466554686
0.00828542463828496
0.00986283749097487
