0.0247585425960466
0.0368329845874677
0.0259102186970222
0.0334210516001152
0.0389842430851657
0.0354286357667162
0.0388459504238735
0.0266357874610043
0.0278830923973404
0.0407892063719378
0.0338445788313818
0.0485523042021988
0.0282619860814933
0.0286347790240377
0.0323127691403622
0.0353440743065919
0.0427829287689862
0.0492413891288615
0.0302440402784569
0.0339830938639843
0.0295693866846318
0.0449810725191346
0.0345447205399115
0.0438573115708409
0.0365147433253363
0.0310472287317264
0.0262628577523546
0.0367692039143134
0.0329379468688217
0.0379623929930946
0.0334174377790054
0.0274948533466577
0.0227625946712701
0.0350600342591635
0.0299236724561265
0.0367999863672177
0.0286207960291477
0.0228111916648316
0.0161982358486044
0.0310756567642775
0.0254470862981848
0.0335414008641329
0.0242593294882207
0.0169409053034942
0.0131044014534412
0.0269896126009644
0.0204063386345819
0.0301036505548326
0.0118444368902664
0.0143748687002975
0.0110415795103511
0.017295073322026
0.0143411678214636
0.019289560427083
0.0144799436481603
0.0113950089086071
0.0146990048992198
0.0148441781335811
0.0155283955404921
0.0161275174141124
0.0121876767656757
0.0149038464585201
0.0157219009740905
0.0164157416996161
0.0192241246745717
0.0212972091299528
0.0151407970993485
0.0162897617934875
0.0131866489311226
0.0197856099934872
0.0166171276367119
0.0205918622139829
0.0172123861440057
0.013140233682913
0.00779258222348943
0.0167946112448802
0.0146479707314169
0.0175696196493959
0.014410331531864
0.00770068932678836
0.0102666059263201
0.0152907198838048
0.00761844816344195
0.0159953112134638
0.00877073638064916
0.0097373015075166
0.00807564568140042
0.00816975415594289
0.0111718217811985
0.00843409109851493
0.0103248842214572
0.00859860140575936
0.00610997662454592
0.0120837998222294
0.011278593804624
0.0138692494552189
