0.0290121406918835
0.0424707316543872
0.0291752010892043
0.034856005506683
0.0480335370153879
0.0398723853104072
0.0455689953447087
0.0297474904775235
0.0308271076694051
0.0512507471369364
0.0361731811700569
0.0552271654389609
0.030916255438325
0.0312677096637033
0.0309323912080389
0.0372181881948671
0.0378536714529751
0.0430093057721069
0.0326499613490991
0.031587650208399
0.0283978434497415
0.0390069886046217
0.0350664959739841
0.0418491268022582
0.0333945376079655
0.0294625690766779
0.0267294498981975
0.0366822495014158
0.0347982895362288
0.041303670913875
0.0315005158799492
0.0278043559934224
0.0276000745860187
0.0367388302335402
0.0342604219168967
0.0437017194321219
0.0293689763995557
0.0281115250257037
0.027380783141446
0.0355021975791572
0.0347232039698141
0.0418716254701521
0.0297717274956977
0.0276515385831358
0.0266192078728805
0.0359098559338082
0.0344469392255225
0.0426339738354805
0.0263317510923624
0.0267198970213141
0.0260159724931407
0.0311536229454142
0.0307059108463717
0.0354223715109317
0.0287629097669157
0.0264651176395751
0.0275372097688997
0.0328893113016977
0.0319567841276998
0.0370392421708316
0.0275690564827413
0.0278948995912785
0.0272339744571754
0.0329374086951825
0.0337490668336506
0.0381809197949303
0.0290613625179662
0.0279502580521662
0.0248867424768876
0.0349975652357066
0.0310784733176253
0.0375099096475354
0.0295110590641307
0.0258108968130657
0.0223810874797856
0.0326067769550926
0.0301319251198012
0.0362490445983459
0.0274069637709284
0.0233626992955305
0.023190520736096
0.0319425324472701
0.0287426844388905
0.0375078526404033
0.0248348720291388
0.0237875251392878
0.0236198244059162
0.0299910771815792
0.0294106263999572
0.0355694154217543
0.0253287820841907
0.0241347140914746
0.0221634989090995
0.0307235645057517
0.0292523854811864
0.0358946336013502
