0.0246829947954897
0.0344064885332116
0.0277070388477742
0.0304802491256006
0.0398957418403948
0.0359516049940506
0.0371877745855209
0.0278829017236271
0.0293990255479842
0.0421871581079595
0.0340552095076473
0.0470532487034757
0.0288142840002545
0.0294919978941927
0.030966231411374
0.0346987468447929
0.0357207204590943
0.0404853868349664
0.0302779054137406
0.0306577220314717
0.027792968229599
0.036030453050419
0.033808569850844
0.038725313452354
0.0313954769139485
0.0277510075118383
0.0262204016122861
0.0344075716581854
0.0321396061071859
0.0382063365565117
0.0287759045105859
0.0264275259792396
0.0275719331479576
0.0329519221681331
0.0326035414361238
0.0390943856597549
0.0272579584381267
0.0274039768338767
0.0269276074511877
0.0329420001186175
0.0338235262352096
0.0389256841510541
0.0288557457103524
0.0269346934243805
0.0268156839126887
0.0349078056932804
0.0330991056427834
0.041022148342914
0.0203625107425213
0.0246214928772646
0.0220065919360114
0.0255910559386778
0.0275876605732505
0.0288011141658816
0.0268901718546081
0.0223621046431376
0.0212881016248916
0.0295710937551114
0.0251121338494382
0.0303020617093129
0.0232575762418339
0.0221912706736294
0.0237836739183181
0.0261699773754611
0.0280855822973205
0.0311731906298999
0.0224934098861615
0.0235717254817629
0.0208267367848888
0.027683705524581
0.0265313900085271
0.0297858102788595
0.0234042636741456
0.0210269195126549
0.0184927026526003
0.0261136773287915
0.0225986173977172
0.0271855103348405
0.0214623451627773
0.0192603655452375
0.0190851494879524
0.0235070931038633
0.0226871001966931
0.0263231895877017
0.019801343899456
0.0192045724577514
0.0199627242447981
0.0228850715594887
0.02467746385672
0.0282889947062015
0.0201932618370808
0.0199897560223152
0.0196222443687086
0.02528830906797
0.0239005079673529
0.0292223642394774
