0.0241714689951448
0.0310552511979838
0.0240328884749856
0.0295521974534595
0.0362124773803639
0.0343013736157993
0.0332517960365461
0.0248620528770688
0.0259719682346677
0.0385729918932312
0.0313502928753926
0.0448575993110911
0.0255748581989656
0.0263750085240789
0.0282601491675828
0.0321384247745875
0.0330867228029311
0.0384043482562854
0.0274199228909965
0.0285664692359912
0.0262251064512394
0.0339440693057053
0.0317143047089653
0.0365058263216233
0.0301141892717275
0.0267037774877851
0.0267016423428264
0.0330282454596919
0.0319183130187709
0.0376234504849806
0.0282628594468221
0.0275665265378815
0.0292457053644174
0.0333545112007004
0.0335396468417211
0.0391737965135347
0.0284142512927916
0.0286053969828172
0.0282843772896896
0.0335485826000754
0.0351931477118384
0.0398694914436285
0.0293942270715474
0.0279348302565268
0.0282920518874142
0.035815801341287
0.034693371209516
0.0425021804450677
0.0198526538618343
0.0239678086428636
0.0179468145150399
0.0251176441764482
0.0262057840934659
0.028506280065492
0.0254934481957786
0.0185172145129662
0.0187276967148191
0.028623026809769
0.0223864571130441
0.0319729977009853
0.0192634336872587
0.019543329379958
0.0221209831100255
0.023294240227897
0.0253455454738332
0.0286989236379925
0.0204891538750107
0.0224581638772957
0.0200954503168355
0.0260330305859189
0.0243478243015273
0.0280566048925836
0.0235881156380237
0.0207522801970269
0.0206348398138898
0.0251205290879197
0.0239573272476967
0.0277626985324458
0.0219134696252905
0.0215588955470034
0.0222084742578487
0.0255636265236716
0.0254644379394447
0.0295113152095718
0.021727222058138
0.0217004220801611
0.0218993085452535
0.0251591437729077
0.027756072455618
0.0306470212456493
0.0221427767136794
0.0219446664468546
0.0215133744200247
0.0282186458524756
0.0265870659405868
0.0323601029160476
