0.0387434965361221
0.052731582780841
0.0430671320518212
0.0479909882961784
0.0609509227178325
0.0557686468888042
0.0555273038315799
0.0436299195462985
0.0449581632345721
0.0642234529244818
0.0539448791371366
0.0733990486514575
0.04468159013075
0.0450822991172435
0.0472399300066567
0.0544980037533417
0.0559259241104139
0.0645063977160189
0.0459937009891117
0.0474478252870474
0.0424118094205016
0.0566826576789165
0.0526380538824569
0.0607980663050214
0.0497731442114815
0.043788580612785
0.0408485993620522
0.0551430128692166
0.0512079172922954
0.0615675192194242
0.0462895674765988
0.0425077502682682
0.045262667197282
0.0539047546272919
0.0536434420903862
0.0655532395961232
0.0443241586863759
0.0451671372779161
0.0434389895103733
0.0544996574978447
0.0553209968226456
0.0641780433041775
0.0475467472886556
0.0441008852442432
0.0428655245243564
0.057498443170584
0.053783855278757
0.0670141404658841
0.0320381556335248
0.0362606321036016
0.0335971796751268
0.0399703866407631
0.0413729635449948
0.0459277373736916
0.0382138658741854
0.0343214973267118
0.0339081042445203
0.0444882564372852
0.0411194268151093
0.0491468536757423
0.035836764981655
0.0340995464424442
0.0353420258599122
0.0421059119616195
0.0434114850898916
0.050612755046798
0.0348073510599106
0.0354058382069329
0.0329656436474872
0.0439124597163139
0.0401647878587641
0.0477012378619995
0.0368587532505787
0.03385799163238
0.0303707257355579
0.0415172991592681
0.0391240074901642
0.0462635573473146
0.0356396575535515
0.0317417556722769
0.0338755714641895
0.0412649123488111
0.0396724251491556
0.0490926838148225
0.0332370448796163
0.0339118589932694
0.0341264820013927
0.0403548694433837
0.0431269840380581
0.0490923283370865
0.035904838162512
0.0346638629879292
0.0330320688746367
0.0454720241421747
0.0422048511829559
0.0524655231204001
