0.0330582974803887
0.0242722082386014
0.0250064101505475
0.0374481954906109
0.0299596760320994
0.0423926776101929
0.0247808743793598
0.025370687658804
0.0260385407845619
0.030327870766365
0.0310645641036188
0.0355141537044736
0.025670635099828
0.0262535511084693
0.0236487017872063
0.0312213467742493
0.0291523505706441
0.0335643861057024
0.0268015311586544
0.0239363978491348
0.0227411309687812
0.0294894963664325
0.0280466932087955
0.0332000576760404
0.0244907282062845
0.0230740860188164
0.0246942879792018
0.0284707998044816
0.0289508818680875
0.0344870612479553
0.0230584568167399
0.0241032901078419
0.023721695523493
0.028465273899661
0.0297072931256234
0.0339530220721763
0.0241326884569262
0.0232898954019221
0.0237040197909975
0.029397617047921
0.0291696553933563
0.03529162946807
0.0215252502134986
0.0185423373647326
0.0185800877903212
0.024199152047381
0.0223109564116329
0.0266713580724352
0.0188616839835713
0.0188253429039816
0.0195148718952097
0.0227948539148129
0.0236445808548343
0.0272219408331239
0.0189879061844588
0.0195798341085456
0.0175381855134838
0.0235604963422669
0.0220824796864058
0.0257996213855878
0.019796867018659
0.0179420808597274
0.0169333574055321
0.0222983891597749
0.0211322621435366
0.0252845719105705
0.0182332875500945
0.0172278247864282
0.0177182813268836
0.0214524815104669
0.0207457527748649
0.0248040776487035
0.0173053262891502
0.0173981089500636
0.01748068786809
0.0206403012824904
0.021899032096992
0.024856964778351
0.017317680922955
0.017189205123667
0.0173771004536356
0.0218121004559821
0.0217860215385765
0.0262842561645217
