0.0130327414645901
0.0133165060459858
0.00777713061342548
0.00856508401971406
0.00853571963750722
0.00985703631034228
0.0125996677346553
0.0104194557306544
0.0100726810148627
0.0107595921332139
0.0102263538121946
0.0170478899142539
0.0119639137936364
0.0119256170431151
0.0138026595397278
0.0163205751115388
0.0155943678665999
0.0145743153888256
0.0148077228010815
0.0129222575724042
0.0206026883274248
0.0150489926959722
0.01617590600056
0.0194255505867686
0.0184397477582166
0.0184121280514582
0.0190570637044174
0.0162272772462684
0.023296250644209
0.0187281294656787
0.0218230176459381
0.0214733319237073
0.0210435617680788
0.0230715445103818
0.0187617068375815
0.0273485658911152
0.0245028334371398
0.0236470260620287
0.0237841787131583
0.0256707752639278
0.0226310152920709
0.0330233194727434
0.0263915307909916
0.025804473232689
0.0282817714612794
0.0282598625140936
0.0345500104412233
0.0283708965174556
0.0301962109952397
0.0300273413933842
0.036121824025136
0.0327730962426104
0.031943887958823
0.0399940757492365
0.0362297337071407
0.013817918106077
0.00794399171615461
0.00857770310549531
0.00865117649592266
0.0098273362495084
0.0123729620471511
0.0103369558534527
0.0098500366402862
0.010470465277005
0.011252711652844
0.0179275311987862
0.0120878248714858
0.0120510771784943
0.0138872671947356
0.0161550045112075
0.0154355926610057
0.0143497760490239
0.0145167364075373
0.0156177345832271
0.0214589953424332
0.015226183309813
0.0163468538045493
0.0194070471196279
0.0182513716220575
0.0181468528443419
0.0186499118353908
0.0193849073468584
0.0243308152413487
0.0190966698479731
0.0219003155925924
0.0214045416498414
0.0207783189344423
0.0224999757869573
0.0235230459363867
0.0285871457831837
0.0245741487976429
0.0236913887384804
0.0236922975454931
0.0249443514138041
0.0274555196684038
0.0341271135707112
0.0265187245008402
0.0258774809689899
0.0276521968252342
0.0295917814965784
0.0356184391559066
0.0284623560377218
0.0297890210491922
0.0324634279099104
0.037129192763378
0.0323968304624797
0.0346772841514375
0.0406211334150161
0.0374049106972856
0.0453408280853557
0.00816097542575059
0.00861469293585725
0.00872913269238494
0.0098845659624019
0.0123059369127688
0.0103785930141146
0.00978136386678898
0.0103214775229218
0.0108956983695898
0.0118653998143078
0.0124802791250281
0.012215870878905
0.0139373478295966
0.0162144195170362
0.0153069637725607
0.0142512901177045
0.0143989665358794
0.0151070419254378
0.0166409480908389
0.0156679211826399
0.0164522137230506
0.0196039263426151
0.018376918706419
0.0179038169592408
0.0183821638745002
0.0188755863064818
0.0204755110770617
0.0195272243024386
0.0221160002114904
0.0215585135052728
0.0208229886137027
0.0221918925604567
0.0228215823664456
0.0242338000044195
0.0250866447195048
0.0239752116348052
0.0237825024379781
0.024928715923618
0.026589952974805
0.0281972457869732
0.0270515282143387
0.0261352051407831
0.0276083935299069
0.0291118163223041
0.0322144337855885
0.0288912811216901
0.0299044377038435
0.0319302366353635
0.0344459749207729
0.0327599206797152
0.0343032010110402
0.0371426380111048
0.0372431992716875
0.039750458494905
0.0428550413026687
0.00286325858129182
0.0026517794983466
0.0035281960454662
0.00386231831186668
0.0038500843417588
0.0033970000634438
0.00438122164580315
0.00424173596103026
0.0036824602343707
0.00392269922673927
0.00467961212664485
0.00487732208614644
0.00602666616905094
0.00588135985778953
0.00705480303503504
0.00696590080885907
0.00607927779247654
0.00536242921733917
0.00592015277967542
0.00672146975366
0.00678948298039899
0.00797920860887624
0.00854618979886384
0.0101135816573947
0.00864053369876304
0.00628418819349605
0.0073325755355504
0.00862342000478099
0.00869181283676002
0.0102269389439195
0.0121850643449416
0.0122311995868264
0.00886392699739127
0.00918056240317843
0.0113471831445646
0.0111050140406839
0.0136105435769876
0.013986180757106
0.0118625749999643
0.0111014999775704
0.0138251420264109
0.0146402984746894
0.0157478063880804
0.0138426874729625
0.0145387965509451
0.0172580188936126
0.0170381734223108
0.0152321698656051
0.0168373529459484
0.0198155302400425
0.0166233940519438
0.0190894776673462
0.0194139752873873
0.0206679767137781
0.0229228181236399
0.00276986225948946
0.00383095463466273
0.00386190425356227
0.00377362035143722
0.00355418087625629
0.00431888002963415
0.00407024994068493
0.00370670279807699
0.00387866859859242
0.00456715544160728
0.00492068338430211
0.00616873639528704
0.00580319733561979
0.00721617411247577
0.00693288079252936
0.00595473032339741
0.00519589461759839
0.00600475296684677
0.00715669472492225
0.00661756044851947
0.00813787184805418
0.00884580323452859
0.0100272578041438
0.00863773588390804
0.00637845894979868
0.0074113754190102
0.0091508299202371
0.00838864530614685
0.0106031658109375
0.0122081649690162
0.0123183088834286
0.00887286908407939
0.00934655493615139
0.0107989488806256
0.0108873998584473
0.0137249481337158
0.0141743138654603
0.0121273839581279
0.0109092008063071
0.0130514192999217
0.0143537308465538
0.0160766603862995
0.0141788938891239
0.0145274140298093
0.0150014162049641
0.0167550513833758
0.0157045936834163
0.0169396425519605
0.0184940646311827
0.0164851005896594
0.0191694700513217
0.0212481537107261
0.0199526328389157
0.0235285043267385
0.024421939222947
0.00386760594887568
0.00392453964577846
0.00402789399062145
0.00357467172426374
0.00410147506178086
0.00417994619308908
0.00369899384991815
0.00383508363609408
0.00465037455485891
0.00496814723041356
0.00604453873473711
0.00608859982163064
0.00759528611732052
0.00699211066662293
0.00595909193210606
0.00512417056490006
0.00610583566536227
0.0070989895017879
0.00687702543608324
0.00816575093163144
0.00916717005703325
0.0105766213325099
0.00900762053402258
0.00617356083780775
0.00762614342209879
0.00893392457767896
0.00888882825741883
0.0105115090452059
0.012534258915038
0.0130279547875738
0.00930347925175013
0.00924961190526944
0.0108679400213775
0.0102615272872285
0.0135100685390309
0.0148266136994972
0.012937798365284
0.0113508243898099
0.0128025368589251
0.0118544436999268
0.015945733468957
0.014718141739458
0.0153549944708998
0.0151649436587821
0.0137473695794913
0.0157642216231517
0.0175045854207478
0.0191252267407242
0.0154099725322366
0.0190113925115022
0.0212534666766889
0.0185415041918775
0.0228051646382709
0.0212732663472057
0.0227633836107846
