0.0152433667826003
0.0213013877672986
0.0179729021884208
0.0195964266590817
0.0253431642940741
0.0233994872852033
0.0215505410840345
0.0173792414801558
0.019302799960165
0.0251167136570491
0.0228294756599157
0.0304039123873845
0.0181506076936924
0.0193464149715339
0.0207838605033232
0.0234857100070178
0.0243481674024871
0.0284713264822752
0.0196729608319281
0.0206229368012936
0.0187878042501119
0.0243659902197809
0.0234012972908845
0.0271506159415147
0.0208462983138149
0.018566013436658
0.0178097751062158
0.0233758683812371
0.0214089231296393
0.0262333156325276
0.0185446143019421
0.0173782141479725
0.0183802986500917
0.0211212274975257
0.0215971567153711
0.0253184311011674
0.0179612191490899
0.0183333982437509
0.0181323362775853
0.022018230558805
0.0227357931941825
0.0262459941015218
0.0186970142861862
0.0180163300369679
0.0182404062516434
0.0229390816031366
0.0224427912348494
0.0274764877240282
0.00988064128175627
0.0112865228989879
0.0102543639755623
0.013449158001814
0.0132115563274208
0.0154470772995925
0.0106595075758989
0.0103787502146936
0.0108821550713768
0.0127839949513443
0.0135932916703296
0.0153204270970895
0.011590449336545
0.011965049793653
0.0130748839053623
0.0148665474387967
0.0152328437124937
0.0175303894281056
0.0123646163020136
0.0134125382943761
0.0110033680796976
0.0156435454562675
0.0155164710365263
0.0175554104578624
0.0137941507905345
0.0116607419808506
0.00993613169221038
0.0160408833105218
0.0118896982463338
0.0163802662672149
0.0115628658461651
0.0105399756718939
0.0114390055920997
0.0123381795469312
0.0134516687748654
0.0153170322451184
0.0106801985163741
0.0115506007158947
0.0117694131470088
0.0134289524999468
0.0147639419222123
0.0165055822879939
0.011553456723823
0.0118005871974849
0.011479646241626
0.0145780745428514
0.0137629960701911
0.0162372974370748
