0.0250550163781516
0.0187936064003222
0.0198940400310329
0.0286781774273784
0.0236945266658431
0.0333679293861105
0.0189069447105097
0.0197253467936365
0.0215475739701153
0.0236733097639213
0.0251022131821161
0.0287565141098712
0.0198685264992002
0.0213916384125092
0.0194039670331605
0.0250234103833831
0.0237804881370041
0.0272570033021536
0.0214903735256998
0.019281077115419
0.0186250962986387
0.0236718403028565
0.0224121874185605
0.0266288324411078
0.0193939312383093
0.0185255159472277
0.020083049880989
0.0223193660599168
0.0234150759970465
0.0272207648338223
0.018340598238545
0.0196143780387394
0.0197455681281643
0.0228644884500827
0.0244310791761135
0.0276123695031885
0.0195380907573806
0.0193731946709312
0.0200906314759713
0.0241168614805641
0.0242407234305107
0.0290561710778882
0.0138968087769842
0.0130841675074266
0.0126799565166074
0.016410477033957
0.0161772094660327
0.0186129616027095
0.0132930484253543
0.0125689470702558
0.0137917361753664
0.0162123630349568
0.0164392578895134
0.0199618838814098
0.0126235664122689
0.0138300705273864
0.0125962188431336
0.016406265086916
0.0162261896700754
0.0186816873995653
0.0139989951671024
0.0128069635986233
0.0113945428228277
0.0163004235415194
0.0145355487750021
0.0178105193623354
0.01273186297421
0.0116359346609494
0.0128538556051126
0.014639881676614
0.0149029106692388
0.0178926263977423
0.0116768422783877
0.0126099535512143
0.0132252193915739
0.0145958711967026
0.01640425497495
0.0185670753753989
0.0128183396755286
0.0130245343502571
0.0133596579986641
0.0161767974825097
0.0161943997512183
0.0195832789733569
