0.0260254432201829
0.033101931056421
0.0249895803281956
0.0319411190118995
0.037975173592604
0.0356978508731828
0.0352212223766086
0.0259600899335483
0.0298146674791646
0.0403231280542131
0.0394885374773718
0.053630416885661
0.0278793729836402
0.0312269938039635
0.0291081195235047
0.0416868878694148
0.0346389596088768
0.0438170193865567
0.0329786820160352
0.0302341636902418
0.0256575365127368
0.0360748040053504
0.0326993805496713
0.0373485347450362
0.03289258720537
0.0269286459232617
0.0223092563128976
0.0350725984601829
0.0288175210850635
0.0360435738476466
0.0295331534611231
0.0230739060567183
0.0174267910833824
0.031234967083044
0.0260729190944804
0.0339869131566267
0.0243574330440038
0.0180926660105611
0.0143342368286246
0.0273062684117711
0.0218512998953983
0.0305300004566044
0.0190545795351996
0.0147831493656359
0.0118276847945967
0.0227096659645926
0.0172277729337796
0.0251400457492552
0.0122976209008135
0.0107889641680798
0.0125838301906409
0.0160527465327761
0.0126514861126581
0.0186448648883433
0.0115934667959639
0.0132588494896873
0.0166563744618413
0.0137476569540672
0.0206574615421978
0.0213671448708087
0.01393379838481
0.0169357705383912
0.0149322718651935
0.0217334017030896
0.0170567850357901
0.0212211482914062
0.0183761397055342
0.0158413073324093
0.0094486047615213
0.0178679273084299
0.0171427218809966
0.0189987510451842
0.0173015021869877
0.00938844703738403
0.0118198239247947
0.018127048657584
0.00936793583899298
0.0178914206451092
0.0107033301427881
0.0119310814619138
0.0082171598116257
0.0105483664557995
0.0132774471040038
0.0103741780060506
0.0121118856817953
0.00829175473166224
0.00589768162337308
0.0135958189303666
0.00985553769798157
0.0144345940818794
0.00834366446227216
0.00603992454032955
0.00586761603305594
0.00937298685316752
0.00969954273813246
0.0121506437626438
