0.0242890786773158
0.0350243589044143
0.0270301196079622
0.02999603807979
0.0399618619308978
0.0344765683059429
0.0366395411825739
0.0265782061293718
0.026529635647388
0.0411242385657989
0.0316768805041065
0.0457013087456928
0.0270527739259031
0.0260362763215951
0.0294642449602321
0.0315295009538068
0.0333360244106458
0.0380661717421839
0.0263534611185418
0.0288660839408729
0.0266710555109764
0.0333089722541757
0.0317484599791048
0.0356709624887818
0.0290620653246968
0.0261155912790666
0.0250981695168255
0.0320259582561567
0.0303543580577096
0.0358098720438244
0.026912815840223
0.0249951170906485
0.026492185452871
0.0307352288276464
0.0311086575000037
0.0367203323186769
0.0254360437244637
0.0262832582221365
0.0257717801464694
0.0311206142373516
0.0317792663481331
0.0364015985561077
0.0271686086737879
0.0256547775685275
0.0263706589291144
0.0322335726167969
0.0318342917383688
0.0384675908865087
0.0191004385290724
0.022240558342858
0.0196873376983553
0.024564624923397
0.0244383885654442
0.0262987361322546
0.0238039082186722
0.0198278609639001
0.0197209992161489
0.025541197988317
0.0228288512242339
0.0271218889083901
0.0205721409592708
0.0195037710651768
0.0219391496888514
0.0231993985475125
0.0247584841412053
0.0281106721936849
0.0204633280506225
0.0214426594276822
0.0188704590354129
0.0253656657847398
0.0232633066044827
0.026712748492335
0.0218045018828341
0.0187359234909345
0.0162982950394898
0.0236947375548497
0.0204734493146982
0.0244437660961233
0.0200615003587068
0.0173490514911246
0.0185075582372773
0.022474628129882
0.0215150765268622
0.026970972830264
0.017764852034632
0.0180054403480779
0.0183524054813743
0.021479912634873
0.0224914397000924
0.0258184404662748
0.0187033906193385
0.0182554006642843
0.0185527422715594
0.0223321171864767
0.0221617157673854
0.0265814912358181
