0.0151774372083265
0.0224424966172492
0.0152712972701705
0.0182544872811882
0.0252507473798889
0.0209747183485202
0.023406024639245
0.0156039140703828
0.0167062445672457
0.0261079181805181
0.0198344227523885
0.029585786560986
0.01648342713906
0.0175235118676999
0.0219435015150682
0.0209465322165529
0.0250218923559909
0.0280300713874704
0.0187718338449669
0.0224877401789289
0.0267421876402541
0.0261111450956413
0.0298310419379529
0.0331919809934332
0.024008089701805
0.0279566854948237
0.0278720407676477
0.0316393502996263
0.0325539072065956
0.035618615410076
0.0299494427931254
0.0296226532817839
0.0303996679706981
0.0346066272258115
0.0361172171080771
0.0408888663103865
0.0302425565260892
0.0301914653051641
0.0257625185265536
0.0365959822798577
0.0346283933885746
0.039845637235134
0.0313827664923186
0.0260655613329096
0.0284046699693
0.0355299827197538
0.0340592975001291
0.042564451410489
0.0103351944738475
0.00945915675105678
0.0098544355997724
0.0130067411834133
0.0104180973472818
0.0145718786187076
0.00975779305347637
0.00995784664054841
0.0107479657782156
0.0104171501099391
0.0129960266154747
0.0131383001804602
0.0106104186272806
0.0114063347239633
0.0128039897676373
0.0133646566731811
0.0147316995817745
0.0167431028580765
0.0118838959613366
0.0131765398552975
0.012469315349984
0.015171013022061
0.0164436461057953
0.0179020630326186
0.0141551217176717
0.0131374112557272
0.0125687729670482
0.017726156299755
0.0155742292872899
0.0195313497973501
0.014127054980669
0.013155140882439
0.0141941239405242
0.016608075366745
0.0165659860708798
0.020103524789704
0.0135368591198925
0.0137029559354084
0.0116638825526245
0.0170309552297521
0.0162186486233499
0.0189874437552466
0.0144770127474007
0.012100646601997
0.0111928427888578
0.0171358744944758
0.0131950198094307
0.0149906296791739
