0.0252148150300056
0.0385651028971212
0.0257751636226838
0.031134349215399
0.0439006460711078
0.0358652720779593
0.0410546159005878
0.0262459879677904
0.0269294405727806
0.0463853937979048
0.0323757636560055
0.0508772433916068
0.0277407937084908
0.0275909061595914
0.0274502303715187
0.0336625611474515
0.0337817355696878
0.0391267406159698
0.0287521821938081
0.0280563394258398
0.0254770055360748
0.0347371875077787
0.0311932639304843
0.0375181732200201
0.0299470041013938
0.0264202822842292
0.0245167731722946
0.0328871400474059
0.0312463937595472
0.0370903771245082
0.0281873031180434
0.0253797694939023
0.0261025891858339
0.0329881028191015
0.0318121988739214
0.0397896073325852
0.0265246059139018
0.0262037254439241
0.0258619166063702
0.032452940339458
0.0325467502920059
0.0387656552018087
0.0276610677199044
0.0260104532490133
0.0252861182501638
0.0337483475179991
0.0321375107936269
0.0396976972140565
0.021040214025402
0.0212171919817949
0.020136100326779
0.0253945613504648
0.0250582983935151
0.029592837751459
0.022976553542298
0.0207379344780991
0.0218226523759789
0.0271459383717928
0.0258949404475222
0.0313860848427327
0.022021468827298
0.0224835923050712
0.0213027752422542
0.0271163197697245
0.0275243735598295
0.0317000298060481
0.0237387567835879
0.0221933339363809
0.0199478809608071
0.0285413005636943
0.0250736844466093
0.0310949016516362
0.0238485675844756
0.0208847000598528
0.0181734571607159
0.0266825730931112
0.0247636071661814
0.0297398939271778
0.0226108121625498
0.0190706968656124
0.0196774986986106
0.0266031959581321
0.0238790427479749
0.0316360738495174
0.0201993950610732
0.01984708223777
0.0201702543271138
0.0245016003161926
0.0254151539696814
0.0301313579246399
0.0210849564108533
0.020567466565927
0.0191325321249225
0.0265983123696333
0.0251362658218881
0.0309572348721482
