0.010277196729966
0.0136322230659291
0.0128017686770275
0.0134120311700923
0.0156601094366019
0.0151151735967184
0.013764111018941
0.0127514820842914
0.0137685869528625
0.0158938054047416
0.0154942335961541
0.0182950687823935
0.0131190506972703
0.0137846634991287
0.0177283350321675
0.015760664176396
0.0190271742322383
0.0210986686197064
0.0141086866444476
0.0176690044330874
0.0162734566097507
0.0192180222679075
0.0193267830756267
0.0210886672574729
0.0181297345327115
0.0162600231464899
0.0166380481327907
0.0194105609296659
0.0189027375533772
0.0218965483134136
0.0162577901560687
0.0162412544715261
0.0178179041048465
0.0185057506858777
0.0203932599228952
0.0226795326844508
0.0161755601127039
0.0174957185965159
0.0176636584862993
0.0199787880814738
0.0214211454904268
0.0238349712568878
0.0174729056186727
0.0174152216328609
0.0189882260356778
0.0213111783747273
0.0226456036970524
0.0265863025695555
0.00649669029677244
0.00845302648003238
0.00730656280280523
0.00973796877998731
0.00910031223707185
0.00964417466802238
0.00927636786534753
0.00772917052323099
0.00792324485508208
0.00975483734096765
0.00989646487785287
0.0109997128267206
0.00807030397068954
0.00821213557681975
0.0115654686525428
0.0101414374435509
0.0121090447030295
0.0137756547181803
0.00883583346455062
0.0120624695484971
0.0101069403913097
0.0126095359929307
0.0137088223543667
0.0141997577097196
0.012627880214842
0.0106103290222958
0.00941849325613951
0.0140768570479979
0.0109666792184697
0.0144433829064817
0.0108077820131338
0.00974424870675595
0.0106157480831455
0.0115940803897966
0.0129336411024606
0.014518770593567
0.00971125509097405
0.0104117956005171
0.0114903868301057
0.0126924148224997
0.0135199042368629
0.0165257595464398
0.0101287000724457
0.0111937489766053
0.012635789264891
0.0129178372471522
0.0146505448076994
0.0164957619918698
