0.013439197519773
0.020402831969817
0.0133589808779677
0.0155439117536439
0.0221611264320745
0.0176538484062407
0.021906508800261
0.013514035650059
0.0137495639435182
0.023767385944527
0.0157446388013292
0.0254149088612372
0.0141168599870494
0.0138892765254365
0.0135219969385174
0.0163616862796298
0.0160655064148928
0.0180973685928806
0.0144816447365794
0.0137412198263205
0.012212017173204
0.0165364737360316
0.0144445919568343
0.017189612278464
0.0142191034400916
0.0123103236054433
0.0116619496409818
0.0149070202521235
0.0142532379012291
0.0163762724984913
0.012834611361723
0.0118134029391319
0.0119783602202427
0.0146914177677133
0.0142783379836041
0.0171115498579763
0.0123147158163101
0.0120866075951691
0.0118992950354094
0.014668216811022
0.0148044694925629
0.0173331846410406
0.0125558262028231
0.0120260741888953
0.0129711383065995
0.0152096745094645
0.0154202790566597
0.0185957311765014
0.0110537381885925
0.010761867064922
0.0103978548194677
0.0126728764852911
0.0109713665587061
0.0134368664621125
0.0117006298399777
0.0104532716779387
0.0112374170758582
0.0119953037793581
0.012115468427095
0.0134379372475346
0.0109590672579599
0.0112604822258488
0.0109237707867635
0.0125511841459591
0.0128331446275285
0.0138492389475532
0.0116163670995235
0.0109849557343821
0.00984425835317226
0.0131217736478381
0.0117846038544274
0.0137312554647231
0.0112456055859306
0.00995655321245617
0.00888884486490462
0.0117802994562488
0.0110892206955341
0.0123127376642466
0.00992549265053647
0.00908552211964659
0.00888248739054953
0.0111540632135332
0.0103938270431424
0.0122653235208528
0.00913806825279835
0.00905233968110938
0.00910965974574803
0.0103691635674764
0.0114067634598924
0.0127099231576044
0.00906093836551309
0.00913195110329777
0.0100442940313873
0.0112761890680256
0.0115767845404251
0.0134633749084102
