0.0235026939548312
0.033948898482252
0.0205478190649085
0.0296475860182925
0.036157010654988
0.032209803449869
0.0357618767612823
0.0214176635175245
0.0177884146505998
0.0379422168257074
0.023821163116561
0.0387923341021049
0.0233956687516413
0.0181507305653814
0.014125631376916
0.0255637027913518
0.0218279730530307
0.0289232724108871
0.0195300012849949
0.0144028228002544
0.0135181333464565
0.022915248548999
0.0167654615079259
0.0249471698397874
0.015753602808295
0.0142743315635825
0.0104802813993757
0.0180903129859869
0.0162554305712715
0.0198467058204402
0.0155593611316463
0.0106446936701416
0.00872961071087949
0.0172834285592003
0.0135685681634524
0.0206635084806604
0.011563067401056
0.00889726410182306
0.00833524164041717
0.0144586356646407
0.0111415708532245
0.0168098247111031
0.010002511834647
0.00883151430831931
0.008935648722844
0.0123085559325184
0.0118737533331148
0.0154404863748256
0.0151966513977461
0.0144309683510122
0.0110108287654132
0.0164987864908678
0.0138070976045381
0.0180684772075668
0.013708127420229
0.0113139150566706
0.0116594551253053
0.0142702143330675
0.0130553319791708
0.0141903225085983
0.0123106587175365
0.0116020429898979
0.00989105140669086
0.0137949356369121
0.0122667475106113
0.0146771213522461
0.0124043572066778
0.0101659149073815
0.0079302110406471
0.0123793639695001
0.012116310792808
0.0143547057612224
0.0112618936985706
0.0079565760314913
0.00634852344196783
0.0131094152718609
0.00916844596644893
0.0137815853264012
0.00885718024150081
0.00625204756232553
0.00469445662962964
0.00921967223696457
0.00766504984355931
0.010802158182378
0.00678327274840906
0.00508523309867132
0.00448901679376453
0.00870331202513745
0.00603195751402321
0.00919817717968426
0.00597680423327022
0.00485699002228703
0.00596390177674135
0.00681527977512711
0.00932021898258467
0.0103782995528787
