0.00637741025659754
0.014002768257569
0.00673436393573058
0.00744050956948775
0.0150640010734908
0.00836052988064096
0.0144034637226949
0.00674467775003073
0.00737866474698179
0.0154655353417869
0.00820561407385332
0.017378797072911
0.00694820389668919
0.00733959971940575
0.00768879541033177
0.00834039447585744
0.00871015779226016
0.00951186971036629
0.00755139524294013
0.00780127796439888
0.00721034187930387
0.00893250834016668
0.00825616098112905
0.00927549967349295
0.00801868155115015
0.00731433399208141
0.00679032352904594
0.00848981756815679
0.0081218571377049
0.00920978808780311
0.00750954971298284
0.00692825388196192
0.00711511074031491
0.00834964417480562
0.00846555305495239
0.00985553650358373
0.00711235203771291
0.00710839112294222
0.00747588119385203
0.00859590140959137
0.00888862438337564
0.0103789075666326
0.00730386685717574
0.00757006599805648
0.0086938710375275
0.0090610994667509
0.0102331110105174
0.01181852680528
0.00272752444163303
0.00290802532538864
0.00285548021459438
0.00327655435806293
0.00289574244762244
0.00396044168986421
0.00213539186157156
0.00305924540340884
0.00338053319450154
0.00236987394216368
0.00329911308600126
0.00180034180243948
0.00269952146353002
0.00344190492417828
0.00337924260595764
0.00284081372427885
0.00378161257097983
0.0035849480804458
0.00354202392572453
0.00365059250385282
0.00333932462449367
0.00397193173761975
0.00379124231573874
0.00453349060962163
0.00361749822499498
0.00341459788230136
0.00293682675754532
0.00374720931804128
0.00322287038421463
0.0032454748651442
0.00316462698234787
0.00303600675299031
0.00309664109691814
0.00310464368280238
0.00394240892858946
0.00402493766929384
0.00292493056960106
0.00316855110551673
0.00382055409941352
0.00385350640541048
0.00399207281489566
0.0047224927135748
0.00289115021676026
0.00364218156493974
0.00469129884910478
0.00338539073204449
0.0055642346738785
0.00525007864542657
