0.0179619649041234
0.0266761180988758
0.0202138025136592
0.0231675969972085
0.0307410630915226
0.0269610171837201
0.0271265217758986
0.0197235917875923
0.0209172418482446
0.0309096584968898
0.0249163107619797
0.0365766306458433
0.0200305873803359
0.0207833470043547
0.0247808941739409
0.0249450992916095
0.0286694422687782
0.0329789953878965
0.0209466212296849
0.0244801786507429
0.0233400808256709
0.0283619429502429
0.0277411224941319
0.0315180309087792
0.0243666766145831
0.0226590510737777
0.0223782028435773
0.0272608272210842
0.0262260714003633
0.0306016542331704
0.0220116034050634
0.0213464579416202
0.0222687905635516
0.0251190454209585
0.0267246762343335
0.0304459007391063
0.0213655019800355
0.0217409170973281
0.0223453308037654
0.026414570957682
0.0270963690966525
0.0319340935796171
0.0218252762345105
0.0216283474115722
0.0236803735640815
0.026699346888662
0.0278004441447218
0.03286071731007
0.00873852391678233
0.00929345623695721
0.00882350605186577
0.0114646788085386
0.0105327449801971
0.0138558092219292
0.00881050820529664
0.00938803540593429
0.00965520422916924
0.0106716567343169
0.0119049239301935
0.0131605535266377
0.00939139433709307
0.0100248251820506
0.0117823019650573
0.011868399151602
0.0136402728340426
0.0151413063210921
0.0106454193633625
0.0122836723502821
0.0100699616620962
0.0138301796400947
0.0146294904031595
0.0160813649225267
0.0126517911340762
0.0104695900833892
0.00739105599187946
0.0153725833701838
0.010364674869038
0.0147330947136347
0.0106201943135069
0.0078568467244799
0.00931083110702027
0.0108484105880192
0.0116116041058121
0.0140749535225141
0.00762029130304322
0.00918285662708813
0.0108084639405517
0.0111163427186352
0.0132291381196884
0.0154422863318263
0.00910531919038161
0.0103218884633164
0.0108660281402794
0.0126417295768139
0.0130764715449008
0.0150030733732894
