0.0187568482238916
0.0188424770486319
0.0106214942419151
0.0116410024493777
0.0111552799529004
0.0118589043963046
0.0125180915377259
0.0163138364022895
0.0257059032872618
0.0177534492984039
0.0172408163744595
0.0186038425880372
0.0197659117789759
0.0210033572788389
0.0306115989517889
0.022235687480106
0.0232582087968001
0.0252132418391358
0.0258833344321785
0.034778687333005
0.0274286633321083
0.0295199250882523
0.0296966694863965
0.039417952721739
0.0333065590836793
0.0344513134664332
0.0446211101150338
0.0401873587333106
0.0201252007553391
0.0110180219982571
0.0119037232250476
0.0114582467303359
0.0120508983903956
0.0125405014794507
0.011349914935776
0.0274494709938193
0.0182264074479653
0.0176423837205764
0.018872465126704
0.0198221746132242
0.0177068630588908
0.032402927534814
0.0228210730596238
0.0235921080761883
0.0252414945605648
0.02317108791052
0.036760070887556
0.0279255047458914
0.0295788786932959
0.0280215923636624
0.041352879816341
0.0335018527640149
0.0320722817821515
0.0462128405123504
0.0358702285249528
0.047674037152628
0.0115700803371783
0.0121509994572966
0.0117410015733841
0.0122895630848412
0.0126810186921339
0.0114319379734426
0.0108975069253376
0.0188499486172384
0.017937824857408
0.0191775857065973
0.0199957743968976
0.0177167166091953
0.0172598281119302
0.0234459539146289
0.0238289105127445
0.0254456527978118
0.02317476280461
0.0221104390549927
0.0284026443146167
0.0296817326238719
0.0280644534849374
0.0269965050943061
0.0338106041850586
0.0319617795904353
0.0314783590857084
0.0359514922825303
0.0351412087817987
0.038805834076878
0.0128248591003899
0.012118576757263
0.0125871943029417
0.0128891646465151
0.0116546881908009
0.0109660842901558
0.0114460248950786
0.0187480586400994
0.0196051251267001
0.0202608600276898
0.0179130770858251
0.0173887004186377
0.0174528632704596
0.0244980529496615
0.0257643855244757
0.0233268364785357
0.022120112563071
0.0229849889154024
0.0301866560062394
0.0281777198122956
0.0269476479638083
0.0276567106608127
0.0322859938799304
0.0314087969632481
0.0325973649773433
0.0352390775592457
0.0369165139144964
0.0406395951040277
0.0127364326895415
0.0127613778327209
0.0129184731776787
0.0116690893417122
0.0108750737940106
0.0110781292861414
0.011294780517997
0.0202642540905999
0.0203626454593478
0.0178637346917193
0.0172577369936436
0.0170115985510258
0.0171424721855407
0.0263078110132135
0.023309297541141
0.0218560668107152
0.0224627665118145
0.0224271520556672
0.028641386468754
0.0267445894040966
0.0269733910126715
0.0278059849609321
0.0316674209850651
0.0319138977254511
0.0322234296973753
0.0366528452407245
0.0370210518879274
0.0417085980421714
0.0133888398999554
0.0130926097386933
0.0117474058992505
0.0108757516662609
0.0109727097577962
0.011017996837839
0.0115873464497913
0.0210472890400183
0.0180228396038382
0.0172912848207191
0.0169285933168138
0.0167548807942267
0.0175724207586281
0.0239497275768181
0.0219659451569724
0.0223748944054953
0.0219695691094553
0.0226437830949057
0.0273652630733489
0.026909414811423
0.0273389205681709
0.0276344931558042
0.032325676578563
0.0317135001598515
0.033024623667575
0.0370103105214244
0.0373040373884189
0.0423107201139076
0.00682608074190296
0.00741296179305773
0.00743879060889884
0.00791806480062624
0.00713312663394167
0.00728798001709905
0.00747393898315137
0.0120523826905824
0.0128128389842706
0.0130840909401793
0.0117832533546197
0.0128079599334265
0.0130730400287263
0.0158828137192304
0.017163280344926
0.0159379432737527
0.0160939302685529
0.0174900736526665
0.0197631004853151
0.0196230375682556
0.0192785421645391
0.0206198818005824
0.0227178255190142
0.0221581629267449
0.0233197569465799
0.0253719121706887
0.0260623709155743
0.0293443939399827
0.00789890118156868
0.00782874788062385
0.00818683281999625
0.00750864548224317
0.00754424218951799
0.00750450568511552
0.00690797288835764
0.0135890250938941
0.0135797681148931
0.0122551992042377
0.0133171914527436
0.0132769555862039
0.0113382314759504
0.0181820774379812
0.0166164224302206
0.0166843072378332
0.017815646077744
0.0157674222247086
0.0208079215049051
0.0200545083361124
0.0210894900547569
0.0200208899111696
0.0236077659092872
0.023890451092269
0.0229675391301675
0.0273319109195226
0.0257205454346026
0.028943394376209
0.00831687721971181
0.00847789761333295
0.00791037967354219
0.0078206571447792
0.00764519549514565
0.00716487596698018
0.00664713203836647
0.0141469530252677
0.0128640666926076
0.0138025387369324
0.0136836489076859
0.0116893691476685
0.0107215287556259
0.0172880489172567
0.0174176757742681
0.0183035993193563
0.016358331405641
0.0138561722384834
0.020700724009943
0.0218498962246908
0.0208248284309555
0.01790318219148
0.0245535825897511
0.024098218645584
0.0217993170414966
0.0266597766686441
0.0248018251335594
0.0270388207613319
0.00908340579037583
0.00829859020227873
0.00825521584687758
0.00796661639031
0.00749188517758087
0.00697100449967013
0.00702038216028813
0.0135246513134051
0.0143961508032414
0.0142307677952414
0.0121260034590398
0.0113358386252305
0.0114964442410498
0.0180688385513026
0.0191287758596848
0.016989572997407
0.0144866967467858
0.0151125688966886
0.0226866664434168
0.0216442518861935
0.0188293275433822
0.018436929407672
0.0249514719906614
0.0230884802921808
0.0225754668447754
0.0261207162554771
0.0268929865157478
0.029954027928529
0.0085956120861786
0.00843667571941712
0.00797076750674096
0.00749383436914536
0.00694531516733359
0.00682967725348971
0.00722985447967076
0.0146679165526749
0.0142992466778641
0.0121106220885998
0.011294190547286
0.0113200573122915
0.0117067648929921
0.0193732776302912
0.0170099080449796
0.0144213722076719
0.0149356679342142
0.0156010806463011
0.0218413212460642
0.0187136516203583
0.0181169505847722
0.0191801494328292
0.0231832333246497
0.022294904372265
0.0224907374072507
0.0266737560262564
0.0268716347595843
0.0312127597948449
0.00878483785333138
0.00819363444509274
0.00757292641146993
0.00702850655765572
0.00684999737934236
0.0071185367616893
0.00737483173655017
0.0147442063173851
0.0123102584701121
0.0114395322852538
0.0113940036536884
0.0115125624320725
0.0116091654297247
0.0174120102569946
0.0147162783893143
0.0150089296160045
0.0153907759776846
0.0153020627424254
0.0191858628348811
0.0182861958839626
0.0190012597849136
0.0187676180016911
0.0225556457224554
0.0223222229360279
0.022306566085309
0.0266429094903605
0.0252798525281905
0.0290526929127846
