0.020954762595933
0.0305937967705971
0.0230023954101914
0.0257790498771851
0.0348925068553183
0.0301793363741909
0.0319686804142664
0.0228086283879747
0.0236511982658676
0.0362288168024262
0.0280640271292729
0.0410633250994661
0.0232367188888944
0.0232870265815828
0.0257276098525212
0.028178415973382
0.0299582151640763
0.0344758963805733
0.0234757654794905
0.0253823788967756
0.0244926064268299
0.029778081482586
0.0293005278671173
0.0336298701512576
0.025721083531406
0.0239218826052561
0.0223906284187308
0.0289711454322784
0.0270328255564717
0.0317227504212436
0.0239820631772278
0.0223414992335779
0.022838729553132
0.0271389261070609
0.0276853905811153
0.0327700549779078
0.0227325546435078
0.0225221672284916
0.0219277382046062
0.0277485578969341
0.0273258663781549
0.0322609174534427
0.0231644311231552
0.021909883005412
0.0211245507893745
0.0277509252056596
0.0261362733703884
0.0317703734037126
0.0144681424384809
0.0155459741526859
0.0147963839561793
0.0187396890902179
0.017816159559861
0.0212998316281429
0.0162353644642666
0.0148591001800596
0.0148744144126907
0.0187504833627086
0.0180478800807883
0.0215143641028214
0.0155674255343717
0.0160262162049026
0.0175425119122259
0.01930128628387
0.0205930590546899
0.0234368591452004
0.015673149661447
0.0179025165813243
0.0160151886669464
0.0198960272651985
0.0207744180408451
0.0232769414170636
0.0191409720005166
0.0164123704703168
0.0137051127089874
0.0211721110014758
0.017965481376029
0.0229940091482289
0.0172256602203989
0.0149014770135684
0.0160175639425562
0.019581635299539
0.0199417392465948
0.0241408230444776
0.0146002629841742
0.0156619645009969
0.0152755519764759
0.0190914569702652
0.0198914959091337
0.0224703563679374
0.0161476732354704
0.0156108417821455
0.0149364363913263
0.0198878178834755
0.0185972552761994
0.0229747296212116
