0.0233546560472533
0.03444374234487
0.0238476323480181
0.0287962143460826
0.0390550197102907
0.033129155935003
0.0365439986395059
0.0242380014806317
0.0247829825110229
0.0412944404492229
0.0296379062022737
0.0453866929836167
0.0253592951615831
0.0252314380586108
0.0256878620942036
0.0305222220448263
0.0310243781160174
0.0358133069026808
0.0262872036032122
0.026136878383999
0.0235054695063786
0.0318340391848847
0.0288688186275721
0.0342700496036422
0.0274754171734955
0.0242943914095473
0.0224815042253147
0.0301446279250913
0.028270233887022
0.0337772960574825
0.0256010326978642
0.023210267401076
0.0240072891521861
0.0295962340947491
0.0290235782632159
0.0358018016142258
0.0242540745678486
0.02407846130766
0.0239362101823341
0.0296562829089795
0.0299041293930275
0.035340803915284
0.0249688578841332
0.0238763695492538
0.023686673744103
0.0305586168254961
0.0296937127219866
0.0360555956651557
0.0190233172586965
0.0191475455238635
0.0183428856570951
0.0229898065653616
0.0223531154567471
0.0267656445434119
0.0205918341817633
0.0189131705913821
0.0199213829438445
0.0240171529796042
0.0235848665823277
0.0283689733036751
0.0199316370007504
0.0204141577813685
0.0196611147963736
0.0242659318400003
0.0247027749817382
0.0283585162112182
0.0213237772331689
0.0203438192375023
0.017754129275867
0.0254478768279228
0.0227685427840451
0.0278706461142747
0.0213383198222176
0.018556308753951
0.0160412657235394
0.0238639804464587
0.0213731165354427
0.026313015608552
0.0196887952990572
0.0168995364341593
0.0176875097178432
0.0228062729056323
0.021339582795925
0.0275007046586663
0.017769413135885
0.0178909942027389
0.0183216884983474
0.0219638282862723
0.0227841331805423
0.026857148369891
0.0186092717444288
0.0183512504892515
0.0176274006908352
0.0233663653100744
0.0225663564936042
0.0274313419506973
