0.021886838853679
0.0323694766102693
0.0235023458878502
0.0280943804692742
0.0373887252803878
0.0330910580905681
0.0344455172826592
0.0234582899847983
0.0235464023232497
0.0390495964738696
0.0284854851010176
0.0447628695033278
0.0250982696732475
0.0243075382219173
0.024680591260497
0.0299325529388962
0.029381964476432
0.0345973603573028
0.0249018698740456
0.0244687480953831
0.0213265566100501
0.0297303638905413
0.0269361047978129
0.031631061476345
0.0253950417673978
0.0219206962385964
0.0209402681778288
0.0281142969393996
0.0256205546486081
0.0315945863716855
0.0233002990803857
0.0217481375326516
0.0233305547964227
0.0270523269551848
0.0275283043455056
0.0330824930084607
0.0223933296997462
0.0230904913490658
0.0225915935347296
0.0277468833073768
0.028618877653583
0.0329803118074265
0.0239317073295501
0.0226925816959015
0.0224224339230364
0.0293693351247988
0.0280641099967008
0.0347986727660282
0.0174721730647371
0.0218896737572974
0.0177710041047001
0.0231501443415559
0.0244634925041925
0.025438443518057
0.0221677736576079
0.0183281108844445
0.0175980223760356
0.0251663509406263
0.0207118182188747
0.0265773009653016
0.0197121114830083
0.0184770382228272
0.0181885702290634
0.0217845464804199
0.0227624429731297
0.0265513815011508
0.0191143035822544
0.0179308209794501
0.016194525284874
0.0230571217490013
0.0195460213681709
0.0236608839190932
0.0177502495337498
0.0166967164267026
0.0149800688530213
0.0200468640735982
0.018239478239932
0.0214942376343129
0.0173301251580959
0.0162239113120493
0.0168872752858511
0.0193655950158926
0.0197500311545857
0.0229099687452941
0.0164051951644295
0.0170333701525055
0.0174738822186623
0.0197469279570015
0.0207883787439731
0.0238991842182361
0.017380263847515
0.0175135556862366
0.0166261653689614
0.0209941954352492
0.0210054162539322
0.0246632417030233
