0.0217462221819044
0.0313580217333274
0.0245819520265672
0.0268704949027371
0.0359543517996923
0.0315651932593494
0.0331801167628008
0.0240218081081216
0.0259099108955273
0.0371364190770327
0.0297339393413908
0.0421553373798595
0.0246171523925435
0.0257243641762775
0.0277842154463062
0.0298740388429087
0.0326799360229488
0.0366506424193409
0.0261708731638122
0.0272629693339852
0.0249281261305547
0.0321392899407483
0.029770970013981
0.0344815330661236
0.028144603199667
0.0249069218905609
0.0246732152183966
0.030056106208303
0.0295375785173286
0.0344584351386097
0.0257423462644845
0.0243970246141953
0.024717848483568
0.029879905281147
0.0296231782523231
0.0346292079780194
0.0248098967731192
0.0244718028649095
0.0248998011577692
0.0297797917526616
0.0300381779704345
0.0352758648349451
0.0254781565745874
0.024774944986884
0.0254881215084925
0.0306310973938976
0.0308875612602604
0.036343888574766
0.0173879623363915
0.0186478744229074
0.0169381700103135
0.0209060873614871
0.0201573803377522
0.0235149055926625
0.0193824775005053
0.0174969844577418
0.0195721031453121
0.0217126436874213
0.0212731896760316
0.0258824744461126
0.018246240477095
0.0200853515963593
0.0201794638606421
0.0216912378603283
0.0248981937406866
0.0259978069057127
0.0204242209434975
0.0197115029967744
0.0173855600009634
0.0246213903273713
0.0223587357308229
0.0253615248347231
0.0209849397223597
0.017881324022603
0.0165265521263993
0.0233402903114303
0.0203255316380228
0.0258180454723454
0.0186121135231638
0.0173666390308128
0.0173424627964863
0.0214356954525165
0.0204843748166344
0.0238134144169625
0.0173406443704766
0.0168888987606909
0.0180300259737916
0.0198841971894373
0.0219405448822607
0.0246484335472516
0.017652842646015
0.0178816631514044
0.0179633584731399
0.021488049892303
0.021898686335442
0.0249717134133794
