0.00935172027443814
0.0118844999024024
0.0117292790715753
0.011884711959749
0.0141479177696621
0.0140240790146538
0.0118863938361001
0.0115418168695911
0.0123080305050553
0.0140210639432316
0.0143771117069254
0.0166743730265882
0.0117676886776634
0.0124169509818793
0.014830891347529
0.014508314287113
0.0165812742853236
0.0184533453887369
0.0127956236830147
0.0148213784109632
0.0139246366762137
0.0167524267470874
0.0166200727083888
0.0185678095050817
0.0149122129884445
0.0137194271128889
0.0138159347135894
0.0165543548173333
0.0157639700684465
0.0184501900044361
0.0136745421590605
0.0133325096831657
0.0147615082875209
0.0154204661543973
0.0167412737739958
0.0187974992776027
0.0133809696571958
0.0147508825249783
0.0150557006057569
0.0166085356711611
0.0183318705401115
0.0201603784110253
0.014924384424046
0.0149324376383184
0.0157797584502015
0.0183499264158457
0.0188106369926363
0.022217591667081
0.0058861482336721
0.00665451740789241
0.00641794198373404
0.00787354505697377
0.00740596320614252
0.00856384273376282
0.00668323537453084
0.00684167827789609
0.00660715947589371
0.00739468469454532
0.00841242906826771
0.00863448262318475
0.00706859068216497
0.00682546924020919
0.00945160599054718
0.00866187373279148
0.010344827576772
0.0113818178816326
0.00769951437078505
0.00968007286083805
0.00839251294388106
0.01088180930103
0.010966934494336
0.0118626261188089
0.0103126119623342
0.00845929409856731
0.00712278066149741
0.011397504760228
0.00860047734018963
0.0114375899301771
0.00861282817645757
0.00729226456193836
0.00867673960029682
0.0090913093309315
0.0101422059757303
0.0119466454788502
0.00726067246269402
0.0088379848403979
0.00976034578853391
0.00992213196366138
0.0119874305252239
0.0131917338958905
0.0086304498665938
0.00949162142848577
0.0103730048963916
0.0116130273177324
0.0118170191998276
0.0137109406364137
