0.0193799084862076
0.0288183156109773
0.0221289857869401
0.0246805657510666
0.0340855230280874
0.0300192681330961
0.0298968585124818
0.022220466786147
0.0232078873502545
0.0347070972503991
0.0269169231162012
0.0392134038982577
0.0228821133212595
0.0235249173032457
0.024373223587951
0.0275878366293124
0.0292326802827918
0.0327656627019071
0.0239755274670032
0.0247739622984566
0.0221685873600641
0.0296241980914836
0.0268431333832896
0.0311384957931952
0.0246863799557187
0.0219229029661925
0.0206272557504964
0.0268614723039923
0.0256024151997186
0.0300722961872111
0.0223165023222206
0.0208153079222886
0.021023407148556
0.0256903565783993
0.0257672590691669
0.030862176665395
0.0212956773104355
0.0211877975508368
0.0211507186317267
0.0260359313594958
0.0256623463258395
0.0301153835718301
0.0218621994149115
0.0207256672379205
0.0213777415221435
0.0257754262553698
0.0258942011320269
0.0308413028718641
0.0121098382738323
0.0149090282145122
0.0148529941396564
0.016274544585377
0.0187159002783294
0.0218892843337033
0.0147022214328197
0.0150094682320468
0.0145513332762158
0.0184597072251545
0.0178416450534466
0.0206332253598364
0.0158585856346584
0.0147632707164737
0.0167983498249598
0.0185884473967452
0.0198623810563672
0.0231455448867239
0.0153888224218838
0.0175432151050016
0.0149123871868416
0.0202848992766256
0.0187754041979695
0.0211772229070544
0.0181075908677682
0.0158596106522234
0.0131891461243801
0.0202950716277902
0.0181202659750804
0.0226912499249833
0.0158332176460382
0.0141239425928971
0.0135984376879453
0.0186179497645722
0.017168107014447
0.0217869152398364
0.0144137771869768
0.0136982975591307
0.0143541543221249
0.0169477850376883
0.0181481633614534
0.0208349693375612
0.0145133801388065
0.0143333676656855
0.0147087122271305
0.0187175880601779
0.0174930200555337
0.022181163659922
