0.018926962507759
0.0190176876447606
0.0107205944466651
0.0117643586013349
0.0113111719384299
0.012125483792605
0.0164629384440839
0.026013931935726
0.0179520907474461
0.0174968195529
0.0189934379542224
0.0212840310453239
0.0310949450184803
0.0225740055623422
0.0237506708385888
0.0263550721148204
0.0353776643124839
0.0280258073250071
0.0303054601251186
0.0402795291676584
0.0353297941146309
0.020278217332704
0.0111106848301698
0.0120271882839292
0.0115708733326927
0.0122200855215321
0.0128690545477588
0.0277305127143788
0.0184422112618272
0.0178201204397941
0.0191614579734654
0.0202608311539032
0.0328774710292333
0.0230934216117337
0.0239592106830255
0.0258279004419378
0.0372941660655258
0.0283787105789782
0.0302641575928691
0.042052639952718
0.0342807979868694
0.047263177282528
0.0116613680509559
0.0122476490917999
0.011800458882977
0.0123641388553444
0.0128210938173532
0.0116861085508635
0.0190744595467209
0.0181568230130489
0.0193331184272115
0.0202490879159617
0.0181101166409974
0.0238130593856755
0.0241461813592061
0.0257993791572337
0.0237119763709311
0.028920304524345
0.0302279000503866
0.0287182116021927
0.0345727983245304
0.0328422013291907
0.0370661178221013
0.0129191459902773
0.0121852386644952
0.0126127532524458
0.0129912934019538
0.0117369694713103
0.0111842573112624
0.0189424112577409
0.0197589351881018
0.0204572040763003
0.0181528717537471
0.017712038699047
0.0248801149824687
0.0261085745574257
0.0236921486129182
0.0226532996351917
0.0307855052761995
0.0287315032593855
0.0275985404006121
0.0331065938801806
0.0322313004603822
0.0363424539092971
0.0130230722848901
0.0130566266683107
0.0132867789545014
0.0120410833501829
0.0112742728875515
0.0117192856733235
0.0207188597485393
0.0208662640774784
0.0184040247042782
0.0178778435211927
0.0178903876986355
0.0269468272929266
0.0240048225801026
0.0226455290301896
0.0235549465262873
0.0294496191918811
0.0276457699943278
0.0282464806309139
0.0326741229177498
0.0333351018436269
0.0382154487120134
0.0136569722527188
0.0134238144901929
0.0120983474096631
0.0112424664807212
0.0113986204166042
0.0116456949719517
0.0214866849638458
0.0185037821163537
0.0178210631738163
0.0175531720761851
0.0176658297059608
0.0245275461113214
0.0225935882422443
0.0231608879407176
0.0230865781354503
0.0280313915461424
0.0277994064942712
0.0286375127167726
0.0332587490932326
0.0331497476955946
0.0384743513316727
0.0140434017163544
0.0123059709203665
0.0113417475172973
0.0113597146895902
0.0113960128037421
0.0119952419665213
0.019229213031679
0.0180657508297702
0.0175961771491708
0.0173340981026234
0.0181216091845976
0.0232802716368703
0.0233095873725058
0.0227840399956938
0.0233361373663012
0.0283307131379177
0.0284536075717609
0.0285838849695015
0.0332392515303983
0.0342206733643991
0.0389563107479441
0.00683603177556785
0.00737593615555628
0.00745463227016883
0.00791589254516033
0.00717545504749352
0.00734728856436979
0.0120746540492741
0.0127770119838656
0.0131119212821925
0.0117915770375743
0.0129779925086314
0.0159665904667549
0.0171927860339157
0.0159496647476659
0.0161819326445481
0.0199877672126194
0.0196170324862053
0.0193669953012139
0.022890446878502
0.0220845337649194
0.0256841755195594
0.00793650952769195
0.00783397487125999
0.00817845924163349
0.00748424865158526
0.00754818875681144
0.00764861895680559
0.0136362410630996
0.013591994782056
0.0122482699548408
0.0133494344294714
0.0134309575940518
0.018216396206775
0.0166397649341227
0.016723201493521
0.0179695459927681
0.0209173874322595
0.0200956814360172
0.0212711974347845
0.0236614181457019
0.0241210960562754
0.0275169464978996
0.00821493028244094
0.00841427413340474
0.00776560102993532
0.00771323046559175
0.00762259434821655
0.00706869437375721
0.0140109221181651
0.0127116114725859
0.0137305490363653
0.0135262990732217
0.011584171137244
0.0171141986937876
0.0172201608148256
0.0182273070020133
0.0161458882196234
0.0205742235467678
0.0216008385576697
0.0206480374183326
0.0243999533027359
0.0237242117699345
0.0264448711907223
0.00894999181729694
0.00822385935959754
0.00811114060563199
0.00784724413348943
0.00738105092847245
0.00684345702697622
0.0133468668491094
0.0142872075937738
0.0140041125238854
0.0119809933989959
0.0110806735188533
0.0179483752527206
0.0188935324046486
0.0167836027628936
0.0142248587086774
0.0224206320583106
0.0214570942069565
0.018341269020648
0.0247152633597088
0.0225576731173629
0.0255037975316029
0.00872526966097989
0.00854349663186797
0.00818588196699817
0.00770201448860464
0.00715210830969887
0.00718145388085628
0.014881030699062
0.0145648310804702
0.0124054429718908
0.0116664741902496
0.011812387918421
0.019754137855479
0.0173757762026711
0.0148972187473459
0.0155749983142248
0.0222184779345057
0.0192552877504424
0.0189125081726743
0.0237781895758664
0.0231500414986494
0.0276547094507804
0.00885075739964759
0.00831196852220683
0.00775860803660504
0.00717613533701598
0.00704051514127886
0.00743014876738627
0.0148850680047249
0.0125148197382632
0.0117028147161592
0.0117166515977183
0.0120780033923616
0.0176092053822843
0.0150184066331755
0.0154419537696224
0.0161079353170819
0.0194398401910125
0.0187701358969292
0.0198090687729333
0.0229862249057029
0.0232762005852594
0.0276262336612033
0.00882110886854492
0.00799747068755801
0.00735268942808269
0.00712506539369893
0.00736742600373513
0.00766745596647669
0.0129351429423662
0.0120310690803028
0.0118721462209793
0.0119734013724216
0.0120222230428465
0.015498928444497
0.0157197351549995
0.0160589060975352
0.0158563481685607
0.0191095315737427
0.0199174808922186
0.0195563142650714
0.0232504781192267
0.0233412152729077
0.0263263366449093
