0.0322797957603561
0.0470317149328429
0.0383119428314006
0.0391212482581226
0.0554291689572178
0.0472452559522119
0.0590096437325898
0.0440095243402635
0.0466509376385365
0.0680901274881346
0.0529084214215532
0.0734174784854919
0.050360895957218
0.0502800798793024
0.0576592317555816
0.058150282814291
0.0648909401098303
0.0699007737477481
0.0600004002392882
0.0637774196611739
0.0667470797996687
0.0733789478741462
0.0741852721446826
0.0796641868902237
0.0756368587269525
0.0773661612311905
0.0771845534849683
0.0865285414836791
0.0914468130606707
0.0971545081899653
0.0905740321798157
0.0883232810334234
0.099109454690575
0.105932499224996
0.110404181705837
0.124583334584766
0.084610363025264
0.0870288049939455
0.0922602222563341
0.102922487918409
0.109290895156951
0.120065181220739
0.084135068239237
0.0834606926025852
0.0824783131087734
0.101809142977536
0.101957838274682
0.118246485698639
0.0266078622290219
0.0259585326463776
0.0242585735325857
0.0310302416248599
0.0257237065931302
0.0311202248203677
0.033837443439775
0.031344122975384
0.0329839551119595
0.037100111435957
0.0363679949321379
0.0383214906458483
0.0375655348671034
0.0397011736893655
0.0426974953200109
0.0441172015856687
0.0515607168710085
0.0541045375938009
0.0472961387725928
0.0493167854298139
0.0503273525133113
0.05923238312099
0.0554633647285783
0.0615921619109223
0.0599540659159777
0.059130433578871
0.0526372918712963
0.0690286914760361
0.0668137701341938
0.0757457987085235
0.0716217819941307
0.0623358777959763
0.0672705933261239
0.0835542541572929
0.0780910621245507
0.0992800150384098
0.0624146262354693
0.0598050789361763
0.0612212474457646
0.0743612384087868
0.0744595546458879
0.085437623891208
0.0592318057954872
0.0562510453395011
0.0542538870720529
0.0702019787442756
0.0675795763708731
0.0811430735576751
