0.0510622221533977
0.070627089204693
0.0537197465582634
0.0600306860542129
0.0826084241449862
0.0693794349634911
0.07501532541789
0.0544900983977019
0.0564523048018977
0.0866711687474283
0.0645216382300903
0.0927836800085868
0.0562318394026418
0.0573173782729602
0.0584679356695041
0.0659901060010264
0.0682142476876626
0.0750884128616952
0.0601345781479517
0.0598853071429632
0.0549980131836112
0.0708962510594552
0.0659779269777736
0.0758164242504568
0.0637758800937812
0.0576377588822066
0.0512747210078429
0.0700033684071662
0.066227137681856
0.0772244834088883
0.0621794738837681
0.0544034854361654
0.0525742686786674
0.0712027289857214
0.0661455721951938
0.0834955088686452
0.0576145435393341
0.0540722889064582
0.0516303737374672
0.0689782893649055
0.0659878069586513
0.0799199612684914
0.0581300468051828
0.0530763264716463
0.0492960165672016
0.0696079665168731
0.0640029652115453
0.0798520267073827
0.0461827116034408
0.0500956969205492
0.0475515625890084
0.0544872196765177
0.0569606965623588
0.0612705168278296
0.0539903017110855
0.0483445501747763
0.0503854026756179
0.060506613933164
0.056834172977134
0.0648871178823409
0.0499503264978085
0.0509503880552721
0.051793303023192
0.0579873916843016
0.0610189359208371
0.0661671991961617
0.0528780287286899
0.0528398136248337
0.0477378809412039
0.0631204009965188
0.0584095029029491
0.0681548305106971
0.0562589649807722
0.050043273562234
0.0431240187876666
0.0619135575813121
0.0574868275610181
0.0681556997081371
0.0539931500811994
0.0458816191727668
0.0440744607078968
0.0620097733892011
0.0551608292792227
0.071601227528018
0.0486827708994717
0.0454101178447293
0.0444490702538154
0.0578139573614942
0.0559417671304194
0.0676545210719044
0.0489127264195493
0.0460222583710634
0.0424219728311499
0.0592768149891353
0.0554512396054233
0.0686340640615149
