0.0161857228080387
0.0234735251761403
0.0177795174764006
0.0206099333863607
0.0268696041660821
0.0239408554802726
0.0238812490062534
0.0175626441175609
0.0186773873760817
0.0271543885575403
0.0223643352491474
0.0319072569651743
0.017976800785523
0.0185907677806195
0.0208703184231323
0.0225709860585918
0.0242663281434107
0.0280966740055104
0.0188277330068405
0.0206670863806091
0.0187882338989914
0.0242786848552868
0.0228123116995217
0.0264715636288803
0.0209856213791778
0.0186226168072783
0.0184389582831555
0.0228437140645488
0.0218181765815609
0.0257161812072088
0.0186677752037913
0.018101967965069
0.0194119761192986
0.0215519912551461
0.022665826580282
0.0260066286018271
0.0182693619232004
0.0192025169327432
0.0195475234882666
0.0224790781624681
0.0238720470291932
0.0269664518079689
0.0194568107488629
0.0192722820569649
0.0200451332095792
0.0239118228949073
0.0243322929058294
0.0290220781539859
0.0102636174658099
0.0103744850343349
0.0103121659253966
0.0134788865301136
0.0125601651090668
0.0159244749332619
0.0100548449686224
0.0104049510362611
0.0110267813219027
0.012345583868714
0.0135729380231734
0.0148742425175075
0.0105667502081279
0.0116662326499696
0.0125831894391647
0.0137871943476935
0.0149368336418363
0.0169939309530606
0.0118514129658182
0.0128641398895194
0.0107978102851516
0.0150969210168232
0.0146466437387412
0.0168668326265578
0.0134042351488545
0.0112371413869634
0.00966722111030588
0.0152051851506614
0.0117361394174221
0.0160004857475777
0.0111406803421715
0.0099507613647141
0.0108202723046161
0.0120714466161087
0.0131466331922132
0.0152029228582489
0.00970190740215446
0.0106367481023974
0.0115841694578968
0.0127639278366184
0.0139812745679519
0.0164164198712694
0.0103562514731947
0.0115538182531583
0.0119051024008707
0.0135141422729561
0.0145346691356546
0.0165406357171557
