0.0207798303667306
0.0287598894710393
0.0208271738487005
0.024544638417692
0.0326017768123956
0.0279121855652586
0.0300975877762526
0.0210059358373007
0.0213309651075514
0.0341117094758469
0.0248195316122859
0.0376206661889914
0.0218289700545283
0.0215892521044414
0.0223419401282229
0.0255832090975487
0.0271936093680408
0.0305258383418059
0.0221795063617772
0.0225017056211343
0.0205593939606503
0.0276817726017586
0.0242004995373527
0.0293923865310192
0.023130885987022
0.0209392767448644
0.0188007833713159
0.0246718142417589
0.0236537976016993
0.026880465594675
0.0216005342729951
0.0193922125774219
0.0206727114400211
0.0241830056166483
0.0243503946825925
0.0295296163460719
0.0197447217548739
0.0204919779244267
0.0190910756767605
0.0243570230863325
0.0241728377535186
0.0278986392020465
0.0210292149261328
0.0191221987129817
0.0185678581911956
0.0247009386564507
0.0231058082455764
0.028655237911781
0.0140710830564366
0.0139870198567923
0.0132291134991636
0.0171583028640388
0.0169272671841235
0.0198966001558662
0.0147470865165607
0.0136783570352546
0.0149332371252361
0.0177165155204987
0.016371192057557
0.0193244080571645
0.0141983954435223
0.0147521304013919
0.0157707016269088
0.0163165615334503
0.0194466038429973
0.0204196340999903
0.0150485417102404
0.015863921041617
0.0146393679995782
0.019857444801136
0.0181429708981687
0.0222741216440613
0.0158279761987138
0.0148431830736496
0.0115903376774448
0.0179994955057801
0.0158680488971566
0.0184686397179664
0.0156416478349029
0.0122965750295129
0.0137302136234641
0.0172481606455476
0.0158269110655135
0.0207039833602005
0.0126629873449619
0.0139487248903112
0.0132614949141815
0.0163270122257918
0.017193059138376
0.0199054429123919
0.0144005006732454
0.0134380742679079
0.0131112174022369
0.0174625331975238
0.0164449755912637
0.0203166487775382
