0.019147619820056
0.0193121867480935
0.0109312945692861
0.0120164310462968
0.0118106103579956
0.0167250361193806
0.0264199382198783
0.018338457836702
0.0182124921612249
0.0216851673990096
0.0316949494046877
0.0233853899650973
0.0269963929365319
0.0363934589549454
0.0313565397262685
0.0204738185404193
0.0112265657763006
0.012158049520261
0.0117584630410062
0.0125257052333492
0.0280467161584114
0.0186542860943147
0.0181012946527405
0.01961079127981
0.0333569533958233
0.0234564560310485
0.0245143064573695
0.037901995367912
0.029020647295721
0.0429366766639049
0.0117913642464247
0.0124177251377112
0.0119487719418611
0.0125772501465451
0.0132181886541201
0.0193460919115075
0.0183956307379613
0.0196846669139918
0.0207794727970454
0.0241413587089715
0.0246035163418147
0.0265079904165056
0.029473476661091
0.0310451826194158
0.0354954010630146
0.013047990261998
0.0122866641785034
0.0127315471849086
0.0131788727035908
0.0120366979972529
0.0192048711062902
0.0199712389054003
0.0207766199300491
0.0186032160464491
0.0252468235238502
0.0265377591019729
0.0243082226807512
0.0313874186632785
0.0294769782416938
0.0340543635165949
0.0131297048129503
0.0131327778607428
0.013455821871604
0.0121775231229802
0.0115541121292162
0.0209237147121257
0.0211401575622717
0.0187169437855299
0.0182971432647203
0.0273613547064883
0.0244627368981116
0.0232721591597697
0.0300825689742021
0.0284060645436617
0.0335858187442652
0.0140098718253749
0.0138183112191726
0.0125052754285811
0.011664821094246
0.0120908449947206
0.0220463926208824
0.0190999056679337
0.0184920928927767
0.0184941635248848
0.0252931637573067
0.0234409768597535
0.0243263085974307
0.0290145154466847
0.029156072172098
0.0347922395366536
0.0144345769279799
0.0126988795182141
0.0117530373418579
0.0118259491267942
0.0120811970196233
0.0197869468860094
0.0186593543652355
0.0182947155226377
0.0183247272674507
0.0240140629543569
0.0241721842094455
0.0240171279728763
0.02931865648448
0.0298637071965526
0.0348123364102793
0.0134503218745094
0.0119341800423823
0.0118591441336413
0.0118939486875559
0.0125353493254828
0.0195363849944325
0.0184506226531367
0.0181245866194886
0.018896493406289
0.0249384330199889
0.0238709664648274
0.0243177244213862
0.0303142353404267
0.0298388689699566
0.0362166065811939
0.00694459464910006
0.00742498117009494
0.00746649940464476
0.00792835616719585
0.0073649868028449
0.0121634873053114
0.012837377899034
0.0132472312218392
0.0118694481789998
0.0160624279834138
0.0174444176781289
0.0160960402756935
0.0203202651970782
0.0197901964342946
0.0232077796263361
0.00790802691376787
0.00785611145777543
0.00815787621948495
0.00751145226960056
0.00762463520462194
0.0136017434793015
0.0136366527481064
0.0122221830742101
0.0135334465794967
0.0182537176788545
0.0166348299250528
0.0168149075222464
0.0209142749148277
0.0202078766206012
0.0236109553865928
0.00822511837698908
0.00844305112526958
0.00774724927265243
0.00772501997759829
0.00782508847036612
0.0140610685131712
0.0127266663408759
0.0138002514165436
0.0137374688236914
0.0171541132884653
0.0173051172109397
0.0184900866788157
0.0206802651342981
0.0219019131927319
0.0247616100726247
0.0089034624442743
0.00809924488381015
0.00803972871471977
0.00783533864952957
0.00732753342946807
0.0132542561072183
0.0142653878089252
0.0139091867558203
0.0118978305055565
0.0178253929463908
0.0188778206900509
0.0166203515627199
0.0222829500661803
0.0213327525028093
0.024463232393542
0.00868806532071676
0.00842468957610638
0.00810318203307464
0.00760243847427857
0.00704451358761522
0.0148772587736367
0.0143933666151255
0.0122485193781594
0.0114443916389571
0.0196083932028679
0.0171985763013594
0.0146829599905688
0.022125490219086
0.0188610187317536
0.0233985305912846
0.00895667303773218
0.00852001149952609
0.0079741572631472
0.00739868972427099
0.00742973706792362
0.0151902982065282
0.0128168739470596
0.0121088049457684
0.0122603138331249
0.0179799400536323
0.0155403400711414
0.016151881776802
0.0200094118386055
0.0196573841888075
0.0239282557919188
0.00894104038059496
0.0081861773187231
0.00752640858052693
0.00730980384339151
0.0077159120614284
0.0131499596488953
0.0123025251524054
0.0122437284236261
0.0125642314853286
0.0157923283069561
0.0161825831404077
0.0168406745254714
0.0196024661607444
0.0207859997421173
0.0242610266955362
0.00861256069384665
0.00776804727843868
0.00746144238299222
0.00771932101316852
0.00810552067121969
0.012850960005061
0.0125334678400174
0.0125179703900727
0.0127087005305204
0.0166284450519843
0.0168178513830884
0.0166439905508805
0.0209337329621593
0.0206347526164578
0.0246407049239408
