0.0295111738235666
0.0340096414158293
0.0224638017226001
0.0316944431815296
0.0370664421095249
0.0337381597831477
0.0364939289943126
0.0233196572382276
0.0192608530967631
0.0394215822354496
0.025642251299227
0.0406705083476037
0.0254675040799281
0.0200130766271513
0.0159807975871525
0.0277262184626526
0.023096713505294
0.0303063986197932
0.0218947053372874
0.0167175442096043
0.0145738396819449
0.0248429809765374
0.0196256010589757
0.0271029953017346
0.018197495170646
0.0152411000472127
0.0122203885370557
0.0211614221335536
0.0177218476452579
0.0232888495664971
0.0168414660611661
0.012585146795199
0.0100162559792502
0.0191358053430073
0.0150858841888558
0.0219202053992754
0.0135469553383722
0.0105294666247969
0.00841678763195148
0.0161237867716563
0.0125738691141684
0.0183376659359492
0.0110166583581502
0.00820739864104309
0.00869214235815896
0.0128535951777081
0.0113614577425512
0.0161860936448783
0.0164381785954133
0.0142124449136147
0.0105060369731424
0.01794171931547
0.0156513919081393
0.0201054068594261
0.014499207136271
0.0104385401914101
0.0125847699993446
0.0164788960094228
0.0111009938718358
0.0166751994011974
0.0111166950326604
0.0122495542480342
0.0100861978675605
0.0113363795242334
0.0126576517029425
0.0108497552500554
0.0126666208003101
0.0100761016952434
0.00711021740806427
0.0126587963093984
0.0117693649288395
0.0144186646114312
0.0108607627975682
0.00709577975333876
0.00682019084690652
0.012461082583628
0.00887881617303214
0.0134073957127515
0.00783532223947978
0.00692650421255944
0.00454268727294603
0.00959548934501923
0.00779906171778644
0.00946159362512401
0.00767549170038959
0.00528694577737839
0.00455159987803194
0.00896475014408804
0.00613625380082538
0.00937721163377108
0.00530870383178883
0.00480502107805904
0.00679766596225376
0.0064927339172592
0.0084702905877823
0.00942402139133192
