0.0311934073584232
0.0440301490146746
0.0320749887058458
0.0373400707353502
0.0500100729886319
0.0424152454219676
0.0471450970147191
0.0326926971827877
0.033634860201969
0.0533676500477181
0.039466321303212
0.0586598483717351
0.0337976007529658
0.0341772018330591
0.0345456658946652
0.0404847452325459
0.0411439818002404
0.0465445107391668
0.035524125911409
0.0350795132804629
0.031962784071292
0.0423476986814201
0.03905581359339
0.0457979923155591
0.0370549656440115
0.0330051311619577
0.0300587313022127
0.0407928342819235
0.0383149580879858
0.0452415460536375
0.0351932699211208
0.0312396521672578
0.0309248291973686
0.0404867945061127
0.0382290114369355
0.0477116474932107
0.032492659441161
0.0311754809470454
0.029768237013184
0.0391901330244817
0.0380399216626291
0.0458722722303084
0.0324655856535253
0.0299339508593959
0.0289139949385386
0.0388742105892311
0.0370024988529727
0.0456174729547106
0.0269243869697752
0.0279640481009194
0.0272506020653584
0.0318353146739054
0.0324390104961291
0.0362599328216803
0.0300735846211673
0.0279924341631803
0.0290754627893306
0.0350563694962289
0.0331962241685276
0.0389653915798078
0.0289982854503807
0.0295160650653831
0.029804854137866
0.0340623950160207
0.0358954332944608
0.0395392860416832
0.0308795200772404
0.0304976084889974
0.0271824564577395
0.0372583862583384
0.0337016086167932
0.0401178669138875
0.0324037607720329
0.0283917278296583
0.0247309244513489
0.0356381964111404
0.0329345552126531
0.0391754388330715
0.0304778630611911
0.0260595862365765
0.0255845871410723
0.0353074898457613
0.0321091252175992
0.0414014319587119
0.0270029795011691
0.025905757186641
0.0254433474581153
0.0328692317375476
0.0320491615214813
0.0388156438060832
0.0273385345654599
0.0256774834077093
0.0241911955816022
0.0331128607118524
0.0317732307436467
0.0390689773700893
