0.0265595168215833
0.0413295686996257
0.0280775711814357
0.0337782565181073
0.0476697730344478
0.0395166046095542
0.0452001109740863
0.029998113968286
0.0283316042506241
0.051784638955738
0.0371869620685422
0.0610450419798646
0.0314916535837074
0.0291368879013186
0.029604373697398
0.0385316202035791
0.0351152331532737
0.04366128549457
0.0316241045294702
0.0315846762579075
0.0288667071968637
0.0385179019294535
0.0352400699475565
0.0416134097468834
0.0352100867000152
0.0301399698369609
0.0260219788267961
0.0384041323339163
0.0352782227816425
0.0426927326025193
0.032871905558793
0.0262075069556622
0.0273299854639365
0.037230211253777
0.0345732202338882
0.0448295877393006
0.0261785237334348
0.0260135105803697
0.0291030349674777
0.032749857002124
0.034413746182181
0.0406087311674728
0.0261897670004823
0.0276901761569982
0.0284547052442475
0.0325759712832088
0.0344541747493435
0.0391856810674908
0.012464290739905
0.0120144197629752
0.00904593319541477
0.0157422095026854
0.0116007176894106
0.017678120680746
0.0146456539731529
0.0113373981907978
0.0108287862722075
0.0158286576163838
0.0145800927475445
0.0190529107906155
0.0109817827387397
0.0116836179639705
0.0142375826058564
0.0152311888997144
0.0141345335494277
0.0176277543054755
0.0116854567774492
0.0151398944785151
0.0119808892783082
0.0151819359459613
0.0159922484021649
0.017539441831747
0.016802212562866
0.0124282374894463
0.00930168148845617
0.0177569021270475
0.0140680251801895
0.0195476082106757
0.0135673894796241
0.0086697996729836
0.0101881395277326
0.0157290556343626
0.0129848330453844
0.0197051840728202
0.00819203850925186
0.0116814199939193
0.0135592165021511
0.0132866371906292
0.0160697115850395
0.0176430392251497
0.0113337935258521
0.013543445039581
0.0130318742412654
0.0154763160565418
0.0185456256185397
0.0205264317921337
