0.0330582974803887
0.0242722082386014
0.0250064101505475
0.0374481954906109
0.0299596760320994
0.0423926776101929
0.0247808743793598
0.025370687658804
0.0260385407845619
0.030327870766365
0.0310645641036188
0.0355141537044736
0.025670635099828
0.0262535511084693
0.0236487017872063
0.0312213467742493
0.0291523505706441
0.0335643861057024
0.0268015311586544
0.0239363978491348
0.0227411309687812
0.0294894963664325
0.0280466932087955
0.0332000576760404
0.0244907282062845
0.0230740860188164
0.0246942879792018
0.0284707998044816
0.0289508818680875
0.0344870612479553
0.0230584568167399
0.0241032901078419
0.023721695523493
0.028465273899661
0.0297072931256234
0.0339530220721763
0.0241326884569262
0.0232898954019221
0.0237040197909975
0.029397617047921
0.0291696553933563
0.03529162946807
0.0216282545297816
0.0191756380854392
0.0190847907543851
0.0245869274571616
0.0228153295322267
0.0270708420205251
0.0195750601512079
0.019414985531136
0.0200994322910487
0.0233139161662195
0.0244321144677365
0.0278930593502661
0.0196118092237804
0.0200415682247767
0.0183356867507951
0.0243611019662075
0.0227043179836473
0.0265872388343263
0.0203223892634536
0.018770769773473
0.017070044691155
0.0230552102647221
0.0214425756668188
0.0254254614225109
0.019034841748603
0.0173784573364947
0.0184406963198421
0.0217723936372666
0.0213986067297752
0.025864162991525
0.017501581227966
0.0181133576341655
0.0184861634930474
0.0212953037941953
0.0230446168785463
0.0260541752383436
0.0180680158306906
0.018155306356
0.018227260825757
0.0229573289624624
0.0225582493877704
0.0272336633616283
