0.0186463348740025
0.0255091766850854
0.024448318074162
0.0248924147825851
0.0292245144205878
0.0280407785067377
0.0255880153842555
0.0232535873797761
0.0261972292185377
0.0288486165625944
0.0283641226524452
0.0338945292377968
0.0237958394410774
0.0257534524064711
0.0330480946492597
0.0282615671420069
0.0351703377253109
0.0381865293901339
0.0254197848881103
0.0311711203573851
0.0293353567585797
0.0335252593687321
0.0341423212236934
0.0363776731630605
0.0311217475086778
0.028333252662438
0.0289257440726327
0.0334696291542104
0.0327778402897333
0.0377636488377016
0.0274298206344222
0.0271824011194373
0.0293484251485222
0.0312399179883998
0.0333486267473452
0.0373683195255767
0.0271370552812809
0.0283062052081813
0.0285012524690906
0.0324657597280765
0.0343843002833205
0.0380574590320854
0.0282634416512334
0.0276022664682254
0.0306330667208819
0.0340884485494119
0.0359340620754796
0.0421341669631393
0.0100719288340405
0.0152620388252516
0.0136397012820788
0.015989930372256
0.0155785006777791
0.0166881576218218
0.0152433817564612
0.0146109778357589
0.0150267210533536
0.0156009128755258
0.0178634033303417
0.0176900199885712
0.0152344306633985
0.0161833490723434
0.0253731513235529
0.0177054703557782
0.0263019895028305
0.0274728723327346
0.0154334598235206
0.0245173778294535
0.0207010068173935
0.0257027611863912
0.0295973539705387
0.0294723718581321
0.0246746198531946
0.0203843390300022
0.0149197228673612
0.029470336871388
0.0200855940716487
0.0298212905152678
0.020645461790993
0.0163014283305445
0.0155222305536098
0.0223736735403248
0.0202522059279964
0.0252942975882893
0.0168272343487008
0.0152074084294559
0.0170194354809821
0.0204843888747827
0.0203196727181921
0.0252681226146083
0.0152050847667703
0.0167682276486531
0.0185251197521275
0.0200509538991465
0.0212913747965751
0.0249048803363244
