0.0174781954047838
0.0262597557939168
0.0190557131634651
0.0218264970474922
0.0300371343888804
0.0254891351460006
0.0272801826626825
0.0188517522263538
0.0199708209246742
0.0308864073605274
0.0236261160939534
0.0357390460660302
0.0191516981452451
0.0199461940108072
0.0224031993909436
0.0237328442180921
0.0259631505176221
0.0293155240703773
0.0200530157976661
0.022127353202474
0.0202201478299083
0.0258001398530709
0.0243793014805359
0.0278240076050729
0.0225177145487577
0.0200744414159524
0.0194048299747105
0.0245051530929603
0.0232223342303566
0.0275784017582054
0.0203846563535065
0.0192488049780446
0.0207639002754067
0.0231936836396971
0.0242338259671905
0.028206585840248
0.0195098095928545
0.0203345238758198
0.0204591769422418
0.0238801163950667
0.0252979383781091
0.0288429022703087
0.0205808756120903
0.0199924706530324
0.0211515551152472
0.0252499715318423
0.0250869124916537
0.0302539350855048
0.012007012524845
0.0131735859867689
0.0117290306784777
0.0156487483312285
0.0153109058205295
0.0181374871820692
0.0127580824103643
0.0116898376543618
0.0124260109820959
0.0150652310649647
0.0146485754067128
0.0172855174988497
0.0115175554823011
0.013005604458199
0.0140936785266862
0.014423481125463
0.0171467000416872
0.0184894214441412
0.0136238560989362
0.0144711671291915
0.0123854426247334
0.017812843736719
0.016208975714606
0.0191578957280518
0.0143312468026679
0.0126531512426335
0.0105889712414276
0.0161772358112591
0.0132958853478179
0.0167847968542947
0.0129585927975073
0.0109777548393047
0.0128752108394626
0.0136971281394118
0.0150655302978848
0.0176622681428616
0.0106779668792795
0.0124518991606158
0.0130313995925723
0.0143670691512996
0.016369763278097
0.0184100358191732
0.0123021649829668
0.0125694325130853
0.0130549753224332
0.0158543103671618
0.0155628659294915
0.0188346705388792
