0.0275332625619148
0.0370584705284088
0.0313394081961015
0.034112162068457
0.0423176001209238
0.0386667390186387
0.037989433371802
0.0310235238913105
0.0336783812636401
0.0428971887126546
0.0391099689404826
0.0504335825187313
0.0315251127242452
0.0330359316386004
0.0382342350942344
0.0391199688580739
0.0435766662071813
0.0488919528864212
0.0336456835512987
0.0379548404549079
0.033909602910708
0.0435666087727626
0.0412014955971223
0.0468937825731071
0.0398164841780775
0.0350607178883138
0.0347221436551872
0.0431583121479444
0.0411646133499877
0.0487400848242342
0.0366052265683834
0.0356245957231987
0.0389748614563203
0.0426610885603355
0.0450293069922476
0.0519003656309029
0.0360489620035348
0.0384994559011753
0.039051646358683
0.0445033667628745
0.047987110979968
0.0535079446199377
0.039236309096172
0.0384684305149212
0.0388508807151156
0.048222973809219
0.0477070850180699
0.0573438547811777
0.0182840737077136
0.0183695674894973
0.0182776337360318
0.0227891812373154
0.0208213158487943
0.0247915764410091
0.0200007953845816
0.0182725354972929
0.0190710168262318
0.0219172611851154
0.0230663176921044
0.0260166983778214
0.0194701599567554
0.0199090062099752
0.0215427996747011
0.0242701255123916
0.0258010003942772
0.0293770622131015
0.0204031528397239
0.0219703201020261
0.0189764844167947
0.0258270200501498
0.0247570998850303
0.0288918795952752
0.0239659262748805
0.0202194364825563
0.0182775736101482
0.0272477410291671
0.022700154028308
0.030345539054309
0.0207831132199558
0.0192804251964128
0.0206341531653185
0.0237867016688242
0.0245898558113067
0.0286748942848495
0.0191898350293677
0.0204814954224379
0.022274487092524
0.0245910351628485
0.0265722223915441
0.0310705697640542
0.0205636951642063
0.0222994528941696
0.0230795505177829
0.0263147895678346
0.0284249102235135
0.0328083933666598
