0.0375670504501299
0.0534737794229606
0.041933176256447
0.0462615741461323
0.0620306890510859
0.0533960091463112
0.0608373711460795
0.0430044911537069
0.0433579873413811
0.0693357687918936
0.0512009445781469
0.0754364962129341
0.0439232652744265
0.0438952979623559
0.0476644624242566
0.0520579824598107
0.0535963830631357
0.0612184073224502
0.0463002856664169
0.04709193518069
0.0422744091103585
0.0549119104658358
0.0522826732631162
0.0580823919969002
0.0498886492503679
0.041918142490943
0.0400690491781004
0.0544135128271255
0.0497012732108365
0.0607175110109286
0.0449833480658611
0.0407183758967042
0.0432707404911178
0.0517141356904703
0.0509799208764607
0.0605291140194802
0.040608000191352
0.0404614486296827
0.0390114120489156
0.0490541458851349
0.0480824598591323
0.0557073168913492
0.0417247117737028
0.0381842259717172
0.0386619207426853
0.0493012487597899
0.0474844112425246
0.0587387503777766
0.0298768358232681
0.029478861905732
0.0294445958435521
0.0355487680510903
0.0328757194572361
0.039093992427463
0.0365089542232346
0.0312534874002198
0.0284320482772751
0.0419180757062342
0.0353394018774171
0.0431102742573793
0.0330433852166137
0.0303995294717236
0.0302887317169437
0.0383140773879949
0.036363526904223
0.0447718153292639
0.0325379869721074
0.0302270578910604
0.0291954203115654
0.0377691778767013
0.034202428375794
0.0395918627898529
0.0326502424622172
0.0309746428508669
0.0281765037656268
0.0379605023322083
0.0351094479603783
0.0404154967861566
0.0328297636071136
0.0289025814257092
0.0298941594372727
0.035827138037293
0.0355861830172508
0.0398934617292609
0.0287200984086951
0.0283818040604865
0.0275345739732498
0.0341817142811575
0.03450959684455
0.03926215008252
0.0297254678588302
0.0273555343200867
0.0276025014418792
0.0362517104244003
0.0341291009401909
0.0428458423511517
