0.0195505895732953
0.0275091032529013
0.0208958595308734
0.0249553688362402
0.031276381185382
0.0285486311385839
0.0279397663093853
0.0204701508534258
0.0216044251391037
0.0315521640802083
0.025633015092802
0.0370634020159912
0.020861409342992
0.0214911628916697
0.0256966325959132
0.0257394120161352
0.0294569650813259
0.0339348374392371
0.0218021338459455
0.0255571839071571
0.023897051593885
0.0294258480425465
0.0287282053180005
0.0324661876408675
0.025421090911102
0.0232596337242892
0.0231598883696666
0.0282203556240552
0.0268205427327048
0.0313978308287719
0.0225663127987271
0.0220916848780029
0.0228147447512583
0.0256300246239405
0.0276227047243058
0.0311036699634357
0.022178876144703
0.0223381888721967
0.0224945147308715
0.0273661201768542
0.027472969588036
0.0326291751061318
0.0225266307488183
0.021947637737296
0.0240542770871644
0.0272484347449214
0.0282568132570581
0.0336640610265293
0.00962984551851417
0.010605966770351
0.00944784204617766
0.0128346472750593
0.0118007346487022
0.0152983330414953
0.00963293887416827
0.0102318206076167
0.0112009322456218
0.0116299226191097
0.0131506404939309
0.0143900348378597
0.0101173809227632
0.0116728266342339
0.0137387995797448
0.0132870645613509
0.0152190332066657
0.0168009940430713
0.0116526402043219
0.0140749819016752
0.0113114464314503
0.014874460431404
0.0165951033897876
0.0175323327468244
0.0145132125986
0.0117977271261587
0.00894359588477921
0.0172619143874388
0.0118420722346518
0.0174848168627166
0.0119131329999003
0.00927556702259677
0.0107820437666725
0.0121423340805278
0.0135011685478696
0.0157636874088105
0.00899502098608028
0.0107149069015923
0.0116114429435471
0.0130530318381596
0.0142820958494137
0.0168937082730928
0.0104560645652392
0.0111701989765195
0.0120459157342316
0.0135594666790561
0.0143402290792151
0.0165957081817798
