0.0194725950222188
0.019618957370982
0.0111764345572243
0.0125179744535806
0.0170842445952423
0.0269230712797995
0.0190319201280045
0.0222399197725456
0.0326460505598978
0.0279805507242013
0.0208833225565565
0.0114896652878862
0.0124520381191485
0.0123392787109004
0.0285745885849277
0.0191033252860691
0.0188985774975472
0.0340909544999394
0.0243708567403327
0.0390883250160542
0.0119664785553325
0.0125810170322293
0.0121849512942229
0.0129487806321778
0.0196167799300219
0.0187291814201527
0.0202241981594436
0.0245858632413874
0.0252461385896431
0.0302303762190659
0.0132865257015068
0.0124781765233212
0.0129865509143582
0.0136418884198045
0.0195135505287579
0.020390331569831
0.0213996705981035
0.0257852406895047
0.0273429001962887
0.0323278074966335
0.01329111057677
0.0132992952132838
0.0137029914190802
0.0125344659479613
0.0212181798664309
0.0215325586710764
0.0192562307584322
0.02789385980236
0.0251693994255281
0.0309524506721933
0.0141563712670074
0.0140615033737607
0.0127041716902313
0.0120153678629909
0.0224181590904474
0.0194980917479863
0.0190031543641643
0.0258515706027942
0.0241736748742657
0.0299084990099995
0.014921856874945
0.0131601972916146
0.0122391245210715
0.012608989706888
0.0204773790387501
0.0194236688307301
0.01936635511113
0.0249717347410611
0.0254892296738489
0.0308459720117205
0.0139269527815358
0.012404005402541
0.0123703335998386
0.0126619772253996
0.02024671689915
0.0192287199180534
0.0192249630461613
0.0259220313700174
0.025231875685726
0.0318703318861782
0.0129782241342839
0.0124259634669813
0.0123682505499449
0.0131118614439383
0.0198322137164555
0.0189466223844304
0.0196777300446135
0.0254455453022354
0.0253904406865681
0.0316228644176004
0.00707362376989264
0.00750834230014692
0.00754494525706171
0.00812820408543199
0.0122772771044439
0.0130444186742334
0.01350975457266
0.016333651715511
0.0177433218982472
0.0207867566881574
0.0079870896730362
0.00789901126768859
0.00819663538765681
0.00775584676119454
0.0136982006263941
0.0138006132655304
0.012370435146378
0.01854363595987
0.0168317762313105
0.0211576768361624
0.00826090356474344
0.00843414229668228
0.00780300538470603
0.00785471987709109
0.0140717683574699
0.01271394197299
0.014030601413664
0.0172012326094037
0.0174602176512173
0.0208875422737716
0.0089455023306528
0.00808349010096336
0.00808397226369556
0.00806654182737342
0.0132947992849355
0.0143757651150327
0.0141667171014204
0.0180040607194066
0.0192025192765612
0.0226894115287856
0.00861116969364754
0.00841091051620099
0.0081382972131548
0.00760508315598927
0.0149315846866956
0.0143619479541727
0.0122471584363007
0.0196783236785136
0.0171606791954044
0.0221795830426488
0.00889885807176849
0.00845386456139275
0.00790234815478198
0.00731965843483214
0.0150333174839094
0.0127056668396506
0.0119310371882507
0.0178799066161161
0.0153891596848729
0.0197602292419704
0.00916909966758469
0.00841127588711161
0.00779536198226395
0.00774806980012492
0.0134981595618198
0.0127195975262969
0.0128843657826855
0.0163604491080491
0.0169301014785998
0.0205574113380214
0.00883698351450672
0.00796915106419944
0.00765952114630922
0.00811254643056716
0.0131557928625546
0.0129361486246949
0.0131699061287554
0.0171200516404325
0.0176921939720103
0.0218915640029564
0.00840322613892742
0.00781276696689157
0.00803452082066346
0.00851789825904789
0.0133107062440004
0.0131194280602871
0.0133022461459488
0.0177412653354233
0.0174196434712013
0.0217267571362444
