0.0239366831789324
0.0348461457901259
0.0273883510586797
0.0303791545252821
0.0397838633881314
0.0353067387341996
0.0369037476640378
0.028297155510761
0.026869205994364
0.0420833551702253
0.0342068762567382
0.0478974013642485
0.0299197265241024
0.0273737521401561
0.0298608501090269
0.0356572269942055
0.0362619399276444
0.0436245163917275
0.0288308379973841
0.0306736041843658
0.0333746815716878
0.0380134762289047
0.0421154450583061
0.0492494228942347
0.0334255094578571
0.0354376361668954
0.0305645419369967
0.0454457138742808
0.0359441490581965
0.044462840213628
0.037444401611379
0.0320429984785055
0.0280481929217511
0.0379005373398976
0.035150152100711
0.0395904435360963
0.0328878704170432
0.0283274717065789
0.0219435903105645
0.0358284462107641
0.0313680458646495
0.0382680931278731
0.0294511936326188
0.0219376516084538
0.0162169198094726
0.0323064392929356
0.0255271395068745
0.035150420334015
0.0121027974441291
0.0128405578088037
0.0128952660715499
0.0158938981430077
0.0150007777735415
0.0188687659978695
0.0124478703940557
0.0127514708901747
0.0128191023388973
0.0148970848864654
0.0167227699720969
0.0183908326232346
0.013211170655994
0.0129235739814528
0.0137321104755634
0.0173088387897921
0.0139550044201903
0.0160000103191112
0.0134161161155523
0.0142839952914714
0.015675178269529
0.0150351654949488
0.0212331344589977
0.0223541400410981
0.0154824260920941
0.0163836738921308
0.0137402591934354
0.0226946064170587
0.0166820334353192
0.021755977762265
0.0172668602830477
0.0141642959362134
0.00564931594790543
0.0176721856635497
0.0160190258103473
0.0182321895565317
0.0142000792309172
0.00553573878505307
0.0106655635546915
0.015775390834577
0.00605718485163206
0.0166747134826822
0.00638557687056863
0.0106276337772645
0.00854923423780269
0.00625501761100965
0.0151136532115978
0.00857733690245395
