0.0103004071991109
0.0129889866962441
0.012929060208696
0.0131699287903646
0.0153550126187197
0.0155015375701346
0.0131922774815945
0.0126698442397692
0.0136889808311878
0.0153392879974634
0.015341418086295
0.017846627759646
0.0130103617048299
0.0135836501585956
0.0161842141113263
0.0155446934788926
0.0181706263608062
0.0198818813394892
0.0140160696950311
0.0161578896234294
0.0152935910567501
0.0182109403937816
0.0181706845562254
0.0198340016248717
0.016728824031524
0.0154637094732205
0.0153036250836167
0.0187498977721176
0.0177429276972084
0.0207703959539799
0.0159008356514625
0.0153002368309558
0.0170014035361131
0.0181318921378424
0.0193741460990916
0.0221276854643041
0.0151689825664073
0.0168500184036491
0.0171377628887274
0.0188654415719971
0.0206794544681437
0.0226537502971929
0.0168301302211994
0.0165517885404841
0.0178721624527534
0.0203957677681434
0.021059114922157
0.0247759184394211
0.00726323349945229
0.0089900286346647
0.00758708313577256
0.00986000490621372
0.0087927706523612
0.0100131920573957
0.00890454464960875
0.00783105861274202
0.00712119179730662
0.00882404627140996
0.00908122346668461
0.00987336905946996
0.0084472603424206
0.00732784824722377
0.010874376155883
0.00988340594389786
0.0120826531228623
0.0135551679428817
0.00759508915661889
0.0109378619450768
0.0109776042456091
0.0120278091098824
0.012529700145819
0.0128896956136865
0.0120793845382266
0.0111123678828005
0.00972495698615928
0.0136314762752648
0.0120133270303528
0.0141962070731672
0.0109983728052468
0.0100822638724657
0.0113695001537975
0.0125567118794915
0.0130991836455581
0.015234002524189
0.00993157602196645
0.0112897404050787
0.012505638013941
0.0123342209553837
0.0149834863767039
0.0165847608395551
0.0111818978013686
0.0120843299855347
0.0133032417869559
0.0143692222730436
0.0142857960735494
0.0172960895362883
