0.034810972452773
0.0517165972181346
0.0393089790242323
0.0432460401629082
0.0598729514355384
0.050339200995113
0.0573118306751993
0.040412278120062
0.0408912630335651
0.0662257132475945
0.0488694643332748
0.0729628070858837
0.0412217015777532
0.0407211518308549
0.0412458992207087
0.0494648081295886
0.0490393515947273
0.0565620877536919
0.04284175255522
0.0413817377609771
0.0382800457564173
0.0502732727143278
0.0457487689929157
0.0534341219967589
0.044202177447752
0.0384368431745191
0.0367398191818733
0.0479286414291346
0.0441202599913621
0.0533424026872663
0.0401438010011529
0.0363585773513583
0.0372801367507876
0.0452039164008966
0.0438155394494731
0.0519706125344515
0.0367884398222131
0.0360049455948643
0.0356147125325229
0.0438804062781678
0.044147261747243
0.0513191074312676
0.0359161607507504
0.0349781012621667
0.0347612215001358
0.0441129560100548
0.0427230335481487
0.0512603004096148
0.0267146505159059
0.0303294267352471
0.0255432281205889
0.0330754115946553
0.0316765981547606
0.0344845055940444
0.0344323390738364
0.0275629056247311
0.0264929971624167
0.0374478530381483
0.0322433588202946
0.0414669633770904
0.0293660730246287
0.026833380052043
0.0301760347625305
0.0330957139858746
0.0338579935011255
0.038781826874204
0.030337775211012
0.0306820022127257
0.0257452673517776
0.0374164460067532
0.0321578235891711
0.0386120471442417
0.0330567935623015
0.027091898502509
0.0247826400261229
0.0356164777021383
0.0300810171122796
0.0373455612952661
0.0288429798684545
0.0259195083309607
0.0261733805463316
0.0323281919582799
0.0306421969438656
0.0353285594193624
0.0269986376498541
0.025494210796694
0.0255843728253968
0.0311979705660455
0.0313145614850304
0.0380048616339472
0.0257302753021286
0.0254007924381045
0.0246584231027668
0.03234950086578
0.0301053534622487
0.0361266433367069
