0.0227300795722063
0.0319553223793753
0.0217960434846989
0.0278694914434864
0.0365653769215298
0.0320012072700092
0.032761628520793
0.0218156976524717
0.023439464975622
0.0370660279586152
0.0282167275088202
0.0443033967911414
0.0225140210055466
0.0237678006078262
0.0261384556323343
0.028778567385881
0.0305716140210676
0.0351658416365688
0.0243378092227902
0.0260810647373788
0.02344240203599
0.0311183408184596
0.0284008463075738
0.0331022089292989
0.0273259694542262
0.0236533336124445
0.0241644048860094
0.0292119235702917
0.0273066629483538
0.0321408708194414
0.0241010090733574
0.0240687853422266
0.0259696762682003
0.0276091905934969
0.0295594516577153
0.0328146307070473
0.024110712411784
0.025699133185446
0.0265343700081414
0.0294613634836409
0.0312749594723424
0.0341714811703119
0.0263251038032417
0.0256829974949036
0.0257493015171676
0.031233638408269
0.0308019697215906
0.0364852854319714
0.0137386998504692
0.0154395400326347
0.0113792980744891
0.0163315858612393
0.0191949412895667
0.0195177654914841
0.0162394628342414
0.0116356582081361
0.0134732740771986
0.0197757350651021
0.0141935217915745
0.0212660521447985
0.0113721305673568
0.0148296936595075
0.0140389028192219
0.0146291828931373
0.0182841732399396
0.0189785847246853
0.0152907353221885
0.0145285702286082
0.0133131192612791
0.0190094684563491
0.0156045259571807
0.0197765939016499
0.015650833647762
0.0140020883209593
0.0118311961397211
0.0170441937063993
0.015189677652154
0.0184881010027803
0.0141385438411616
0.0124323876015661
0.012957062084701
0.0154778983902168
0.0157803546051305
0.0190126693467938
0.0123972272310073
0.0123088456901677
0.0142652725488703
0.0157821861572654
0.0158674927841572
0.0204798536895317
0.0129619048306932
0.0140100450539627
0.0133435620972852
0.0160413273992029
0.0167474874404103
0.0187988753666463
