0.0201951873251324
0.0303089861043995
0.0223331766894321
0.0248897083788078
0.0349889820177523
0.0291180869893175
0.0313942447344156
0.0223133186523077
0.0247979086525564
0.0355210346842331
0.0284037952705296
0.0405859170546297
0.0229533419351765
0.0243833529110732
0.0276871281900093
0.028244797960734
0.03147174148812
0.0352615856291407
0.0246310837057464
0.0272651522602914
0.025552692719587
0.0314103693268473
0.0301085294276052
0.0336827268366711
0.0273971383204276
0.024822425301542
0.0232950209853937
0.029900423438799
0.0282921997957283
0.0333074149661854
0.0251849740983441
0.0230646155061087
0.0238063425931285
0.0282479889226553
0.0284571179226736
0.0335464282742466
0.0237927468098894
0.0236690174209741
0.0233358994872185
0.0284723697065328
0.0289521726700617
0.0332446202692745
0.0248450441781916
0.0234126690370201
0.0245294160600568
0.0295591893661756
0.0292514103891814
0.0355505227951141
0.0151634295859418
0.0181203962237397
0.0163345728928179
0.0189879829829895
0.0200847502248278
0.0219152238571264
0.0177396051226011
0.016340388812408
0.0170596357960828
0.0194857924313515
0.0203404631925661
0.0231491898028667
0.0165690255973012
0.0170488867223302
0.0200403636567117
0.0203124626560282
0.022822221623614
0.0248733048296352
0.0174074957015834
0.0203461752166827
0.0176828591502543
0.0232194941765333
0.0222816020206797
0.0251018882976897
0.0201559701910361
0.0174529782732033
0.0149470103206416
0.0224315469512546
0.018504209771911
0.0235172469715983
0.0181263982005968
0.0158960465541001
0.0164454121600805
0.02011224058737
0.0198960923617214
0.0241224959537774
0.0161461425861994
0.0165238928403802
0.0172024756216766
0.019456895237691
0.0211239020365133
0.0239178363245172
0.0174792323933623
0.0172902048579119
0.0177814542301167
0.0211208923783389
0.0213131971273171
0.0257429557422486
