0.0211906617501956
0.0310271850063863
0.0220837288381277
0.0269811160123956
0.0343167377010483
0.0304449964932882
0.0319203657182935
0.0221916902473252
0.0240015133436847
0.0351187289742404
0.0281686083380382
0.0413354588840269
0.0226737234859243
0.0240058816924297
0.0266735866165266
0.02864832258016
0.0312827941446729
0.0358313546396509
0.0241587885462979
0.0261684270226585
0.0238335157963351
0.0306985043665691
0.0287318845498048
0.0327975409279947
0.0263499768527179
0.0233677057801854
0.0225498147468349
0.0283883204655491
0.0274757715363057
0.0320562336595336
0.0233858449077551
0.022413829723163
0.0224471400939253
0.0274283168398478
0.0270860192746385
0.0323742835698113
0.0231587007760455
0.0228914806352252
0.0216418837041362
0.0274826799109501
0.0271641906231565
0.0313383062174273
0.0233389966490424
0.0216237083630403
0.0218690688234192
0.0277767101435153
0.0268323303676522
0.0326039259913753
0.0143635661430427
0.0167019610935543
0.0145631333221669
0.0190200503385968
0.0188160680249618
0.0216116858700698
0.0165923981484179
0.0150891356964655
0.0157064947370342
0.0189751241533193
0.0192055633712572
0.0218627121759252
0.0152853501642461
0.0157467044102466
0.0177473622696497
0.0191759292039544
0.020563992456987
0.023307354542069
0.0159216529736761
0.0172864264870936
0.0155621161809663
0.0201750913393252
0.0192967460954879
0.0223577787560337
0.0176853325881949
0.0159754282694976
0.0150157264369637
0.0199200010563922
0.0187467103367155
0.0221332902131856
0.0168055548967202
0.0157809431758966
0.0149500635522796
0.0197968045166214
0.0190837719715045
0.0233031363597958
0.0159331914908061
0.0153604421637974
0.0149436780792101
0.0188041298105761
0.0192339062570681
0.023272104713097
0.0161858516163257
0.0150752768795227
0.0154237474338137
0.0201287883697628
0.0188136435424601
0.0241412808703123
