0.0250550163781516
0.0187936064003222
0.0198940400310329
0.0286781774273784
0.0236945266658431
0.0333679293861105
0.0189069447105097
0.0197253467936365
0.0215475739701153
0.0236733097639213
0.0251022131821161
0.0287565141098712
0.0198685264992002
0.0213916384125092
0.0194039670331605
0.0250234103833831
0.0237804881370041
0.0272570033021536
0.0214903735256998
0.019281077115419
0.0186250962986387
0.0236718403028565
0.0224121874185605
0.0266288324411078
0.0193939312383093
0.0185255159472277
0.020083049880989
0.0223193660599168
0.0234150759970465
0.0272207648338223
0.018340598238545
0.0196143780387394
0.0197455681281643
0.0228644884500827
0.0244310791761135
0.0276123695031885
0.0195380907573806
0.0193731946709312
0.0200906314759713
0.0241168614805641
0.0242407234305107
0.0290561710778882
0.0138797199559899
0.0134510475430097
0.0130221777185514
0.0166736599205884
0.0166348844830402
0.0193931209196019
0.0136792211104842
0.0129685341474241
0.0142510811747078
0.0167363621999001
0.0170293609880842
0.0205105706698249
0.0130797297981465
0.014323894300806
0.0133148288502377
0.0170489224295743
0.0167818343547714
0.0192954297132462
0.0144712613658739
0.0134706411858675
0.011596389667829
0.0167407475326306
0.0147627993203782
0.0178087137338027
0.013372546051696
0.0118242239288958
0.0133615283212052
0.0148048432182107
0.0155569073718216
0.0184837865126245
0.0118800182282441
0.0131640256605145
0.0141050734640474
0.0152878003741837
0.0173371417856599
0.019685567334999
0.0133136867510078
0.0139515342824333
0.0139518920033609
0.0171091511372234
0.0168179181827329
0.0201759916911283
