0.0199125235682359
0.0285665979711287
0.0192482771748985
0.0237029137922541
0.0322678817999558
0.0270209205065973
0.029084426944027
0.0192766686471259
0.0192087201395782
0.032738382924509
0.0235838827790971
0.0357418303445546
0.019895690733748
0.0196992881484037
0.0206386687871817
0.0241625622214447
0.0246167316171067
0.0290163872724653
0.0209164067373191
0.0212709811188173
0.0195328683042984
0.0256234167669555
0.0234278313032575
0.027409372029101
0.0224459958720983
0.0202331270029852
0.0190529183348344
0.0245184984239559
0.0234987028958374
0.0274223968416156
0.0212106402873988
0.0195624194737477
0.0192567030659837
0.0242061167349491
0.0235058775516812
0.0281965815436361
0.0200919496771157
0.0192702970767935
0.0194493037810682
0.0238239930584775
0.0233031935637577
0.0279493571810325
0.0201700566885583
0.0196750693026071
0.019594467099882
0.0240163988033035
0.024463819859019
0.028984735621165
0.0142583981132495
0.0142460401622657
0.0125617684891306
0.0171832066087776
0.0158961104124203
0.0194232076719863
0.0144439148866409
0.0127382628311844
0.0134697977626578
0.0160405540746094
0.0154844805392277
0.017944509753158
0.0134235605133292
0.0138952390040931
0.0140394002117432
0.0159597365425479
0.0172369698764869
0.0189515789626949
0.0146921844602431
0.0144478970021452
0.013379709559582
0.0182502536395531
0.0160922410456086
0.0203272464966808
0.0150562763296066
0.0137364044952696
0.0117090447868578
0.0167835134699381
0.0153426267766266
0.0183922055359287
0.0142718563199268
0.011872930047338
0.011925388829003
0.0155762570777615
0.0144554772733772
0.0179457377500072
0.0122544621749739
0.0119375122727034
0.0125887686702568
0.0145972059548016
0.0147125701592951
0.0179370596749827
0.0123615964036263
0.0129920103357193
0.0127555988360569
0.0154970462816681
0.0167342849333689
0.0188147240684309
