0.0241251668790612
0.0353054058574189
0.0227040838010612
0.0295698719288132
0.0404310764588543
0.033933669899638
0.0369586511492712
0.0224743173667413
0.0234052548420477
0.042269052136294
0.0286490701813443
0.0505452993228442
0.0233174720435234
0.0234818874368558
0.0261315456039715
0.0289368828655206
0.0311613769563944
0.0364207855665991
0.0235408013869931
0.0259467695752828
0.0241268527840242
0.0309090744241942
0.0287820145019724
0.033544115944031
0.0278282853060458
0.0253589522491259
0.0231382299800392
0.0308819340300422
0.0285800852846604
0.0332596595498479
0.0264159311723942
0.0240927841872627
0.026370081558864
0.0294112175563145
0.0296839025333493
0.0342667291463628
0.0237160150923373
0.0246661435014449
0.0255825961104593
0.0286413472590695
0.0310383802766602
0.0345405724914735
0.0253012063762999
0.0245632178771978
0.027759569176453
0.0302891995772653
0.0315932979673965
0.0374198384419649
0.0102440553763773
0.0111694779727604
0.00982261064475074
0.0117779227966557
0.0139564333136189
0.0149865178415081
0.0108458818470259
0.0100603717432402
0.00832442934832489
0.014704337822483
0.0112211522788823
0.0167834793664978
0.0101270287045755
0.00873480231224485
0.00999526784690528
0.011173441540121
0.0120644132419225
0.0135860998023504
0.00980845660570394
0.0111603903733868
0.00913699737231384
0.0131064990987134
0.0127982977192717
0.0143452674944874
0.0122493205068501
0.00964626461364172
0.00639124442359013
0.0139003397377922
0.00885150094751976
0.0110810875719492
0.010985726885892
0.00752481530023507
0.00845151111244874
0.0101582733027348
0.0104538031302852
0.012827832893449
0.00753944178337743
0.00840043277523013
0.0111050726131482
0.0100352978589333
0.0125704490155695
0.0134827092385705
0.00832088556149458
0.0112823192325385
0.0135974766946094
0.0119401177667297
0.0168043502309161
0.0165469495202475
