0.0730361147663581
0.0732441348133731
0.0726348054309504
0.0892786869265405
0.0895023022761842
0.105588527135763
0.0732441348133731
0.0726348054309504
0.0730286359252691
0.0895023022761842
0.0880315940374014
0.10333329160163
0.0726348054309504
0.0730286359252691
0.0697347379026878
0.0880315940374014
0.0863371698741452
0.100951613176641
0.0730286359252691
0.0697347379026878
0.0656027819682456
0.0863371698741452
0.0836570014211352
0.0986257734309385
0.0697347379026878
0.0656027819682456
0.0620618635555331
0.0836570014211352
0.0778661870227367
0.0961075738948843
0.0656027819682456
0.0620618635555331
0.0572583875517215
0.0778661870227367
0.0734228954432503
0.0886072687453574
0.0620618635555331
0.0572583875517215
0.0566626474048808
0.0734228954432503
0.0710389505167033
0.0861040054947405
0.0572583875517215
0.0566626474048808
0.0570406951609744
0.0710389505167033
0.0718157682148278
0.0853486040997567
0.0568555959192087
0.0574203616943259
0.0544715490024257
0.0686735286009126
0.0673669707391925
0.078919379057836
0.0574203616943259
0.0544715490024257
0.0568147579919328
0.0673669707391925
0.0667275319362827
0.079592581670991
0.0544715490024257
0.0568147579919328
0.0553310942514209
0.0667275319362827
0.0677848693102913
0.0780870517152542
0.0568147579919328
0.0553310942514209
0.0516639298171375
0.0677848693102913
0.0657968747474317
0.0783517677273524
0.0553310942514209
0.0516639298171375
0.0494283547837312
0.0657968747474317
0.0614864636333054
0.0769894016196428
0.0516639298171375
0.0494283547837312
0.0425210077601397
0.0614864636333054
0.0554144696273497
0.0666240317781243
0.0494283547837312
0.0425210077601397
0.044516669666044
0.0554144696273497
0.0548323861095071
0.0666153269062181
0.0425210077601397
0.044516669666044
0.0437541992354159
0.0548323861095071
0.0556597121826728
0.0652735576985705
