0.0144893759255978
0.0144387081560251
0.0083115629059557
0.00887542933058212
0.00866711750468101
0.00962805057807514
0.00996481080650041
0.00918650077920235
0.00880058915201926
0.00942194051757918
0.0122505188507809
0.0191638944824524
0.0135079115208024
0.0133912874242622
0.0147163041179382
0.0156435856193358
0.0136677252281392
0.0139213928199366
0.014103671631085
0.0155330957057059
0.022550260853494
0.0170493780865767
0.0181353133018777
0.0198585432189088
0.0177979312425432
0.0169889138811426
0.0184325259761553
0.0191933742308609
0.0252954255393119
0.0212042073139617
0.0228897115973696
0.021704252838295
0.0205355102952009
0.0215738090412626
0.0220883301704117
0.0291930465512037
0.0256960144101735
0.0245680151020693
0.0241740097319118
0.0252473489121106
0.0257201483282246
0.0335645912286039
0.0272457576918225
0.026981435483502
0.0286944084180688
0.0298960119855473
0.0342394031454268
0.0295579084020129
0.0313295102726796
0.0313109885518694
0.035641082466587
0.0338295723366429
0.0332493661706603
0.039109196344294
0.037409643520604
0.0152154840543581
0.00851433882386032
0.00894954470556359
0.00875037905590136
0.00967904942206474
0.0100276988789395
0.00919285083523988
0.00866374693839858
0.00909746287544852
0.00934783349375952
0.0201506558777076
0.0137696054125744
0.0135072691313692
0.0149140570338576
0.0156092868454439
0.0136095833000964
0.0138185920716264
0.0136701000874144
0.0140954250297851
0.0235839834506709
0.0173689877637774
0.0183419628619758
0.0198931312455737
0.0175982199223891
0.0167837021830763
0.0179739353344309
0.0181801159002585
0.0263864307708356
0.02160645622143
0.0229372263624294
0.0215727688273389
0.0201713885271646
0.0209945010417254
0.0225520947718126
0.0303756370467064
0.0259455397263993
0.0244776937784042
0.0238780241907419
0.0244385495912418
0.0255571937743048
0.0346696190301008
0.0273297447141823
0.0266909837982454
0.0279139826514855
0.0288585679229759
0.0351476977077592
0.0294428300278515
0.0305517271222798
0.0323869314248315
0.0363492887461261
0.0332795578873224
0.0351490284194251
0.0394603929114952
0.0380274775400734
0.0434564503086416
0.00891643430281748
0.00914340846837402
0.00882589233693777
0.00974468290393333
0.0100018271900605
0.00924894383918701
0.00857729297953328
0.0089718765567365
0.00909192590605038
0.00974402222943816
0.0142958281082686
0.013695645689057
0.0149421199453481
0.0155924807548107
0.0135138187918727
0.0137243050598561
0.0134247873082619
0.0136573083569478
0.0141878406592167
0.0179864262129231
0.0184967188235675
0.0198768013842283
0.0174721348031864
0.0166431359363915
0.0177371742284162
0.0176199171348596
0.0182792661440273
0.022220123737275
0.0230568535932011
0.0214532249780587
0.0201138357496108
0.0206467152512504
0.0219301578452363
0.0221089263243574
0.0264340783321014
0.0244777826241246
0.0237916139895653
0.0241829409145738
0.0247963069777241
0.0265770684001633
0.0277779195285905
0.0267332680990595
0.0276851176253411
0.0282607247215086
0.0293366885146222
0.0299562857605315
0.0305209548545585
0.0318860699048247
0.0327348606471782
0.033678807481881
0.0347805162121257
0.0364562041932684
0.0380587315780208
0.0394060571803148
0.0425583205012733
0.00512438507500944
0.00527622562866277
0.00569484603004132
0.00573919941301522
0.00487549281861829
0.0055334748598344
0.00581458502280487
0.00555957008618406
0.00521755746968878
0.00553902463385481
0.00896622225547015
0.00943294057420076
0.0100248368441611
0.00894969403833474
0.0094376986976986
0.0100548687868095
0.00886489004427361
0.00836578642533321
0.00892128800836393
0.0120058728149703
0.0129957585048947
0.012413249362627
0.0122033991693413
0.0131215105802895
0.0122895501009948
0.0100620955654489
0.01158451822011
0.0156952975481994
0.0149886499483482
0.0151532552274152
0.0158140763110646
0.0150001380816633
0.0128931720870975
0.0135338387392736
0.0178467591217717
0.0173946317345592
0.0182408009459966
0.0175118577664852
0.0152740061983202
0.0159748910865786
0.0202895492293372
0.0212167581436908
0.0200757919382574
0.0176600472550157
0.0181965882587262
0.0234393430009968
0.0225000413727581
0.0198501118511937
0.0208013942189314
0.0249202629095857
0.0219776251190841
0.0230067606936528
0.0243087595662439
0.02523669188483
0.0273626863100664
0.00548909284585334
0.0056822898695833
0.00582828144293849
0.00500294743587731
0.00565332984907606
0.00580473793084996
0.00581525711293267
0.00520220441445217
0.00534330001445287
0.00607801386193454
0.00907039580290278
0.0102795609618126
0.00892286462424614
0.0097054984284229
0.0101259252811708
0.00906712821503471
0.00845316807595925
0.00876436070961129
0.00942237921501027
0.013173561462871
0.0126843765977916
0.0122826288827497
0.0133232636919344
0.012404331412409
0.0101572797994894
0.0114289155707079
0.012229298582716
0.0150489260116832
0.015692716209868
0.0160063828052676
0.0152322650858462
0.0128938264481556
0.0132907007674885
0.0146305982730331
0.0178997718490475
0.0188450802647148
0.0176460138804266
0.0154057788573449
0.0156937794913192
0.0165551842061894
0.0216766509119225
0.0206921598826065
0.0177767564195708
0.0179250364028956
0.0191638594619044
0.0229041188750089
0.0204714212804404
0.0204659119369455
0.0209328633037814
0.0223101440198736
0.0230746591683117
0.0233452490247198
0.0253221999930045
0.0261892110274871
0.0278547303587409
0.0059118761986721
0.0060651981621069
0.00519986170721283
0.00578624828182398
0.00586123105861563
0.00574700689320913
0.00538681456200947
0.00545256606328448
0.00599589119163201
0.00603255162544261
0.0104910485495958
0.00917919165775966
0.0100526497284277
0.0101976758854633
0.00897928849358688
0.00858055970907972
0.00886527049613684
0.00927816736829916
0.00903360186087553
0.0129207115005867
0.0126515102932771
0.0136313778975492
0.0122660333690888
0.0102742410821451
0.0115373523790876
0.0120812397132038
0.0118727943117154
0.016044134340598
0.0163115206893879
0.0155105013548634
0.0129224779764751
0.0134075866102289
0.0145137876314801
0.0143589373217543
0.0192053815188562
0.0178604624598214
0.0159430607227606
0.015741203199386
0.0163439815187168
0.0166499243854228
0.0209041206966153
0.0181757542090925
0.0185137901870081
0.0190193539996767
0.0180823171840214
0.0209305236594889
0.0209628296695072
0.021581210387674
0.0201901725234723
0.0236254389784857
0.0237535488136313
0.0227621864270861
0.0266230253985525
0.024917613898171
0.027695761988541
