0.0134720388079179
0.0186915335793146
0.0154005217109618
0.0169125445446242
0.0217644749525702
0.0197570738462571
0.0196266084734645
0.015405807344013
0.0163522976240359
0.0225692949869008
0.0192754396468827
0.0264420782585569
0.0156033891718746
0.0164291711555877
0.0189734070231534
0.0193910233617449
0.0215144745901158
0.0243976501335307
0.0167328358231017
0.0188600519364388
0.0169170166520074
0.0216025110996769
0.0206901491188506
0.0233650607173086
0.0190496027241024
0.0168960319531194
0.0170120214778327
0.0207647363065782
0.0196637528589405
0.0233336590292834
0.0170709962406705
0.0169009584324057
0.0179270158764717
0.0197460695710391
0.0210252786411151
0.0237992444128965
0.0172599974117839
0.0178046440811885
0.0173471710785363
0.0210211753721419
0.02160169425922
0.0247956188985669
0.0181453116510797
0.0172193847186879
0.0180582191401644
0.0216728860089839
0.0212643620750617
0.0259561177030162
0.00902697209041074
0.00988816175940919
0.00828756990890921
0.0114253028055994
0.0105505316160411
0.0123344932070925
0.00874614513486625
0.00849380047482497
0.00989277008090719
0.00953452710753886
0.0115266654239635
0.0116663594881342
0.00878416392231814
0.0104654285911234
0.0124533399093833
0.0118569115825959
0.0142813001995233
0.0157421036312066
0.0111247168134608
0.0127744126463725
0.0113082674605321
0.0152637116521763
0.0140851713781364
0.0168970250273473
0.0126231798852426
0.0118812645715829
0.00984511952579381
0.0145121822624578
0.0117667259425913
0.0146256933496544
0.0115789771931403
0.0103759434063508
0.0114000702564003
0.0122072886673342
0.0143420181201215
0.0160693269187818
0.0102315813554302
0.0113745442356882
0.0114775854218558
0.0139939915470189
0.0140205746330495
0.0169059003926858
0.011120138074341
0.0114664038166589
0.0121412484229694
0.0136993645150265
0.0144262142489567
0.0169927347225461
