0.0133887684068325
0.0178713292441883
0.016774410380852
0.017275435410866
0.0204534734874143
0.0204132311568737
0.0179388839043891
0.0152945413319619
0.0160130473012544
0.0190177303076943
0.0202311517680697
0.023762027146582
0.0154351445943402
0.0172489076987313
0.0228912662449804
0.0212596931645748
0.0240543225055298
0.0271017138620925
0.0169378074096761
0.0219318510890082
0.0210383249817621
0.0232696473892197
0.024679536533771
0.0265349519332662
0.0225767007809461
0.0220576410254803
0.0221905956230618
0.0257803346953951
0.0239196712972593
0.0282312828249109
0.0191765367819012
0.0208131458436154
0.0209962138739427
0.0227442911736536
0.0238437804949353
0.0255670110562686
0.0216469882920314
0.0193238067962454
0.0186920107346617
0.0228139900067717
0.0244502099753432
0.0264856614986313
0.0183998565049918
0.018547498562981
0.0196038703661785
0.0229356097087653
0.0234639030137155
0.0279116663728504
0.0081450295035359
0.0133746331563495
0.00671817214734992
0.0161613473684268
0.00608512029693056
0.0129653336780614
0.0138487574063788
0.00719226398243055
0.00760770119727744
0.00623383383685914
0.0106365426102009
0.0113308856609915
0.00688971486761751
0.0105368187455202
0.0130666501558444
0.0126721790156797
0.017464058388728
0.0187305217257906
0.0120764543411702
0.0146175848451669
0.0151039726842185
0.0201619399624606
0.0218582110153616
0.0268796911985209
0.0139515886533774
0.0140710517073467
0.0131342093929068
0.0221790288422046
0.0129808277551603
0.0210576284064229
0.013936929077211
0.0138312128620971
0.0117575665520863
0.0136987077646057
0.015286096846801
0.0162117908883837
0.0149315267474293
0.0106834177561082
0.0156277622101586
0.0142787994743883
0.016984100049225
0.0198041445435624
0.00887983374502683
0.0143146403417024
0.0159010043633639
0.0145181448393654
0.0169432835312976
0.0195133555232013
