0.0160300924179865
0.0228177601424141
0.0153551495120214
0.0189464732083875
0.0254721716528274
0.0214330446492646
0.0238107752845574
0.0159465193235122
0.017438109282689
0.0265069677328917
0.0205748412008827
0.0306934580951333
0.0169927952651945
0.0180716617572089
0.0195992789893931
0.0215427548752052
0.0231934768851118
0.026291430965185
0.0193135418980616
0.0203307592475016
0.0211091048282602
0.0244951123048898
0.0242986296075743
0.0284488891141883
0.0218092013287446
0.0217951139234445
0.0254476830140432
0.0255845546193051
0.029630567228327
0.033262799006504
0.0231669150178159
0.0268046740730689
0.0279222791705812
0.0312843589875462
0.0325108725619265
0.0369626421432937
0.0275102894708742
0.0283823090138263
0.0285393461415123
0.0330638112111335
0.0352876098872665
0.0394023951989983
0.029027690101729
0.0281763642586944
0.025187039289375
0.0354846692000427
0.0326297787733914
0.039827236169546
0.011890395741972
0.0109194452780118
0.00954305088249815
0.013906967926225
0.0112723068313869
0.014951939284224
0.0113006937494653
0.0103193530905749
0.0117661678010906
0.0118225199880874
0.0139453576039701
0.0147699562795712
0.0104327346885971
0.0117762628159111
0.0128946473135121
0.0136814644196706
0.0140810800828802
0.0160616935778198
0.0123310273164253
0.0134518041703323
0.0112101556763293
0.0146619834428244
0.0141919235561406
0.0169348580446745
0.0141706685504363
0.0114771362729593
0.011436872063058
0.0147895006162445
0.0151429747091717
0.0182371308825869
0.0122271318827861
0.0119707077890581
0.0136302370908452
0.0157015307142783
0.0152173795377335
0.0195168143444579
0.0122327502214104
0.0134677158527776
0.0137819953639566
0.0152935585966249
0.0167888334628909
0.0187516796296381
0.0138831525017909
0.0135795844477921
0.0103405150751767
0.0171073330993323
0.0138948145313976
0.0175292036296959
