0.0196443349319852
0.0300270078741965
0.0214852790634631
0.0261038161127412
0.0329604251572011
0.028606698098035
0.030802259381532
0.0213483700458424
0.021575833454248
0.033575565334449
0.0261832226343105
0.0381178843154378
0.0216172484834226
0.0214764506784554
0.0231883739390982
0.0261300312572505
0.0269177256036584
0.0311984696927947
0.0225421360772515
0.0232997918309881
0.021030019064144
0.0277479759905257
0.0258278060712934
0.0299473066694221
0.0239916409685413
0.0213818911164948
0.0199343505386054
0.0262526948794427
0.0244051032218253
0.0286406082065278
0.0220411479972047
0.0204013303174023
0.0206049755160723
0.0251603751441599
0.0252790700366779
0.0300932390442164
0.0209236369363081
0.0204343538757302
0.0202511790133918
0.025392986687793
0.0245943608507939
0.0299149290270522
0.0211951027586914
0.0202798864695783
0.0204839443881883
0.0248677350795641
0.0248420062726059
0.0296039401565986
0.0149756666811285
0.0156425722120979
0.0140734814305322
0.0192627974601914
0.0172954612040692
0.0212442881949917
0.0157965939521077
0.0145579259079967
0.0145656874056333
0.0174777825875202
0.0177682514915516
0.020354327419659
0.0140545974261729
0.0152381403128842
0.0163405175386722
0.0176165418604464
0.0186541155771177
0.0217790805196233
0.0152567729588776
0.0163622983609487
0.014278377317189
0.0188333898588379
0.0183611756838426
0.0204274765895647
0.0170300246980951
0.0147659456653597
0.0127304469935478
0.0192001088116686
0.0171077110851471
0.0204994727625973
0.0150847981835547
0.0136920464453878
0.0132324929138254
0.0181659667154145
0.0164917509995398
0.020477264152213
0.0137053096269421
0.0133402827396583
0.0136836281030228
0.0163065757931075
0.0168498360265525
0.0200127358505505
0.0139196571490102
0.0139121445381509
0.0135565046593859
0.0168012838981116
0.0173098380832229
0.0204453081816049
