0.0274652624364612
0.0375595818345845
0.02994055617877
0.033839791775722
0.0431318655605151
0.0395752505636976
0.0394107304064007
0.0291593715693076
0.0298423929969975
0.0448131964754197
0.0349740593439891
0.0498753772975986
0.0296214114939782
0.0295658139699154
0.0318898982279883
0.0351462376179742
0.0363795442977084
0.0416138528223152
0.0299684705909583
0.031094063636655
0.0280834172336023
0.0361094436554231
0.034170273371528
0.0389437872169908
0.0316678203142107
0.0280483925730789
0.0267186243357811
0.0340168596666645
0.0322750377802746
0.0372572511578996
0.0287797056452206
0.0265854518115277
0.0275452099794919
0.0329973288089783
0.0326070193433273
0.0385131939986253
0.0274076320352667
0.0277114185868377
0.0276445478722226
0.0329804261256501
0.0337846655643655
0.038826319372254
0.0280870381536282
0.0271056544916692
0.0278705325607154
0.0336083948553194
0.0339839708379727
0.040318981369696
0.0217724712459025
0.0230043604111294
0.0213955038374459
0.0267320213327837
0.0237587308628339
0.0296829506793333
0.0245250785774157
0.0214516410898953
0.0210367130610699
0.025719666325817
0.0250519355270031
0.0274456328387636
0.0229616454720325
0.0214588974280721
0.0225995965883617
0.0262737395723031
0.0258282162048747
0.0300138256673997
0.0216313214547796
0.0227026205778607
0.0209039700299374
0.0266638036306824
0.0253566861209703
0.02917582679661
0.0241690833621537
0.0211588553656596
0.0173660573955203
0.026467987001295
0.02309482756733
0.0272474243065388
0.0211762836972078
0.0183698417989183
0.0192516058379856
0.0243182686893581
0.0228221513151854
0.0269479092276193
0.0191634784935965
0.0191016646445732
0.0211468719100407
0.0225805668947968
0.0246879185234621
0.0280924268856819
0.0194078163367045
0.0204324061403984
0.0201559160519403
0.0243264878124098
0.0248075361845482
0.0288805633528127
