0.0286102863146798
0.041017953558462
0.0303114274573642
0.0346951243887666
0.0474569555265017
0.0400335137744194
0.0443063134811523
0.0309245143175755
0.0313149958266242
0.0507271962551946
0.0367154223417413
0.0558761357148715
0.0322008224721151
0.0316449338556372
0.033267597715091
0.0377828990082784
0.0387480234389815
0.0442119308605617
0.033418912537453
0.0337901732815814
0.0309234179101977
0.0401727110109486
0.0371151009022249
0.0429192896931611
0.0359433868393899
0.0320231725572453
0.0296324046680254
0.0391512132964918
0.0366513353207049
0.0431749407463658
0.0344766404171258
0.0309998150018243
0.0314713133104522
0.0390966019882132
0.037871248110025
0.0459791456466903
0.0321984970040204
0.0313303237718142
0.0309779479986506
0.0385804333834723
0.0386561532549738
0.0452781292735204
0.0326599503889376
0.0310028947688249
0.0304747153488572
0.0398702254534125
0.0377421460180965
0.0463535392319162
0.0229507370833312
0.0262091812732776
0.0235882958333058
0.0283312716745134
0.0296062370314169
0.0316205271229417
0.0285257873780226
0.024355532267781
0.0238253059593534
0.032375234858392
0.0281453575341126
0.0345376314016545
0.0255764998978365
0.024359702003397
0.0255045321317753
0.0294215209166936
0.029885989205176
0.034090904476189
0.0257557351467892
0.0262626894537104
0.0240831674384653
0.0311288782662201
0.0291325027258741
0.0339125723417663
0.0284174435057337
0.02527783449458
0.021543600025685
0.0313556019324727
0.0280986213464714
0.0340814056210297
0.0276598705765921
0.0234616451560694
0.0239688171908049
0.0309823049657128
0.0287869449291321
0.0365983713369693
0.024194210188776
0.0242035298516964
0.0242999400751366
0.0293191816969748
0.0298899686296174
0.0352805255162599
0.0254355500882299
0.024526972637665
0.0233530651330389
0.0314586335746849
0.0294485952468092
0.0363940121021296
