0.0248783761282314
0.0439295236771862
0.0265928447842694
0.0314863759792001
0.0500909171131789
0.0367329256405156
0.0452219755734474
0.0261232908963605
0.0259658131776006
0.0505990713737927
0.0320709652107048
0.0595789159149389
0.0266991414891893
0.0260092140376624
0.0280857659898207
0.0328855578739474
0.0342557016500272
0.0415588276264139
0.0266991021134541
0.0280011895227338
0.0261003531385717
0.0344759134637358
0.0319303472974662
0.0382281602805342
0.0283304906676287
0.0260611909843282
0.0235267261069413
0.0322733658808487
0.0294254384496611
0.0349307034332968
0.0260408738451953
0.0234259298685627
0.0245997589208311
0.029056686844233
0.029071143824853
0.0350122036426657
0.0237774039148531
0.0240867929581628
0.0248212841235083
0.0293136582214057
0.0299609626583713
0.0353986219636081
0.0247322547428262
0.0241061038006984
0.0254354685986523
0.0301472372181671
0.030592642196504
0.0364463571696624
0.0114405264319598
0.0128358969930827
0.00880286112498303
0.0136023555298662
0.0145590418487704
0.0150512474263807
0.011330480852125
0.00960138776420764
0.0109146390344245
0.0148172619066706
0.0124622583412036
0.017772354356952
0.00960163860456579
0.0118050081296243
0.011752851966363
0.012789114649542
0.0141447577010651
0.0152419216358672
0.01240261604901
0.0123799365904502
0.00896358496414472
0.0142003110605997
0.0149444638995254
0.0170301356358357
0.0133676182070446
0.010077831936587
0.00662391821305467
0.0169808104012267
0.00999268515052848
0.0149879784138577
0.01029058770158
0.0077899555951276
0.0111957727596201
0.0105918731898387
0.0112627343427332
0.0145318934873317
0.00758847146458716
0.0110190345001804
0.0108032306422587
0.0107326297349237
0.0144704253356535
0.014536778145182
0.00985557419576536
0.0108274969738237
0.0109124653829851
0.0133479212971235
0.0147413207561998
0.0155163971844407
