0.0292603766443539
0.0420842102704948
0.0326186954856558
0.0359465020087785
0.0491642958616764
0.0418414297910634
0.045162873619771
0.0320676510272748
0.0340396158278966
0.0514071645641096
0.0398202132661621
0.058129035040902
0.0323346029010838
0.0335582832600406
0.0349862276027693
0.0400011734136174
0.0409966580081562
0.0459007230895737
0.0333146361196733
0.0338980355675623
0.0304098421592487
0.0399186046639896
0.0372568959471747
0.0419716389613083
0.0345059105363101
0.0298816923466976
0.0290463232615978
0.037448867926713
0.0346004804867973
0.041443238370515
0.0315547042904583
0.0294867996710862
0.0303038690170993
0.0357357209909546
0.0352328353656105
0.041565087285151
0.0296609152135196
0.0300532227950666
0.029791257857718
0.0353157151713027
0.0369781398559012
0.0413372473771359
0.0302541428465082
0.0290581162011561
0.0287857115625507
0.0365436980333184
0.0357967298576535
0.0429886468360084
0.0225123333969712
0.0254236260011481
0.0222784996171585
0.0279302464065202
0.0275567126167027
0.0309039685390227
0.0283769287758708
0.0229726031672628
0.0237983130160733
0.0305926555408253
0.0285772273938249
0.0337702921589914
0.0241002973079245
0.0244238003268854
0.0245946319899855
0.0293537764937227
0.0305489886132389
0.0333062399500463
0.0253755581242674
0.0245210043251911
0.022753985998819
0.0304307103921664
0.0287652384954813
0.0328891029142483
0.0253332047908395
0.0234736467811667
0.0192916157396255
0.030103733709568
0.0247912195235242
0.0314009188105722
0.0252706531400444
0.0209994198187001
0.0209020287600888
0.0265755674595343
0.0245390327488188
0.0309359156949291
0.0210218969690562
0.0208988729935556
0.021987940166558
0.0249414441777813
0.0258078885967626
0.0297057605730149
0.0213689599415903
0.0215925564866907
0.0206855974934268
0.0260650470971139
0.0264387264855465
0.0307589554657125
