0.0141682698514172
0.0201676131816809
0.0169893848042774
0.0185354081753372
0.0233370244274099
0.0216275360917956
0.0216052392026717
0.0170801652352258
0.0195194102510585
0.0241391860455199
0.0230977491750454
0.0296557559114676
0.0175866202247975
0.0191941532982565
0.0207894192619088
0.0230662929399041
0.0241623736980071
0.0276015706024997
0.020117165453738
0.0212051336735867
0.0182531556683764
0.0248071678726138
0.0225759492165324
0.0257856410292253
0.0220683525438355
0.0186099090178442
0.0180227285091046
0.0235527680531962
0.0213683431880407
0.025793119375095
0.0192068350870707
0.0178098916997102
0.0199567747332558
0.0218314383997997
0.0227719606492934
0.0265615036206486
0.0186219051456
0.0191053917280954
0.0194555288383109
0.0223963683765775
0.0241788020911592
0.0272264357150005
0.0203119836501615
0.0193058515184738
0.0181542778629114
0.024946729038633
0.022902191361342
0.0284598016795038
0.0107556704937238
0.0132745680289817
0.0110959541849549
0.0139904089028817
0.014326932514201
0.0162431272900684
0.0155582068926005
0.0104426813611809
0.0108235479665487
0.015187865094543
0.0157286242142875
0.022376598187038
0.0127526198918272
0.011069670890407
0.0140567010133275
0.0160803479453201
0.0168324379511536
0.023459269600456
0.0113555550532329
0.0160023338758451
0.0120999896918302
0.0169346261989864
0.0161151590526259
0.0158300605324582
0.0168328885471496
0.0138029083841344
0.0138900385825152
0.0179081280348401
0.0163956411244228
0.0185650865066191
0.0127159673169752
0.0147189002177343
0.0162917274176385
0.0174328531698191
0.0168477030814878
0.0186695132629358
0.0150253135738249
0.0150781103094086
0.0143632024818234
0.016044427900209
0.0178669040604953
0.0181310682823058
0.0163577083775638
0.0145978948083453
0.0137166288947772
0.0193355259177756
0.0175593478755861
0.0219136252058281
