0.0189937550919149
0.0277163385895614
0.0200121904199582
0.0235332166349357
0.031411331707938
0.026780518391316
0.0290390824831436
0.0198862275267539
0.0208693339814143
0.0324084509167189
0.0241667422794674
0.0364452022830295
0.0206705098228681
0.0211451863213435
0.0214669975357193
0.0250277933563722
0.0260295276954049
0.0296445824607847
0.021816120065854
0.0222178715657009
0.0198405044011325
0.0269359350632168
0.0243642337928662
0.028420742744725
0.0232942084934055
0.020780577127277
0.0190585527646794
0.0254601338983307
0.0233808439117255
0.0276434774878303
0.0218665114940731
0.0194905319103089
0.0199354921586493
0.0244241233777392
0.0240684857611543
0.0289804029136769
0.0202894921120306
0.0198652743037817
0.0197502616512298
0.0244772304526012
0.0243036883618308
0.0286460289146343
0.0201440675105986
0.019153629679177
0.0194845399433123
0.0240134433342335
0.0239782125482997
0.0286474757770705
0.0138689577852582
0.0143012452387489
0.0130445319573853
0.0167786058750456
0.0166395729693169
0.0189493939583865
0.0144132199655085
0.0132597927159407
0.0139152866996413
0.0166917839622094
0.0161698280969613
0.0187058126118884
0.0138175307903324
0.0141024756711705
0.0145992641911312
0.01668418491668
0.0177270415112093
0.0202777168788513
0.0148439336606559
0.0154169509063349
0.0136006816526154
0.0185150395266704
0.0176035287225915
0.0201253611028661
0.0162379138054437
0.0141258708287069
0.0118939735586677
0.0187163522105908
0.0155936163373353
0.0199173414271349
0.0149717167022249
0.0126190174078384
0.012391874956295
0.0168951209909307
0.0156750280931748
0.0194699097594575
0.0128061260592635
0.0126934056873895
0.0137297536553766
0.0157874375543489
0.0161960289025847
0.0190114204754398
0.0130482324392776
0.0134267067354173
0.0134253639496896
0.0160651813196881
0.0169885197141957
0.019685800591702
