0.022320817504608
0.0301816186315321
0.0219573289929226
0.0276912306978023
0.0344911434069574
0.0313638071652308
0.0313979241197872
0.0223804698677826
0.0232456023015443
0.0357050413441532
0.0283298018152346
0.041802563904767
0.0231922755869407
0.0234790520396404
0.026324660068821
0.028931585783629
0.0303563357702881
0.0354782519882715
0.0246081672578765
0.026775543378152
0.0238229865543015
0.0316748561731611
0.0291940590264184
0.0336671460893647
0.0275839824693726
0.0242995188782474
0.0242844888859213
0.0300471226025771
0.0283019495104607
0.0335813017603088
0.0252287629482853
0.024780172203002
0.0273781875768051
0.028984696648297
0.0310017225127013
0.0345467752935463
0.0248026338243276
0.026407542971766
0.0260096610961164
0.0304817002526573
0.032375168855227
0.0360675781710744
0.0265201542286596
0.0253598004845893
0.026909150130637
0.0324187261516684
0.0320360152957089
0.0385823172225948
0.0161769318579783
0.01890424101271
0.0146282133526935
0.0210788137495637
0.0213886837294025
0.0229296841690603
0.0199399265771937
0.0154500069088806
0.01531819160051
0.0224633191644359
0.0186844603725313
0.0254367991199743
0.0156210339818392
0.0159149869226777
0.0177969411890173
0.0189882977560738
0.0205276640075619
0.0229688268560083
0.0164088988131774
0.0182050249476982
0.0158780541625272
0.0219675963537971
0.0203895617834974
0.0234835162557134
0.0191116018590639
0.0167117292634901
0.0154027338626573
0.021877504598082
0.0194682887018612
0.0225944706947681
0.0169651728104872
0.0160474396023369
0.017400146097924
0.0194269253436214
0.0200180891203366
0.0224761156163639
0.0153829739517178
0.0174210714995153
0.0169578717151422
0.0196238426440597
0.021107458953084
0.0230833412115887
0.0177176136589829
0.0167362888283
0.0176898868345793
0.0210279486804891
0.0210336175852867
0.0243678902641097
