0.0532246197213569
0.037208027347659
0.0387706015289512
0.0604497671276519
0.0444087886763913
0.0646829646373376
0.0389535442251561
0.0399449201189742
0.0402886168249096
0.0459888203061311
0.0477625348616995
0.0524124653062289
0.040582538265119
0.0406597558098921
0.0375740082494401
0.0480805541996131
0.045019192650537
0.0515827304159541
0.0421715206898903
0.0385760273061321
0.0349321295911947
0.0463570069265846
0.0446838983348936
0.051464339425399
0.0403347938932467
0.0360523734156075
0.0350623712635211
0.046268730840791
0.0439588242785921
0.0545212934446382
0.0363591016182031
0.0347433233113534
0.033605482931532
0.0437450156624263
0.0425816219544553
0.051050411621713
0.0357134746919628
0.0337102840947102
0.032231943015822
0.0430466511066199
0.0413416574902388
0.0502302215495255
0.0365989386733519
0.0326208324308291
0.0337712339641191
0.0401681720912756
0.0385940929592527
0.0431975970291247
0.0341552570235305
0.034756127417854
0.0351601808188297
0.0398465859292369
0.0418296209978181
0.0457014278271948
0.0348676234289289
0.0354540774956103
0.0318645186423354
0.0419642500076584
0.0394227333032282
0.0453215061812715
0.0364952945524604
0.0327343175034037
0.0290341169296082
0.040359179678975
0.0381240597974817
0.0447032927681721
0.0342592317185607
0.0300513159365362
0.0285755763575509
0.0397130407895347
0.0356008490858909
0.045376942387921
0.0304595971162907
0.0285017646655916
0.0277050261491969
0.0358428671830699
0.0348043363385388
0.0416251642046107
0.0294662169822626
0.0280142825119076
0.0265585147851407
0.0354928296893247
0.034612079459219
0.042018410935584
