0.0232148953776002
0.0380511851167262
0.0258005081873912
0.0302128111951394
0.0443605064916549
0.0357185776225381
0.0394639384778602
0.0256819793098064
0.0254294472106842
0.0452598383042283
0.0314976419465521
0.0527395794283041
0.0268031484415224
0.0257654728750554
0.0268483906064336
0.0327198411649301
0.0321690197170497
0.0388507964175352
0.0265964153742208
0.0267723773385376
0.0243695810162851
0.0326626207337269
0.0301598154912937
0.0357587595478499
0.0274105803950371
0.0246177572207319
0.022587974324805
0.0308213227587325
0.0280627653886951
0.0339188230613646
0.0253996015968913
0.0230437288901099
0.0241147643577937
0.0288883889681925
0.0288606394714003
0.0347565985989994
0.0234620670126782
0.0239457657141235
0.0241404191570713
0.028936422309011
0.0301999212895444
0.034965674366424
0.0247942097154407
0.0239147435653444
0.02385898935514
0.0307307855021469
0.0296466261285745
0.0364924913409754
0.0157251578747176
0.0201195315792307
0.0159561379787223
0.0212753758489595
0.0228415389032568
0.0240191779265632
0.0189725389855521
0.0165240906229875
0.0155326850778451
0.0224140492872239
0.0188660832694036
0.0250639107074181
0.017306941561594
0.0168370882177231
0.0168459222783504
0.0200607489811606
0.0203777701441351
0.0235923397477391
0.0171593064957022
0.0173372315690998
0.0144653507155689
0.020797818542625
0.019334217537895
0.0224666911285138
0.0175392303375523
0.0156601339814118
0.0125907003113935
0.0202840303278322
0.0160960364503087
0.0203786785403327
0.0161423068834835
0.0141576937504451
0.0157677714728385
0.0173816645559477
0.0185622233701297
0.0212686260263842
0.0137346838293801
0.0156581466174035
0.0160523211394224
0.0177105487459388
0.0201411303938496
0.0218031304674146
0.0154488866238174
0.0161322818025427
0.0152910411610888
0.0198524065136955
0.0195939043977066
0.0227537212019068
