0.0192530254540668
0.0291515849144318
0.0214395168964016
0.0239255829878855
0.0332765239939564
0.0279226649301385
0.0307380429836487
0.0216320419092516
0.0244339866856695
0.0350470358223468
0.0283212923657309
0.041357159090542
0.0220157625409919
0.024172669589043
0.0270062200677834
0.0282653034633834
0.0308869671850065
0.0345487813361655
0.0243138561956542
0.0267518012221981
0.0244335245799877
0.0306570621736534
0.0294241676014167
0.033213530953465
0.027337768940207
0.0243585047458653
0.0231463344184569
0.0295990382519753
0.0281810955583708
0.0326637473571781
0.0248091519291483
0.0230628801038657
0.0236514441182135
0.0284599966883503
0.0284093743804356
0.033872384483855
0.0236554271295829
0.0236081009772524
0.0227820797414217
0.0287550133084296
0.0285118918087484
0.0333117644014187
0.0241232902010845
0.0227954364921366
0.0233180782299377
0.0289181603854484
0.0281096981174368
0.0341779506798036
0.014791695340754
0.016189185584038
0.0146751273416882
0.0176080814175418
0.0171695116222912
0.0208037677672425
0.0166440216883774
0.0155165576686466
0.0168069948883809
0.0183535042624504
0.0203058878326279
0.0228841158707818
0.0157385918847994
0.0167987653558314
0.0186878615743168
0.0199743718684676
0.0218425071960495
0.0239418774856465
0.0168061952747688
0.0185332135371807
0.0166019454286709
0.0216494158340012
0.0212723799757495
0.0239714553763853
0.0192552784260109
0.0171123494458797
0.0142299396562571
0.0223177427544489
0.0177845336240046
0.0224496134852049
0.017377381470085
0.0155109673541607
0.0159807048397471
0.0191664513272043
0.0199959504104958
0.0239086421106992
0.0158363721031442
0.0158660811508195
0.0164859461442253
0.0199529868870465
0.0202856050796315
0.0242590701061362
0.0160197518305297
0.0163301099133681
0.0163665854127003
0.0202198501181266
0.0196236111501781
0.0239172052024351
