0.0132346769002883
0.0181379938096005
0.0158873874105417
0.0170134870164113
0.0214915447237519
0.0200771069678817
0.0178385038096706
0.0153410495404222
0.0171419879109115
0.0210995398517255
0.0203470489523394
0.0258927806082503
0.0155546155081325
0.0170570829119247
0.019900202051638
0.0203352366247157
0.0228452210250942
0.026185853463166
0.0170879025554294
0.0197647903389235
0.0189260957645933
0.0226928127380174
0.0229594990595197
0.0257228248011378
0.0191719295749666
0.0179169973054568
0.0174960186519008
0.0220362581108212
0.020752641800172
0.0247887229795894
0.017013506755299
0.0163502453020375
0.0171428198193644
0.0194519648558772
0.0205846871964769
0.0235593404244218
0.0168245454863514
0.0172341042245416
0.0176981833962883
0.0211646263823468
0.0214534459506018
0.0255548279419483
0.0174694427862549
0.0172431590012549
0.0180546747510403
0.0214923326067291
0.0216436858021339
0.0260204754318339
0.00691122416900206
0.00763129395868418
0.00710177058968615
0.00872091674340241
0.00922547891367632
0.0103615378049158
0.00681410746768075
0.00753017444309516
0.00802682929060328
0.00895650490673313
0.0101869610669012
0.0114155818011246
0.00784669892706636
0.00831042258266513
0.00926040861045822
0.0104106524204517
0.0110030830231528
0.0123119566572812
0.00910113625923663
0.0100839652181131
0.00805530929379212
0.0112108120091177
0.011761426342052
0.0132838999274425
0.0105813021473185
0.00864880107850144
0.00556645970895252
0.0129893684541513
0.00856762709725743
0.0123785996031518
0.00798112343903722
0.0062592138019683
0.00691788085048172
0.00808937432153353
0.0090592091433022
0.0107364879186844
0.00582230461395967
0.00682224581596901
0.00911001919221007
0.00839675198356183
0.0104111810599632
0.0123829206700206
0.00700678673049433
0.00851911673745244
0.00783326192481656
0.0101117992900451
0.00873409944756343
0.0103041947178274
