0.0196963801398887
0.0191944380670321
0.0111490826479617
0.0119117430061449
0.0115662430739029
0.0120402590409169
0.0117631461382531
0.0111848496460786
0.010423479168294
0.0111380421207101
0.0177106559355282
0.0264201666584421
0.0189447780632832
0.0181097002233097
0.0193769472343246
0.019459835655107
0.0172084910019644
0.017073487685966
0.0172495533420982
0.0224820939084165
0.0317214622232643
0.0239318107152137
0.0244613502711974
0.0253176628729255
0.022675894945375
0.0215738230973249
0.0230046649205139
0.0276892928329078
0.0355382575921363
0.0291451923562689
0.0297069121089107
0.0279232881007497
0.0265293130552538
0.0273414862824696
0.0317138343651798
0.0401453949754862
0.0338725238888764
0.0318265692458299
0.0313681023637555
0.032566369549945
0.0362250682072963
0.0441641393274135
0.0357210212211875
0.0349567577332419
0.0373363110554784
0.0407001550927135
0.0451355015147934
0.0384053768169616
0.0410058480834099
0.0420466189572337
0.0464886489691221
0.0443122914982711
0.0444386253229368
0.051395739175025
0.0502439332478233
0.0204844054673346
0.0114891631267204
0.0120245798268371
0.0117788516131934
0.0120885219861095
0.0118447859817191
0.0111429346670901
0.0104053819672758
0.0107688321441449
0.0106665981350716
0.0283461256052402
0.0192118651401351
0.0183018693227972
0.0195584425304958
0.0194398374067162
0.0171192063136964
0.0169724008926574
0.0167738740314101
0.0168338814961889
0.033663159681135
0.0242907378375705
0.0247407753682088
0.0252694767769068
0.0224242872481656
0.0213880810921556
0.0224740179935687
0.0223305260634642
0.0378030654751716
0.0295008463607727
0.0298579070010606
0.0276956192089325
0.0262429476004893
0.0267230219040016
0.0277491246330541
0.0423982660861038
0.0341293912117979
0.0317597372915786
0.0310887275859348
0.0317998902590973
0.0319598686677199
0.046312183725719
0.0356883025424329
0.0347919608851871
0.0365817985419766
0.0372083167214425
0.0469548778376381
0.0382561705349512
0.04040695840635
0.0418251280779838
0.0480848259017249
0.0437637520613477
0.0456511729088205
0.0525127191841461
0.0490458668627958
0.0568213692311412
0.0119508007150147
0.0121243982924942
0.01187115349255
0.0121097217048975
0.0117277560647315
0.0110279172235528
0.0102580688247391
0.0105648629650334
0.0103151515672008
0.0106221374114786
0.0198348802623651
0.0184424542676591
0.019659932869933
0.0194011103217249
0.0170508358205866
0.0167332200625441
0.0165277820576767
0.0163672191528567
0.0168375199321082
0.0249368150900139
0.0247202686173008
0.0253490152406591
0.0223960786312688
0.0212480936151761
0.0220835564892432
0.0216310015503802
0.0222346076315359
0.0299591992365833
0.0299069994810075
0.0277009304409283
0.0261536809900155
0.0263445603803109
0.0269459718836303
0.027288720602532
0.0346048149899764
0.0317444012709949
0.0310514152996962
0.0313154389032256
0.031174540450535
0.0328509321525237
0.0361474816978817
0.0347289835350166
0.0361449377607707
0.0362687213555008
0.0368469735348043
0.0386619142008036
0.040011986887494
0.0409296460476923
0.0415411503125429
0.0438863289301192
0.0447666247340628
0.0460950093960268
0.0487113150525803
0.0501719466891025
0.0541343786811017
0.00800994960218994
0.00891989219649261
0.00884207893088697
0.00912528952978678
0.00824331457093831
0.00857023115725417
0.00833165431023866
0.00812506627168952
0.0078452617091662
0.00764414941824234
0.0145607671721125
0.0151135547952596
0.0157323039963184
0.0138086452072579
0.0143109765624251
0.0150519355951688
0.0129598167538994
0.0129578806535508
0.012656678172195
0.0183778499517447
0.0216812654553083
0.0191030151761706
0.0184176375000892
0.0191516869761919
0.0174627095977208
0.0159175329189837
0.0165662878015488
0.0233658768021837
0.0239957776828855
0.0222930285569725
0.0230090621089102
0.0212412164953365
0.0197542009968715
0.0193084680718336
0.0262135656997855
0.0265778344162738
0.026267084081073
0.024447109890166
0.0230561787665957
0.0232167681703996
0.0281201630181311
0.0308519393042431
0.027360447823049
0.0260527167565598
0.0262063906571234
0.0321850353742814
0.0317544123376631
0.0283882536907987
0.0289782506810758
0.033045246215846
0.0319131397789741
0.0314248832290659
0.0333633523049732
0.0351982458750958
0.0363102510742972
0.00964902672306473
0.00913741195221215
0.00915050499306723
0.00845544697735153
0.00867748700770299
0.00839562052312222
0.00807387858704742
0.00773721629000551
0.00752540759403343
0.00757671652295245
0.0163252086217663
0.0157839441828495
0.0139381386564709
0.0147119842015759
0.0151223960061596
0.0128061793308911
0.0128540881418021
0.01250121401807
0.0125117348807976
0.0226252060876392
0.0193392329981509
0.0187692788152754
0.0193379904981135
0.0173437162916553
0.0156975800261693
0.0163175204919927
0.0167621949506597
0.0253749965211034
0.0225957121325079
0.0232748566247612
0.0213666449143258
0.0194893971155058
0.0189641307271136
0.0203732639074631
0.0283076535778389
0.0265587536615659
0.0245847016780428
0.0228596963546668
0.0228410007402933
0.0229572479804824
0.0324283666320273
0.027539612514499
0.0259097597801954
0.0259607383694694
0.0269285944856186
0.0333502550093749
0.028475074691006
0.0288169898232232
0.0298391475823295
0.0331824885510171
0.0314480030134058
0.0327530723712403
0.0362194580107178
0.0352485384117696
0.0399881097479532
0.00933605024712947
0.0092977930834888
0.00861579600328092
0.00878998468494325
0.00823803721677707
0.0079396309947898
0.00763825671430531
0.00749660094962651
0.0074376368564319
0.00782530137272143
0.0162833122784319
0.0142829454354238
0.0147480762412287
0.0150782520709413
0.0127433001242506
0.0126102548259082
0.0122983130284433
0.0122440257466423
0.0127186858449774
0.0200718562230642
0.0189150099507937
0.0193245959418145
0.0173932485465937
0.0155468842726821
0.0159303794518796
0.0162916340444002
0.0161671066504787
0.0230228356618539
0.0233215838698345
0.0213664959620706
0.0195027727713823
0.0186990466286176
0.0198928993155075
0.0197446923926466
0.0269473603562597
0.0248900626865626
0.0229556884994067
0.0226098346078447
0.0225754013945085
0.0232302616290148
0.0281896600341605
0.0260940359351078
0.0257962336433637
0.0263509242224088
0.025483988944507
0.0290087004770742
0.0289518576886555
0.0294060604679636
0.0284821511163715
0.0318205966822428
0.0325528158477295
0.0310221839246873
0.0354051501701943
0.0342757639814585
0.0374079635217311
