0.0366548049175169
0.0535143209365778
0.037956077339709
0.0437426343155656
0.0613691583590183
0.0501856867290842
0.0579061821125434
0.0388458799415089
0.0400392027679939
0.0656260771164833
0.0461618646724218
0.0701467313066605
0.0403766022627766
0.0406345387413304
0.0409360634738266
0.047348508531794
0.0483499943796684
0.053678091810189
0.0426380863834261
0.041821872577197
0.0384536566322829
0.050043583291618
0.0461318338037449
0.0536356754362422
0.0444413681355763
0.0399074951225089
0.0359745911077532
0.0486382733772053
0.0460093735946859
0.0537540757165039
0.0429130222568865
0.0375437089847156
0.0364016050170243
0.0489710742023365
0.0455258221597615
0.0572404642740977
0.0391469816898586
0.0367268683309148
0.0353281608404862
0.0467034848726933
0.0447891205664257
0.0541414086666968
0.038754156094685
0.0355740427071875
0.0338291122798436
0.0463087381817572
0.0434320024378687
0.0537347457456641
0.033369758334267
0.0362385122070072
0.0333558193701845
0.0401487673296154
0.0399517483588157
0.0441388958270019
0.0397420573413883
0.0343216790432483
0.0351961192172361
0.0436203888940346
0.0402238817008575
0.0468648367014537
0.0356570501305511
0.0357860744802574
0.0360855613279138
0.0412931369576754
0.0431217524011359
0.0473116109958718
0.0372116997364906
0.0368783993864452
0.0331802831701779
0.0443767336931997
0.0405113168111723
0.0477966138535764
0.0388261622909883
0.0344970846216062
0.029821636579654
0.0424497642721224
0.0394587237721499
0.0463198154051477
0.0371126833709165
0.0314580830993122
0.0302258066272815
0.0424244869611562
0.0375516015434004
0.0484589583431506
0.0328182563625198
0.0305930622778486
0.0301608709243193
0.0386353568549166
0.0374705130511201
0.0450865213414619
0.0323425175762955
0.0305949768971965
0.0284585487129563
0.039061507373985
0.0368726095656889
0.0451936530888878
