0.0153454331331274
0.0235243148286901
0.0161374534346636
0.0183215071744924
0.0263753245412568
0.0210851284529562
0.0242523381447238
0.016762172796078
0.0199588027299389
0.0274080191731217
0.0225628484937438
0.0331296461979144
0.0176696255374799
0.0205562937990658
0.0281311582688463
0.0235969833650284
0.0316113119112489
0.0343724079410589
0.0214659374596188
0.0288294872839094
0.0288628042921421
0.0326223674380916
0.0323665715652975
0.0364097455408275
0.0307206488469662
0.0305747421656425
0.0297764947428594
0.0343027713239442
0.0361645299997893
0.0395474429886663
0.0325391853540314
0.0314031912113029
0.028110297565623
0.0381643142781492
0.035507209881828
0.0418280679475324
0.0324831281221955
0.0284550517584367
0.029121339649057
0.0361149248578573
0.035902081783403
0.0421050555176597
0.0293089874825006
0.0291873710737704
0.0325313388627884
0.0365984977234576
0.0418637680495031
0.0487182448038088
0.0103450997703766
0.00962789796050429
0.009887517289193
0.0121561367522283
0.0120054286320738
0.0147362321779595
0.0098097303778624
0.0106899396339323
0.0119762744010013
0.0130691373138664
0.0134897871255685
0.0142800961020824
0.0112916587755028
0.0119667997761606
0.0133423340502009
0.0142048398403265
0.0159114404333985
0.0184886662444158
0.0121894129207128
0.0137933871465836
0.0128971464755247
0.0165450957875817
0.0157171850450072
0.0189788835390083
0.0143108839820925
0.0136419576332426
0.012913432318007
0.0164501665635611
0.0166633678409908
0.0187098861661807
0.0146739708597621
0.0133083545198114
0.0111446379901278
0.0172409705784384
0.0150462114188606
0.0191732302098475
0.013970792170919
0.0112961031760986
0.0125740632458831
0.0157802852623017
0.0132978871809142
0.0156749991936259
0.0116016371415381
0.0122086430087681
0.0152381033196883
0.0134138635502539
0.0188865417136662
0.0193800083708533
