0.0384629090467029
0.0498093512588235
0.0414485767258021
0.0463240254247583
0.0595904637907462
0.0538003843148204
0.0587851567256311
0.0443701847309306
0.0471316088575009
0.0687680781234024
0.0549868504260493
0.0783172136796381
0.0460577401068299
0.0485485424176078
0.0519227404984815
0.0563247726980616
0.0596017481351297
0.0661298057833868
0.0534472164636035
0.0540249726964644
0.051110985346817
0.0631739358133124
0.0615121337920533
0.068934311405828
0.061244559344335
0.0548711466278723
0.0515029226470717
0.0681458455482123
0.0641075986847102
0.0744149563300134
0.0615091625274366
0.0558800535151449
0.0561710483481781
0.07069170390692
0.0684067787781676
0.0816180901225373
0.0547356309009932
0.0523822870771564
0.0525455361188648
0.0662508773723825
0.0639437978457306
0.0748271404642735
0.0508286787028215
0.0491914197366889
0.0480784619451373
0.0605518552085437
0.0603418628702947
0.0714115662868834
0.0300423296316196
0.0285598136990408
0.0281955295025427
0.0355560903112725
0.0326368534065146
0.0381802442873716
0.0352209170356396
0.0331252364280065
0.0306515578895321
0.0396627025323935
0.0393982914715559
0.0438738522857551
0.0373226310011086
0.0330494193404391
0.0360335371415667
0.0427123344759041
0.043316268513483
0.0516302558232504
0.0389992713427887
0.0384045531616255
0.0357541594083921
0.0482164012627001
0.0430904118239124
0.0515511591188766
0.0442689860756946
0.0378687653049942
0.0328285423287504
0.0478343713682543
0.0432822669783134
0.0503298460077223
0.0449457648335424
0.0381154602898388
0.0383797547113255
0.0507624321301817
0.0469605742829435
0.0574430052154565
0.0382575216506229
0.0362556329528004
0.0357400291384677
0.0460874925606553
0.0447352954108908
0.052324882872384
0.0351042588272028
0.034278008686853
0.0336631363664243
0.0426449809959693
0.0421890819136133
0.0506059966606856
