0.0225087670732675
0.0354076125800145
0.0223631591254922
0.0285591290927922
0.0404283948704302
0.032850685241921
0.0366400831939655
0.0224408464818469
0.0223183951230894
0.0415943114648964
0.0274946720814767
0.0481302744237923
0.0236286817287718
0.0226140740201472
0.0241786851446358
0.0282874007714183
0.0287653605541643
0.0341127052618052
0.0234097599527151
0.0242834064733119
0.0220856640143946
0.0293155712747284
0.0270781334120704
0.0315787471860838
0.02530309142416
0.0224352252695281
0.0226121469286852
0.0278405127496233
0.026818093426708
0.0315849670263113
0.0236238541524454
0.023221358163834
0.0250419217269029
0.0278532676933045
0.0287782728769679
0.0331913639913136
0.0236757673519621
0.0246800050007132
0.0251372498655402
0.0289011352328621
0.0309243798711475
0.0349656480382722
0.0253962053299096
0.0248983030453843
0.0253723994350959
0.0314793373081414
0.0309342957027403
0.0375437151056663
0.0163511731849264
0.0184101333690645
0.0138440821333615
0.0203617945299453
0.020850931523067
0.0223514414865614
0.0190703753055429
0.0144769331073823
0.0136001773248689
0.0223409547301605
0.0169236288656611
0.0244231415177583
0.0152921599208872
0.0147083403195394
0.015872134495978
0.0178693570464988
0.0191947855554201
0.0215565116566812
0.0154470028429744
0.0165497644655831
0.0141600949177604
0.0198437120099191
0.0182717230427075
0.0207985844978567
0.0172320647123275
0.0149519758212064
0.0145032447705961
0.0192150310569108
0.0168826443826251
0.0203546373225218
0.015878617237234
0.0158073313238644
0.0160991257256334
0.0182105074692035
0.0191198665940664
0.0215489850119997
0.0157190267244367
0.0162161873154738
0.0174333302351746
0.019109484723305
0.0203855824543256
0.0234754981505179
0.0165885748926902
0.0176385629863529
0.016889438555561
0.0209012361476884
0.0214277667272302
0.0246174699438628
