0.0186799114108301
0.0185389433561418
0.0104181064389722
0.0114576589751443
0.0110545605968601
0.0117561479314503
0.0120857219206929
0.0108383794170584
0.0102592177436086
0.0108396059613075
0.0158616371830386
0.0249489209330951
0.0171991409374367
0.0167849014113359
0.0181792464958179
0.0190977586892654
0.0167907589396531
0.016228674409785
0.0164699226559498
0.0200054023293501
0.0291375395633943
0.0213680850469798
0.022354592786126
0.0241512747972348
0.0219038249159945
0.0207540014075663
0.0216295886117511
0.0241946859661515
0.0328997971692987
0.0259972849408162
0.0278714599712437
0.0264011652590954
0.0253178112748401
0.0261300982802586
0.0276570643137771
0.0368735712292356
0.0310928409735125
0.0297798597260853
0.0294121200761291
0.0308168325989581
0.0316998137446674
0.0411353294580568
0.0328064696947873
0.0325783247319667
0.0347493386189956
0.0365391460281224
0.0419129599295331
0.0353490269227538
0.0378156339952484
0.0379274109715614
0.0433208966916726
0.0404516199663513
0.0401328424378344
0.0474762715075431
0.0450886187212346
0.0197241911052363
0.0107423004271955
0.0116177384615233
0.0112320989207314
0.0118435865436155
0.0120949443376362
0.0108235128285919
0.0101525784183201
0.0105085899251312
0.0106048911074209
0.026639829561746
0.0175963145581898
0.0170321284483126
0.0183815543745159
0.0191071018133271
0.0167569398841805
0.0161238227880351
0.0160663388322377
0.0163019531121482
0.0309333094690809
0.0218421088952586
0.0226322182195974
0.0242184617052694
0.0218448915622692
0.0205685769406804
0.0211805113076892
0.0213033902223889
0.0349049381827855
0.0264884691549995
0.0280415320743503
0.0263887775734933
0.0251639763685284
0.0255887515445172
0.0263931541234851
0.0389172477300942
0.0314416760087489
0.0299043926716286
0.0293194857258657
0.0302377154078279
0.0307372447108048
0.0430267573487291
0.0330966354918666
0.0325724437725307
0.0341805804256038
0.035270267706546
0.0437266184118839
0.0354914033542214
0.0373674633108098
0.0391610867091202
0.0450012619973196
0.0401616914109349
0.0423916858483518
0.048763586944447
0.0451757074396723
0.0530098623813474
0.0111483548144192
0.0117367503758259
0.0113447179761307
0.0118856662468709
0.0120343163778711
0.0108213107158268
0.0100768128986686
0.0103282535938279
0.0102936304864954
0.0108194112806412
0.018126200404087
0.0172029608906685
0.0185072249202434
0.019081086073077
0.0166948547511194
0.0160365873733804
0.0158769208914776
0.0158055272962881
0.0164639556046588
0.0224159262343122
0.0227520416843444
0.0243168712368128
0.0217988261212174
0.0204584526980789
0.0209227625516984
0.0207182557284684
0.0213749369965983
0.0270220715678746
0.0281366208558111
0.0264549735775435
0.0251074535210359
0.0252789238250546
0.0257073375205411
0.0261239211081088
0.031898986311422
0.0299673480973243
0.0293624666821175
0.0299763882721016
0.0299738595916603
0.031203674722922
0.0335630313846965
0.032624458588045
0.0340212599151638
0.0345759283739096
0.0353689169783319
0.0359107687350425
0.037242004583833
0.0385915801018842
0.03973362482119
0.0404205519542239
0.0418559185954479
0.0436182934925672
0.0449908857595323
0.04698788567079
0.050135297770197
0.00695775397701984
0.0074670307174186
0.00765397803128
0.00817581612175439
0.00743845105987237
0.00759148941668075
0.00748547837388086
0.00689975038506741
0.0064868873908782
0.00657188891807706
0.0122072761253738
0.0129629814815276
0.0134957237383489
0.0122363222575722
0.0130875810182803
0.0134040067226319
0.011308672469123
0.0105223508474813
0.0107409877979561
0.0157426357382564
0.0174390853516387
0.0163930785724803
0.0165791512427323
0.0177661632690974
0.0157825381703507
0.013430857525056
0.0141183211105465
0.0196376197177679
0.0198282649426098
0.0197502862538638
0.0211411381188657
0.0199581093559823
0.0174721171974208
0.0172160143127249
0.022448756686747
0.0224479290532543
0.0237127678597197
0.0230302571382077
0.0210777889935498
0.0209748158181668
0.0250709410528044
0.0263930836116658
0.0255119131679136
0.0240630935558537
0.0246028281305718
0.0290016612252998
0.0280588881636734
0.0261704215229287
0.0276332705200972
0.030743234854241
0.0280874687220293
0.0299089078267512
0.0309283646517897
0.0319682513913949
0.0344566108993859
0.00799400931950872
0.00793385096482189
0.00834126033949394
0.00764367474590439
0.0077465810130332
0.00750904663202485
0.0069685594829729
0.00646490836846603
0.00644897653848626
0.00674923898282015
0.0135958612791264
0.0138015663237459
0.0124314001031999
0.0134398905810094
0.0135265121600233
0.0113881611408815
0.010505505237036
0.0106520075590061
0.0110241284427643
0.0182273626839887
0.0167502272348199
0.016933115890028
0.017968459659108
0.0159378853802312
0.0134518240057819
0.0140152854794352
0.0146790202248777
0.0206661276232203
0.0202380452126326
0.0214956307391321
0.0202443823829752
0.0175396964864334
0.0171156684690093
0.0179022623003524
0.0235284971342101
0.0241473181524353
0.0234237680582229
0.0213045461080189
0.0209048287220246
0.0211436268526374
0.0272844023055111
0.0260215384968906
0.0243678494627671
0.0246383828125762
0.0251468459445173
0.0290205719454463
0.0266680790132229
0.0277620971611604
0.0286940939869208
0.0289793832747855
0.0301421540346201
0.0318825960381738
0.0325974771620319
0.0342078636276504
0.0364117998848703
0.00820693120606156
0.00848902543598407
0.00781835034247699
0.00786260415377397
0.00748293133090555
0.00696129759653836
0.00647838504250878
0.00642604526239537
0.00664680966720889
0.00685643597105677
0.0140990981891126
0.0127217888911373
0.0137254499893596
0.0135422549123193
0.0114225204349418
0.0104740051339118
0.0106111206189564
0.0108034114929804
0.0108292930122875
0.017106769343353
0.0172516565306004
0.0181692750862991
0.0160241306215795
0.013451249416574
0.0139024351550623
0.0143919630215038
0.014217476380327
0.0204700464935954
0.021672333507839
0.0205504949719828
0.0176423733919525
0.0170259432481396
0.0176005440810942
0.0174135742612134
0.0242594618720437
0.0237543817317542
0.021677702590993
0.0209166778879767
0.0208046579034049
0.0205195144849841
0.0262620215635327
0.0246733410680529
0.0249386285869564
0.024860879928412
0.02346447520116
0.0268881967629408
0.027977942165386
0.0287612971189409
0.0269617862859853
0.0302199737920386
0.0317823806125546
0.0304327171262437
0.0339919436691187
0.0335993768925924
0.0358368477543191
