0.0125717489597792
0.016633692171675
0.014496863441271
0.0157691154187419
0.0194812623388199
0.0184196632065008
0.0172033124598358
0.0142760558987371
0.0157321080024899
0.0198477395891636
0.0181983343094303
0.0235474229141795
0.0149260072810772
0.0159081929297436
0.0176654802763322
0.0188641193185219
0.0202803298561172
0.0231388473963803
0.0162843696365012
0.0175815220996556
0.0161159095871356
0.0205471499618566
0.0197551034831107
0.0227091818022245
0.0176109782643127
0.015818426816256
0.0154977899169105
0.0196322485820689
0.0182492721947746
0.0219909102786009
0.0159441004976085
0.0151868530886014
0.0163485622653798
0.018134444214782
0.0188983673361697
0.0216485749779102
0.0154886937222101
0.0162604214469203
0.0161994337899627
0.018985897418493
0.0199581026853791
0.0227339833748325
0.0165502636192679
0.0159871334607315
0.016483407711311
0.0199778793048881
0.0200768295987124
0.0241543453050674
0.00827427894254188
0.00944478676185097
0.00832897709733967
0.0103608178149083
0.0107573424178434
0.0121542693421242
0.00880952771353237
0.00826208500380664
0.0093551157907916
0.010329802760794
0.0111579524998445
0.0125099313601888
0.00931428291058392
0.0100589118426387
0.0116297475857902
0.012415433659299
0.0131715008594601
0.0151451880400829
0.0105447286827157
0.0121417266371146
0.0101313781034301
0.0138378892291085
0.0139841652242132
0.015617676157072
0.0126619958749903
0.0103840631070822
0.0083910528745539
0.0147180369890211
0.010383222938983
0.0149388753756356
0.0103151447039786
0.00871171892362289
0.0102537902628044
0.0105656083800728
0.0116090097016588
0.0134868818182012
0.00874199011551617
0.0102974166390083
0.0104262248418323
0.0115032819925105
0.0129893001604492
0.0143319524918726
0.00996680501029996
0.0103143136909663
0.0100857944344025
0.0127870678333278
0.012038353609782
0.0143291522911178
