0.0129068469397594
0.0211125441715501
0.00988491169366829
0.0153879338064584
0.0234547560775662
0.0179845817460472
0.022127761643481
0.0098536350663341
0.00880986402737348
0.0242747366537813
0.0120073686214723
0.0256224928263498
0.0111606108780226
0.00900884810015066
0.00884347209579048
0.013044504367563
0.0110504221708752
0.0150243399140603
0.00990057818851246
0.00901612455359533
0.00920587997781894
0.0120975706226486
0.0112368275954383
0.0141524693242888
0.0101888162380129
0.00938315571630143
0.00782327678099932
0.0124186648473606
0.0115400743220987
0.0142115822440701
0.0103632149969697
0.00812019734828499
0.00802637697635823
0.0125483136657189
0.0110310056425044
0.0160732299066517
0.00923150145214851
0.00819970471467756
0.00736059591994958
0.011927042509943
0.0101404827136917
0.0141563986521904
0.00946328636738082
0.00802977314465095
0.00807970448226995
0.0112484253227472
0.0107424302702772
0.0140601976533042
0.00671359826780788
0.00701583017731393
0.00689779770221856
0.00869652134954463
0.00712737525541248
0.011300992922238
0.00704412238119355
0.00632292395579383
0.00748850079930393
0.00758380649329255
0.00857527365188853
0.00819302134658443
0.00702327256449251
0.00742007229511516
0.00786917781602065
0.00924560785968854
0.00776158012324189
0.00973939816741122
0.00857926931707103
0.00815665556544828
0.00680836618693065
0.00846401583081806
0.0098481472166013
0.0101783314372809
0.00955249751759745
0.00660289520753038
0.00516128272134643
0.0116670571818532
0.0081277524582496
0.0128710028038701
0.00714531336634455
0.00522289037433928
0.00444738865131759
0.00839307713830745
0.00625467524363295
0.00888416929493262
0.00643471822614701
0.00441040686565343
0.00364216724952386
0.00684416794963028
0.00434264357227207
0.00650899924013261
0.0047954825117696
0.00382269162396156
0.00408820163736852
0.00481918488655762
0.00735797224879829
0.00720334721324464
