0.0194981602073158
0.0303834840326146
0.0229146127174672
0.0246264111080239
0.035153724957557
0.029040501576575
0.0324431552825868
0.0228365747058087
0.0234469551138518
0.037036379745081
0.0277710810840777
0.0410656822006413
0.0231344782879266
0.0231231539567222
0.0263962155388726
0.0277070859685281
0.02979756608141
0.0337176908549347
0.0236415210946784
0.0263606020702352
0.025067934700741
0.0298117450459543
0.0295697622365949
0.0328901571567303
0.0270913649125866
0.0248964387109477
0.0241441483557065
0.0297610992983554
0.0289613581057176
0.0334037203605633
0.0252876442047012
0.024029820511303
0.024044439608333
0.0291655597483428
0.0292861968188287
0.0344256016074279
0.0244784776478869
0.0238748346971354
0.0238344061962842
0.0293624197871683
0.0290961344835665
0.0345331338564032
0.02495908209964
0.0239117151951482
0.0244342009906806
0.029775356448183
0.0296633262794098
0.0352071257661315
0.0148871306016122
0.0166625872312476
0.0161000514009818
0.0190261113139344
0.0189039412202089
0.0214077115926546
0.0184009722449515
0.0170228589695696
0.0165345837003139
0.0214689937310885
0.0200373045520642
0.0223708983627701
0.0170883011461103
0.0164836009109343
0.0176154671549457
0.0201560212466372
0.0204693984818859
0.0232253819498012
0.0168965614220974
0.0183168524848879
0.0160317008774785
0.0207949150933431
0.0207132504782499
0.0235326468773773
0.0186094951050073
0.0169863020123714
0.0153619007463945
0.0215400530364297
0.0190175502305277
0.0230715966191972
0.018058357576801
0.0162794705422338
0.0166201337147414
0.0208051351221883
0.0207312324392165
0.0243037498162211
0.0162098374719128
0.0164469726387811
0.0167478969903843
0.0200943821234064
0.0203078255840169
0.0242329470287192
0.016633758052647
0.0167728832780371
0.017357314924099
0.0208569150744441
0.0214532940110808
0.0254323472632467
