0.0179008631579753
0.0242150762638416
0.0165962322750145
0.0216286461742177
0.026694673317473
0.0241142191816646
0.0256470474683205
0.01708724060394
0.0170436983115086
0.028119558518768
0.0209513501662662
0.0317462032586916
0.0179986686285576
0.0177681959489612
0.0190294880303811
0.0218521050031989
0.0224205907805753
0.0260419906102806
0.0187696110389096
0.0199734159077989
0.01864627354634
0.0236136378237011
0.0220937720818273
0.0254326978165593
0.021456629719188
0.0195192947742198
0.0182271568783456
0.0234834187568662
0.0221755728141236
0.0254865962921583
0.0210123212285534
0.0191673624733647
0.0198404640223316
0.0233943418785062
0.0233275562425093
0.0272485629052431
0.0198006438814498
0.0195827972890984
0.0194085033347996
0.023606131632003
0.0240714292574877
0.0279714068155674
0.0201864616491002
0.0190530915908605
0.0219707774787522
0.024492221646951
0.0261167050199071
0.0313495446800351
0.0124740344212585
0.0114432303516447
0.0112398311662302
0.015150160405394
0.0118161687325687
0.0165351910410888
0.0122772573842198
0.0117516899020879
0.0125765640100959
0.0129039095627065
0.0148782414122534
0.0156194785301319
0.0117504892464659
0.0132433019834772
0.0131088991711896
0.015166946529111
0.0161240685380348
0.0176307680990105
0.0137038561978404
0.0137917578955135
0.0126925599626072
0.0163080875112508
0.0168077131202033
0.0182350553698817
0.0147455731194527
0.0131233167966871
0.0117840674850191
0.0173645758471644
0.0139278596376219
0.0180246713627047
0.0139422081040515
0.0124953030680877
0.0113256262188698
0.0148940240998224
0.0148290730200082
0.0172078682490814
0.0126099427689859
0.0113716985314712
0.011748439784269
0.0151303790395574
0.0145295103094865
0.018404161256365
0.0113999455134208
0.0120423947495526
0.0126268995418538
0.0148420999513617
0.0156993622374325
0.0182666712731742
