0.0225535685876525
0.0168923015618792
0.0180992219949712
0.0255695431837899
0.021621838497457
0.0302878370479511
0.0170269129487141
0.0179539927178025
0.0202997961836761
0.0215579396192952
0.0235746626559292
0.0270008613919893
0.0179215640781379
0.0199477547260864
0.0182674087713231
0.0232682790480154
0.022078930285828
0.0254727072366171
0.0199103441585133
0.0178673902142796
0.0178606502027723
0.0216743851738291
0.0209796790951041
0.0244582372406707
0.0177404438668099
0.0174736182519975
0.0186979621808512
0.0205690107200905
0.0218912122110324
0.0249214965518429
0.0173765995510817
0.0185019566707924
0.018854695339907
0.021512121113136
0.0229802795229183
0.0258680555918252
0.0183502525733791
0.0184146934507933
0.0193187429185936
0.0225233635411484
0.0233510232621497
0.0275330881370015
0.0100913429232743
0.010374737905184
0.0107393100436796
0.0124930974388172
0.0134251711827849
0.0148200218565874
0.0104712649103123
0.0108667816654473
0.0121332492024016
0.0133924858624734
0.0144112247370406
0.0167716254474542
0.0112749883241204
0.0120743936076641
0.0102831776276992
0.0143294813575096
0.0138192459660913
0.0161080029838835
0.0122632820952904
0.0104575803597363
0.00916090495413473
0.0140099006418286
0.0110446289035857
0.0147622022078566
0.0104933683845656
0.00944133926412254
0.0105840803021678
0.011247150509909
0.0128958524878869
0.014606180360943
0.00943670281808318
0.0104319122451514
0.0115278347233232
0.0125566251695549
0.0138423151316531
0.0164596344894118
0.0101615032148393
0.011263218210347
0.0115864935876332
0.0133770002828919
0.0141505287407587
0.0163058115607518
