0.0372353699212998
0.0532301195190255
0.041063864933377
0.0457320359930435
0.0625762453136974
0.0537798817210113
0.0626638059348286
0.0440632202877553
0.046686053751111
0.0722257840228482
0.0546381511287759
0.0811952921646879
0.0464031701696027
0.0485564567781272
0.0524215151427572
0.0562939089478064
0.0598288288646015
0.0669355748359799
0.0514860579856826
0.0527718765477338
0.0470028422753613
0.0609662255130112
0.0581735725950578
0.064525309361209
0.0565538094968368
0.0480862806282176
0.0458514023854484
0.061551748820225
0.0559611034301001
0.0686527867816729
0.0542123186060341
0.048836934883181
0.0492733548566283
0.0617807822207414
0.0578634633440752
0.0704248639342114
0.0484452303106871
0.0451311931697332
0.0451034952473927
0.0563697640874573
0.0550308926026817
0.0656282223653466
0.045665194792769
0.0429270645017563
0.0434236497698958
0.0538954390666923
0.0538891414760531
0.0639002626130495
0.029072142812127
0.0313503069551713
0.0283220572155205
0.0372529189555928
0.0329778318220496
0.0375178439490907
0.0408476164462249
0.0331150457170226
0.0319457144539153
0.0453817042894802
0.0388427082984352
0.0486296664023282
0.0369726220606207
0.0356613982149524
0.0375434602380348
0.0437761330669468
0.0434654636218127
0.0505538167485632
0.0383473045403335
0.0387085060896245
0.0318752700206401
0.0453797075188057
0.0415658340737224
0.0485609602995991
0.0414217565766542
0.033292360944527
0.0306952146032599
0.044354109480369
0.0370259219809617
0.0467772121157562
0.0393276534281999
0.0340036671991416
0.0335118926358901
0.0433352324234374
0.0392262662185141
0.0500889360450694
0.0337364054317025
0.030426208660638
0.0319213014768908
0.0379403267367619
0.0389619592631358
0.0454533875639438
0.0313316575702206
0.0308087484617916
0.0305444882120626
0.039378891418738
0.0383127558793694
0.0463617870488102
