0.0208189774195616
0.0197532295538436
0.0200197015543596
0.0252945699058306
0.0249716174986313
0.0304868536914676
0.020252534902724
0.0203208907186208
0.0196163051250852
0.0250745535001851
0.0250892354458994
0.0299784518486115
0.0208811617061352
0.019960824158988
0.0196355777504148
0.0254063922100656
0.024959469014076
0.0302917479776061
0.0205633190698629
0.0193462670233219
0.0195944851010049
0.0248953713522371
0.0246493031966585
0.0303517504570466
0.0195558234964133
0.0195046006104312
0.0195573357733093
0.0243754219515517
0.0243889247523223
0.0290380494724854
0.0191623343477771
0.0193450994947711
0.0186330760934676
0.02315643538225
0.0234694661918094
0.027603296577348
0.0193393994766018
0.0188638396867193
0.0191702404388027
0.0232246854235725
0.0237415291561227
0.0281733241955898
0.0188371724173685
0.0193105996610285
0.0199523589977703
0.0234256594420458
0.0245432497233958
0.0286857582681968
0.0107558130270751
0.0106957409867257
0.0111226533097503
0.014023132160009
0.0145866767327567
0.0171960753735294
0.01073932610847
0.0114008603289879
0.0108214151901991
0.0145669026704101
0.0144107591666804
0.0178959876947219
0.0118483880210201
0.0111763941870753
0.0111288978040974
0.0150947294171853
0.0145140199939872
0.0186163265653294
0.0123186222415919
0.0109731721746963
0.0111829047233737
0.0151057697282471
0.0153371911581271
0.0191618283026616
0.0118493553661643
0.0116374725812092
0.0113614606772884
0.0157860925514897
0.0144691701790112
0.0184130408544337
0.0109585136369044
0.012087976893847
0.0120628258180822
0.0145030017349474
0.0158975131452968
0.0190281130163047
0.0115619871483654
0.0121935472162783
0.0109896019842071
0.0156241227019965
0.0144849211097828
0.0176077889921707
0.0123842094887722
0.0110823926074707
0.0115563345219997
0.0142522489444923
0.0149168144483274
0.0177653552889028
