0.0154122736993986
0.0236874289658335
0.0181627798056143
0.0189733055675625
0.0287794025570554
0.0239530201122536
0.0249605653189735
0.0187398031149764
0.0262082206866791
0.0303003148667429
0.0290932000227521
0.0403716019140963
0.0197581645629854
0.0269392155211772
0.0307946468657449
0.030326427077899
0.0343286661749359
0.0370840592886202
0.0285261812354362
0.0317434302930288
0.0312091995090498
0.0358153501735558
0.0371145526308516
0.0415003271817141
0.0338540827050182
0.0329251917388434
0.0284864594460091
0.0393516252582809
0.0359476951171226
0.0416520585984328
0.035237016242999
0.0300712561138503
0.0316630969644121
0.0381742104915885
0.0373599411815219
0.0444373875566149
0.0304369543768283
0.031573420519236
0.0334427930867
0.0375955100441689
0.0441931425182887
0.0494273350495031
0.0325635295404088
0.0334131649674085
0.0299197550551717
0.0450374458388044
0.0354065876901015
0.0452636567725579
0.00986121091034793
0.0100911048769037
0.00990443779104245
0.0121794926698785
0.0114247261587162
0.014140883601935
0.0103388293852702
0.0105917103710239
0.0143479757362983
0.0121064718784983
0.0157031701758077
0.0172735873674819
0.0108447025881506
0.0144605622273548
0.0158558854585231
0.0158690154342706
0.0177440511532921
0.0190208011421685
0.0154319418161125
0.0156924775008628
0.0136904763861378
0.0183811540505911
0.0174217534133212
0.0201931786901477
0.0164877646881319
0.0141760545860568
0.0110933783093276
0.017662432317304
0.0157491397450434
0.0189754770999467
0.0154758808126222
0.0115267926866744
0.0129445757832836
0.0166012387476029
0.0135101151677934
0.0157053606569283
0.011679902650594
0.0129415468062702
0.0152164148114949
0.0138304959028531
0.0188901075386256
0.0209359601038023
0.0135690940794164
0.015839567959006
0.0149543473944951
0.0201014657461129
0.017737683918472
0.020246884661284
