0.013019632864682
0.0183590359362152
0.0120428378769979
0.0147923351759437
0.0201642055427755
0.0166641345267788
0.0206800907476316
0.0124801256507372
0.0119966840990727
0.0223254913187513
0.0143303145247013
0.0237188206848847
0.0141729215266212
0.0128853003300557
0.0122349223939909
0.015841286326007
0.0143709246071158
0.0168994422106146
0.014136920257129
0.0129267562845065
0.0117300035262619
0.0156311197231246
0.0138022481638267
0.0163977072255375
0.014252342926084
0.0123623224888495
0.0114949639289707
0.0151427575716474
0.014073331737096
0.0165755057851434
0.0136689921973627
0.012066445529268
0.0119041262941236
0.0153014579299953
0.0143351723627505
0.0174241325643184
0.0130640959012452
0.0122118399715866
0.0121637557158423
0.0152272410643017
0.0147092794664971
0.017606599799489
0.0130177195414363
0.0122661026776962
0.0130858343580549
0.015309014463561
0.0158440156225445
0.0188263169552167
0.0122640364409263
0.011318623493975
0.00988409386534205
0.0131766431339826
0.0111304800552735
0.0132588732013088
0.0135151604850189
0.0105406612630993
0.00926246038200126
0.0135594755954634
0.0112382172959459
0.0143638532488735
0.0122570548383475
0.00995636739396554
0.0100452510101834
0.0126878104213044
0.0115485409187343
0.0136454850628575
0.0110569677046742
0.0108768679202673
0.00982098123004174
0.0126193689446266
0.0108443307705065
0.0127209831023213
0.0117406769559197
0.0105198270915911
0.00891113353251923
0.0119434539711716
0.0114434853959786
0.0123957707354744
0.0114956197891313
0.00953598337796322
0.00906125804157377
0.012653779200836
0.0107586105353128
0.0132631995793046
0.0103398021899964
0.00948059341423597
0.010073979053873
0.0114219468623922
0.0115484221668608
0.0134453734642392
0.0102330397559926
0.010204773271057
0.0104077298470998
0.0123322528822562
0.0126571485544206
0.0146487915758279
