0.0427639434901014
0.0417090680190723
0.040946280470032
0.0538384412180536
0.0524312540612556
0.0645826372581143
0.0417090680190723
0.040946280470032
0.0402175925821984
0.0524312540612556
0.0514449847885302
0.0628984463707548
0.040946280470032
0.0402175925821984
0.0386935892147378
0.0514449847885302
0.0501227576447008
0.0614441246992773
0.0402175925821984
0.0386935892147378
0.0375894310570639
0.0501227576447008
0.0480138843961673
0.0593632860614749
0.0386935892147378
0.0375894310570639
0.0356927431935002
0.0480138843961673
0.0461516649588786
0.0564870276281771
0.0375894310570639
0.0356927431935002
0.0340710261675196
0.0461516649588786
0.0436476904148747
0.0539868571364555
0.0356927431935002
0.0340710261675196
0.034430503024651
0.0436476904148747
0.043558143107614
0.0529033970131083
0.0340710261675196
0.034430503024651
0.0359199971251111
0.043558143107614
0.0444581531696756
0.0536259594891411
0.024171274996596
0.0236089964138649
0.0233034445143763
0.0306890935713107
0.0298406474764545
0.036867230153851
0.0236089964138649
0.0233034445143763
0.0224013366487199
0.0298406474764545
0.0292923569439521
0.035451690401899
0.0233034445143763
0.0224013366487199
0.0217612709195592
0.0292923569439521
0.0284909545317868
0.0351246922751149
0.0224013366487199
0.0217612709195592
0.0214172499741577
0.0284909545317868
0.0280082571971709
0.0345092629488968
0.0217612709195592
0.0214172499741577
0.0199911702448317
0.0280082571971709
0.0259230090413717
0.0320619198708097
0.0214172499741577
0.0199911702448317
0.0184450249275597
0.0259230090413717
0.0246672244760382
0.0305787710577628
0.0199911702448317
0.0184450249275597
0.0189015709800096
0.0246672244760382
0.0239740690153802
0.0300181562109136
0.0184450249275597
0.0189015709800096
0.0203527176608771
0.0239740690153802
0.0248644131780469
0.030184855029873
