0.0117106159184981
0.0139406742569815
0.0135275482842231
0.0144608435550129
0.0160137201291492
0.0164930360949593
0.0144918336965921
0.0137219046078976
0.0150817906376155
0.016627731764018
0.0164971411994299
0.0196008186741214
0.0142826327577453
0.0153958484392122
0.0162515633077022
0.0168774823530729
0.0194469070979904
0.0214008108673341
0.0157103238351108
0.0166563542677438
0.0158780115087325
0.019658435157833
0.0188652405488951
0.0213556086393038
0.0174587783857468
0.0160729312877618
0.0167184330980526
0.0196422415707233
0.0187399989327291
0.0217621951968157
0.0167275396398021
0.0172776685620348
0.0183799882682421
0.0194451239497883
0.0211214437092093
0.0230420660219557
0.017266234981454
0.0184534114082998
0.0187464294961147
0.0209219860468293
0.0223832116837758
0.0245774325925842
0.0184379535712301
0.0181763234272209
0.0185487278548377
0.0219925504582053
0.0223901715390742
0.0260349466088342
0.00891897551075043
0.00968176423214421
0.00821709137412785
0.0103700553277721
0.0106525052623267
0.0118900975712316
0.00970824596998272
0.00899590052204242
0.00897196050630993
0.0105085164565395
0.0105676042803625
0.0116407541005378
0.00879887452758786
0.00837176009787119
0.0124082156411899
0.00993596097024145
0.0139696096964364
0.0147998089757538
0.0093261337192888
0.0125167426459599
0.0107866114446164
0.0148943327771768
0.0148465470934516
0.0166330367693578
0.0134119441667953
0.0110807107872627
0.0107054217374843
0.0158415990545647
0.0116374594316097
0.0161796116578624
0.0109445169725795
0.011123116633018
0.0126480394631433
0.0117011400915126
0.0134493262208409
0.0139869474855157
0.0112297630555913
0.0124359256237315
0.0140241040257793
0.0133003731977131
0.0174616029414427
0.0180268090940932
0.0118977533022348
0.0135757750922163
0.0140069387738442
0.016730867128411
0.0160406443014173
0.0183224988964628
