0.0363585007686679
0.0512387425525068
0.0433480722000217
0.0442961448565633
0.0599425571365537
0.0522206288690343
0.0616493634131042
0.0462493923330104
0.0504785036721676
0.0697804612652587
0.0571984911565361
0.0794981569827252
0.0501391017651287
0.0525437905556414
0.0588045259120327
0.0600989211764905
0.0663674179940932
0.0716254457388572
0.0561265823296892
0.0596273631952464
0.0562396616422311
0.0692638043866618
0.0673865514640274
0.0753907017492037
0.0701320011681927
0.0631021163352039
0.0600712770571853
0.0769623890332998
0.0733250545276983
0.0830414354819695
0.0720288505062849
0.0659905258984248
0.0714307690080635
0.0817024109153964
0.0816831322669638
0.0952703425185253
0.0637230621618324
0.0642504425719457
0.0627807254787564
0.075543514921773
0.0768945993426167
0.0875832798093212
0.0626408588566165
0.0590567463632522
0.0577804856296463
0.0745038786110084
0.0735434841674203
0.0879688112201389
0.0273376801523904
0.028606181161154
0.0317088378232454
0.0325014443276604
0.0330731208672798
0.0384432051858052
0.0362658739548259
0.0350458371879355
0.0350425410079677
0.0425559907661749
0.0398292411398413
0.0445598663827209
0.0391830767831359
0.0393710452663208
0.0442392336766994
0.0450977558661352
0.0500939064482248
0.0534355105661089
0.0441764856070888
0.0438490214853548
0.0409875359355582
0.0553790080842848
0.0484176510008381
0.0592588544734328
0.0523141558033193
0.0463764537716631
0.0408249555701457
0.0581274124870857
0.0532621830976416
0.0623334831424059
0.0523290080169115
0.0459569510256526
0.0472000258744216
0.0599513948499841
0.0564515331939655
0.0678946082104614
0.0455106185033287
0.0433233584310427
0.0434589472440876
0.0540629920343577
0.0515422302597804
0.0612042936984451
0.0423029762986448
0.042811391586677
0.0398942650323805
0.0518904649830199
0.0525889482587481
0.0595892736619107
