0.0169778830643128
0.025442778328918
0.0182805799410205
0.0214683670296585
0.0292923486110301
0.0249830746497745
0.0264124126044603
0.0183882223085327
0.0192984782671147
0.0301051091358121
0.0233110813995126
0.0349005031970549
0.0188490599223855
0.0192455620339969
0.0220705016753737
0.0235032775461268
0.0252482125598067
0.0294502990814055
0.0195277524535877
0.0217594082163072
0.0203617100243993
0.0251206425065184
0.0244213328914197
0.0277940863849491
0.0222027983432456
0.0201682509093111
0.0192652897606329
0.0245199391642097
0.0233031620316081
0.0275411897923834
0.0203979040175397
0.0190635721581296
0.0202904883718794
0.0231834906235606
0.0240074335235354
0.0281457038599893
0.0191172071177987
0.0198726637879452
0.0206388611306485
0.0236471839272171
0.0249115861857768
0.0285366832495076
0.0201428384409064
0.0202343112785673
0.0209673700632357
0.0248732324414635
0.0254134475011032
0.0301254454079406
0.0108436701272606
0.0117352210607887
0.010928301076455
0.0145663358039071
0.0137304149765031
0.017196038290421
0.0113165309758507
0.0111506208433641
0.0111712678909496
0.0133527839554762
0.0141127258218878
0.015180653184178
0.011502269523349
0.0114383541849278
0.0134380215396313
0.0141821130084405
0.0155860240540929
0.0182141112152748
0.0117261427098103
0.0135548111530362
0.0118824825799837
0.0158331985464365
0.0159271260578004
0.0177867020552965
0.0142476604989166
0.0121039466717447
0.00963785231748848
0.0167157563774589
0.0125496272378813
0.016830449943348
0.0121381832783125
0.00998416207291137
0.0113893605383096
0.0130022749470541
0.0135277193370429
0.0165248556313438
0.0095868746003265
0.0111263453785338
0.0124101032549565
0.0129409404132156
0.015260054642759
0.0174187341633783
0.0108863358752263
0.0123555234453056
0.0127806771392334
0.0148114198295685
0.0157060284619921
0.0179399041435773
