0.0110437456253157
0.0142906487786344
0.0131314757281189
0.0140351724868263
0.0166595432054074
0.0163325132255932
0.01437218925186
0.0129783016191366
0.0141217136068008
0.0166308791595593
0.0167369926835922
0.0202543890947003
0.0136380414705755
0.0143840100921367
0.0158832208423969
0.0173300706466211
0.0186374530604737
0.0214981546092853
0.0146592089930335
0.01589008451076
0.014426026296102
0.0187092336285531
0.017492012201132
0.020442374955483
0.0160136275116426
0.0144723200169198
0.0145076712433912
0.0175720018389869
0.0168399116086732
0.0198487404683973
0.0144048216186343
0.0140550719221519
0.0150765476378759
0.0164633818926405
0.0173863205401851
0.0197244875081655
0.0142311413043271
0.0149608291435023
0.0149417863101307
0.0172969107920564
0.0184889891365455
0.0206908923845954
0.0150719592647534
0.0149428317811056
0.0156155381845567
0.0184827427087328
0.0190385383846998
0.0225880221074548
0.00730042474595244
0.00769487708452938
0.00769104269251558
0.00897521519969392
0.00909224999950738
0.0107432375284181
0.0069972531903358
0.00760530663101681
0.00842970581103215
0.00859073020147006
0.0105897336540681
0.0108508132869985
0.00858890473479581
0.00917530665692741
0.0104080381189084
0.0111811959987796
0.0120720575275407
0.0138131321821231
0.00973067379286744
0.0106029234063486
0.0087090895050018
0.0125563691370772
0.0120406560707549
0.0142194190458975
0.0112014235770693
0.00910178091807203
0.00784948364237674
0.0127482060143982
0.00912976656751948
0.0131328313279002
0.008939602565885
0.00771872078030298
0.00854306211600126
0.00915768044317011
0.0101923331776255
0.01169917261299
0.00775039477825351
0.00873636229040679
0.00885802650101002
0.0102536050616057
0.0112678109138978
0.0127274417053895
0.00840506189905969
0.00921714810435233
0.00945714561818092
0.0109645067777949
0.0111513815596536
0.0131428544124353
