0.0160953418059035
0.0239584154383529
0.0159922008711855
0.0196294980702979
0.0263441665966996
0.0223392856245076
0.0252880146452676
0.016555261571186
0.0170064591788032
0.027948974909587
0.0203733448030584
0.031476560970226
0.0176681072338851
0.0174713522995181
0.0188593171488811
0.0212394439105026
0.0221517019798378
0.0256873330810836
0.018549858869425
0.0195667888678327
0.0183769071338002
0.0232262899020899
0.0216265055522902
0.0254914874703527
0.0210658825521821
0.0192976046253912
0.018293420100531
0.0229712895130438
0.0222097312808568
0.0254928729214432
0.020439224654359
0.0191063595606052
0.0211136782253905
0.0234483722845066
0.0251524536256822
0.0298632554936291
0.0193143144070871
0.0209712282695035
0.0234838696513232
0.0251891876383981
0.0283437291838255
0.0325099183179696
0.0213883140108321
0.0234514966747089
0.0246666510093425
0.0285857986511114
0.0288100352895474
0.0339086157474014
0.0104548137229659
0.0109421277878065
0.0106283434305105
0.0132500829676465
0.011773465097134
0.0150900881154817
0.0109278236009126
0.0115418488085644
0.0121019742599796
0.013106279484929
0.014195008849582
0.0149098290993089
0.0115207513878488
0.0125455645370291
0.0126780841546087
0.0142932080168057
0.0157624513267942
0.0172123859410285
0.0129905135529393
0.0128907180628371
0.0120142807702366
0.0164217910022492
0.0147465409683468
0.0180107757643281
0.0143981377585437
0.012901811389452
0.00994201894104548
0.0158517400819696
0.0135156721408658
0.0165622034263206
0.0136363595602131
0.0104272434503812
0.0109357016535744
0.0143884087341929
0.0135220140050844
0.0174810525533688
0.010515739383899
0.0111414653646114
0.0119014880379222
0.0133578390169741
0.0143429201926141
0.0171361807921228
0.0112505858208928
0.0117141881164463
0.011082586224871
0.0146534970780026
0.0145051318334838
0.0175477018428322
