0.0201145579205874
0.0292725026098286
0.0219856825793789
0.0248242813925188
0.0345331320723098
0.0292330746326228
0.0306353036951545
0.0218039907773223
0.0239647388942019
0.0352122784218677
0.028816309277278
0.0415557236050365
0.0225295700144244
0.024073927725674
0.0248425850714392
0.0289398065499155
0.0294249768514164
0.0337671366481268
0.0240769470701934
0.0245798386160059
0.0222678942913351
0.0292624487085923
0.0266844078804874
0.0311406877571072
0.0248177835029656
0.0224058399203557
0.0214067824027126
0.0269760943979746
0.0256663448699819
0.0299624224757489
0.022484231248253
0.0213567780789867
0.0221830858562034
0.0256243765178759
0.0267083145818784
0.0311639615585876
0.0219626985474767
0.0218863449023492
0.0213020748477935
0.0267619799420184
0.0264805122402295
0.0312346270932327
0.0223893747192484
0.0210259343273259
0.0206318409127223
0.0267780172608213
0.0254470141713258
0.0312782677793521
0.0140502289364093
0.014745712436857
0.0146357875241624
0.0185286612012234
0.017395218033222
0.0213841363795159
0.015300107457695
0.0149784106918548
0.0158114768369749
0.0176755850154735
0.0190600007086552
0.0213440430681946
0.0151848980762315
0.0159988774859331
0.0175400836317189
0.0189465617687037
0.0207284163010727
0.0234683280817569
0.0164477183053008
0.0179109787916089
0.0147713346785085
0.0209153932753543
0.0191163407216858
0.0220339658893831
0.0178785897886804
0.015169853371688
0.0138726994655336
0.0193390360524499
0.0163913329371126
0.0206189708183979
0.0157142239336337
0.0145613803999848
0.014674599227273
0.0172364087133054
0.0184519716954699
0.0214611430240961
0.0149131132775857
0.0147467265673212
0.0148343806546681
0.0188950405614409
0.0187558215427743
0.0226407331526907
0.0150719673227787
0.0146147352304642
0.0143787364866003
0.0188983752429992
0.0187004754886089
0.0227045420580338
