0.0215409330072975
0.0356693502827246
0.0232863093150705
0.0280604088369248
0.0412177556445116
0.0327426107268654
0.0359920417513738
0.0227645114585225
0.0232143968822947
0.0414357229721269
0.0288256515468905
0.0494731913548816
0.0232581633338648
0.0230050358730736
0.0245860693358365
0.0292341731420368
0.0292322087650775
0.0352865846556807
0.0236635484186636
0.0246742511439919
0.0225078919854901
0.0296495369430577
0.0277757303474818
0.0326301871213764
0.0251361541790788
0.022418362102825
0.0217906176379763
0.0280423417083354
0.0268038421559135
0.0320048419901541
0.0232090433713953
0.0221999690175296
0.0229352758437199
0.027363477089365
0.0272363331244199
0.0321780142841698
0.022765381965926
0.0227706171300041
0.0234137091686939
0.0273765367702626
0.0289084400731827
0.0331974957407098
0.0235533741904261
0.023107265201638
0.0229523225868715
0.0296263160340214
0.0283168676293559
0.0348643615435743
0.0127285526230841
0.0144921098944199
0.0131095226364229
0.017393638792486
0.0180468292221001
0.0205610299586481
0.0114341088072269
0.0125174726258313
0.0130418605552937
0.0161354461687891
0.0147227989364893
0.0192285812964931
0.0122947731347082
0.0142608480574329
0.0146663921287793
0.0159721440224758
0.0177081220335726
0.0184431262574429
0.0139892621724796
0.0148119652157138
0.0117542018572975
0.0174643495757099
0.016968313562689
0.019000394397296
0.014848828245972
0.0130610358083853
0.0110963905250774
0.0171914272308441
0.0133346943815469
0.0187834050289869
0.0126218073327368
0.0117480336348075
0.0125961078109198
0.0134804304802899
0.016257520895207
0.0178297410137049
0.0105211687313509
0.012068365036499
0.0134145736887156
0.0145460811714772
0.016057650671591
0.0178092984478996
0.0115164563819321
0.0138928106555714
0.0124514032272587
0.0165889133145255
0.016976327622551
0.0187778710509962
