0.0261417495318844
0.0392176481756426
0.0330823773390678
0.0332317962520493
0.0449477211599546
0.0385651200932025
0.0405304155214377
0.0320741474486822
0.0340201939922452
0.0458902022217061
0.0396294616997961
0.0541529361044594
0.0328200907401081
0.0340001916386775
0.042590285613184
0.0400435224515051
0.0473164587717116
0.0529269173378807
0.0344851257618283
0.0419980112742873
0.039935281422658
0.0468628784621609
0.0465227113038231
0.0512007746754817
0.0437958806243765
0.040936660679317
0.0406833025262393
0.0486226510827911
0.0474475945048626
0.0549078445578795
0.0424314898518778
0.0415514840754787
0.0445507461537648
0.0491268247740468
0.0523268988827423
0.0599480829616961
0.0415109849919462
0.0431860290333696
0.0445079867914511
0.0515200043771878
0.0540967965569012
0.0626643331743256
0.0434636563267703
0.0427595516787453
0.0459261611436734
0.0531077064668282
0.0542543057849783
0.0643847686230698
0.0132009641618394
0.0137333625991135
0.0144606406716949
0.0166587300968057
0.0150364645934542
0.0197000044156213
0.0148664864697073
0.015145956004411
0.0143632662393752
0.0164767390260989
0.0171974269677375
0.0184548201525893
0.0157135733346052
0.0157206985210834
0.0197465916998586
0.0187709041394724
0.0225786451198266
0.0249009693028679
0.0172142549867586
0.0206119391644566
0.0182323041018848
0.022892511015319
0.0242308887048553
0.026245234583481
0.0221495105625786
0.0187306878126098
0.0139438970597233
0.0263471192730689
0.019657939575981
0.0274303199110185
0.019980969787955
0.0145243080831306
0.0171006918325813
0.0205778464478055
0.0210027933733595
0.0260646674794001
0.0144118207298426
0.0173730944166389
0.0208361967177403
0.0208004640518774
0.0251768180105588
0.0284774040115304
0.0177942927195943
0.0200236033422764
0.0204079284507372
0.0249130499237313
0.0250243942396664
0.0288827776734086
