0.0199819425048459
0.0255776325555884
0.025487808197929
0.0256128167241774
0.0294131755217027
0.0291122707427388
0.0268781535299801
0.0251086971950652
0.0272006044307131
0.0302838233229862
0.0300672696105239
0.0352551708127848
0.0254244734962814
0.0269179345024763
0.0327444762300878
0.030423407505377
0.0358205601857857
0.0392123185262327
0.0268608017555047
0.0316294710089553
0.0300491040370047
0.0345281656810729
0.0340411405300773
0.0364939570196948
0.0320000763124911
0.0297763915651581
0.029536952124465
0.0343522353801805
0.0344284641662182
0.0385975568927643
0.028908825314045
0.0281758737655271
0.0288801257706715
0.0329159353909098
0.0338486143053968
0.0386365884914586
0.0280133730122158
0.0276439266532804
0.0277014702827378
0.0328085467064915
0.0335052240683787
0.0382000231221468
0.0275018781396956
0.0265567483491288
0.0286082930185112
0.0330763933323075
0.0336359665423352
0.0398019595422274
0.0102372656096581
0.0146038239182798
0.0128400012471936
0.0169817457267772
0.0138055554865472
0.0162223827058797
0.0148982514523775
0.0138520110387961
0.0113259290387874
0.0148223516888678
0.0155343231951545
0.0160502111509498
0.0148827352672262
0.0124804279598678
0.0217941023034076
0.0156697423714598
0.022845489435105
0.0259810325756229
0.0123881395915973
0.0218964307576966
0.0183442394661467
0.0222818834658566
0.0263215981378403
0.0254968601399683
0.0208933173879127
0.0179036307261807
0.0144974143327874
0.0258043117586762
0.0177124721685025
0.0271826888425059
0.0178318911549447
0.0147884262596336
0.0150423842970506
0.0192367800163295
0.0191215670162274
0.0229304838999836
0.0143631729101607
0.0146772009180775
0.0175334731371878
0.0179354528988308
0.0203541608163033
0.0228969412834442
0.0147949498482652
0.0166924619812562
0.0186594528018949
0.01989213134609
0.0203909935422969
0.0233950415692465
