0.0186414373376633
0.0187307673980532
0.0105460826193676
0.0115412843709024
0.0110637665097308
0.0117337755996594
0.0122056186639336
0.0110634527403661
0.0161830192088594
0.0254773423473355
0.0175621599617657
0.0170907162003258
0.0183575195315974
0.0193592247944895
0.017256714725701
0.0207291692663401
0.0301955112080513
0.0220045454438035
0.0229360761488324
0.0246633050547809
0.0226127148276324
0.0254086042525404
0.0343038961295326
0.0270187073859257
0.0288618096538092
0.0274006766825569
0.0291749926000616
0.0387920449277683
0.0325678206336671
0.0313172511747629
0.0337455087089484
0.0436291603899587
0.0348842915426008
0.0391069583054159
0.0450811438308921
0.0410895166006386
0.0200481808551658
0.0109531887643613
0.01183595132999
0.0114414171094509
0.0120278771442118
0.0124417814912285
0.0111462874985403
0.0106132964555341
0.0272284172752027
0.0180461443042337
0.0174655980874626
0.0187648259431217
0.0196434032173433
0.0173698478373864
0.0168556364866963
0.0319432728683975
0.0225110997621839
0.0233124927242157
0.024960731794458
0.0227106343690869
0.0216607785115756
0.0361494864092566
0.027448866010536
0.0290915032338947
0.0274513897158114
0.0264455132473515
0.0405198822020797
0.0327966376284822
0.0312622065081523
0.0308009257714053
0.0451117302755818
0.0348206847762834
0.0343755574081589
0.0462222128734344
0.0376411681667653
0.047928816080548
0.0114620971773583
0.0120877059407192
0.0117157598514709
0.012293574814988
0.0126146945133172
0.0113636642893721
0.0107111700021533
0.0112363450285512
0.0186291270771317
0.0177692609789089
0.0190707682195157
0.0198479992177717
0.0175135125448131
0.0169654633827492
0.0171330271134514
0.0231028220423521
0.0234784341552087
0.0251632445336467
0.022842767324766
0.0216228527740461
0.0225114731376865
0.027849264098334
0.0291326543799255
0.0275708771492695
0.0264006275097769
0.0271349023963572
0.0330159045892581
0.0311910031856667
0.0307200262421262
0.0320125549119857
0.0348937138163861
0.0340851243511443
0.0361415297545959
0.0374698301763768
0.0394450756124476
0.0427346221400922
0.0125791854854429
0.0118824052611619
0.0123357615866718
0.012542002399943
0.0113122340183221
0.0105892268874221
0.0108416090455152
0.0110362254671077
0.0183690638849643
0.0192518942200796
0.0197852361032918
0.0174111567313144
0.0168086357706336
0.0166232429915914
0.0168119871797558
0.0240651862318991
0.0252120606279737
0.0226872924179706
0.0213784401786419
0.0219547083341252
0.022000577633114
0.0295684905606902
0.0274787654677204
0.0261185961556079
0.0264615672141573
0.0272527040742272
0.0315457719230522
0.0305285003670263
0.0312712441004085
0.0316700521491249
0.0342885663460711
0.0354990598913561
0.0363582766893701
0.0391873084095619
0.0405371241471293
0.0443104800283283
0.0125214925654587
0.012531010491086
0.0126038906608089
0.0113600033762674
0.0105325616776144
0.010688204566021
0.0107227377690847
0.0112402061704318
0.0199572759816478
0.0199693972966524
0.0174335044853076
0.0167823899571318
0.0164439222855661
0.016313075225855
0.0170981104905135
0.0258686890311725
0.0227944501229659
0.0212855731035309
0.0217485711276111
0.0213908876303678
0.0220696207387648
0.0280591402734276
0.0261528129043051
0.0261499839302604
0.026610852234642
0.02695576045926
0.0310267679850086
0.0310628841498813
0.0308905103262118
0.0321923123528466
0.0357332864582095
0.0356771524737059
0.0363790654426635
0.0403148916572591
0.0409269147478503
0.0454406441654073
0.00681552383586904
0.00736958622295437
0.00743599398634288
0.00793173081909868
0.0071711852781967
0.00730309465677846
0.00732202623650555
0.00666311076147498
0.012034324343007
0.0127715227934422
0.013094458017769
0.0118004364757647
0.0128059735116703
0.0129296657947038
0.0110135737363995
0.0157909961046922
0.0171343491977561
0.0159281415419361
0.0160838411344555
0.017344948731816
0.0152789539990927
0.0196201218544589
0.0195514958121687
0.0192596316219144
0.0204383518304857
0.0194372640389262
0.0225260684746631
0.0221446618959811
0.0231168025301382
0.022197892083734
0.025201884110746
0.0259406886947928
0.0248400460346198
0.028951652223218
0.0273935034270463
0.0305922463695459
0.00797671243573329
0.00796857966400585
0.00828155794751273
0.00767278618985381
0.00767083190087553
0.00754437213850869
0.00701633020721096
0.00648170000150805
0.013660312738431
0.0137455686281633
0.0124415763281711
0.0134317413949082
0.0134825858298934
0.0114416174732846
0.01057030309721
0.0182860391258645
0.0168092933504538
0.016918190632774
0.0179504390635488
0.0159984945501499
0.0136292691774998
0.0208987240931419
0.0202507696799176
0.0213783771826368
0.0202555571256914
0.0175330364559792
0.0237651992807493
0.0241168266017529
0.0233584199855578
0.0211655676599591
0.0275154775692724
0.0260177184523258
0.0240997256814586
0.0292949868666985
0.0263422153021426
0.0287043020131318
0.0083670888616948
0.00863610059195885
0.00801562602408015
0.00797202514129232
0.00776701898029877
0.0072797353363637
0.00677710809874788
0.00686160310863777
0.0143839717544745
0.0130694013013302
0.0139682223915473
0.0139199402295919
0.0118482439257942
0.0109969880195381
0.011234198400886
0.0175341180778427
0.0176306166460768
0.0185777440266571
0.0165739042541501
0.0141344154763767
0.0148003647650254
0.0209831032747499
0.0222231772419802
0.0210757376217653
0.018389519099656
0.0180934911674293
0.0249216578900821
0.0244866934598034
0.0223695830358381
0.0221284113539065
0.0269822432035835
0.0256074001463097
0.0261152281027252
0.0278273160615445
0.0295100098566878
0.0317585849306899
0.00894605307481092
0.00815706372127725
0.00815985520375916
0.00775569436795937
0.00727434381650191
0.00677096883449594
0.00669428038679333
0.00704528331532687
0.0132960138469269
0.0142134915517018
0.0139502082546573
0.0118245920771919
0.0109739431943711
0.011055841444463
0.0114230090328129
0.0178299017499112
0.0187844431399356
0.0166312915812456
0.0140178500850176
0.0145162335088956
0.01523594252046
0.0223784562115042
0.0212937959306686
0.0183102568881348
0.0177116327511031
0.0186209772081492
0.0245410742881776
0.022557075970308
0.0217782605133519
0.0219770656065658
0.0255520688819705
0.0260212621428122
0.0262519168005975
0.0289507591728003
0.0304543064368459
0.0332894201794453
0.00854535566633165
0.00837143893398743
0.00785701473326044
0.00733996971123547
0.00680792497395461
0.00666158128163278
0.00692896714680985
0.00714025644571726
0.0145484721272225
0.0142025732106824
0.0119304386010903
0.0110622943331315
0.0110236233298789
0.0112198336781322
0.0112515982935233
0.0192662491242419
0.0168199858029399
0.0141379952979717
0.0145250841654079
0.0149535831179311
0.014809893872799
0.0216310940722996
0.018479988081207
0.0176694874369567
0.0184612819862345
0.0181255440715917
0.0229028153381332
0.0218907773519763
0.0216363822240465
0.0215407002522658
0.0262038650492228
0.0259739312967008
0.0243977390509778
0.030280469271284
0.0282208329375854
0.0320059059156143
