0.0578637995788802
0.0568045349720723
0.0559976471819967
0.0720967179440617
0.0704130631174573
0.0853956344325969
0.0568045349720723
0.0559976471819967
0.0542066464527442
0.0704130631174573
0.0687799766568369
0.0833540302796863
0.0559976471819967
0.0542066464527442
0.0530185549798595
0.0687799766568369
0.0669970127719539
0.0813235746070648
0.0542066464527442
0.0530185549798595
0.0497325063896911
0.0669970127719539
0.064296800939575
0.0781824744229598
0.0530185549798595
0.0497325063896911
0.0476054730772544
0.064296800939575
0.0606440395345757
0.0747686665659082
0.0497325063896911
0.0476054730772544
0.0443398733968278
0.0606440395345757
0.0573931896248862
0.0704050374555227
0.0476054730772544
0.0443398733968278
0.0437360680674749
0.0573931896248862
0.055640573695936
0.0689096167416003
0.0443398733968278
0.0437360680674749
0.0444171854254108
0.055640573695936
0.0554148917919456
0.0671911390797156
0.0399476084841245
0.040942640754969
0.0409097147230154
0.0505379949128166
0.0515166370151221
0.0611404579943324
0.040942640754969
0.0409097147230154
0.0395622591390781
0.0515166370151221
0.0508880493979686
0.061625761565254
0.0409097147230154
0.0395622591390781
0.0367679519837207
0.0508880493979686
0.0482591051999109
0.0592313883042723
0.0395622591390781
0.0367679519837207
0.0356958797372952
0.0482591051999109
0.0455712092727207
0.0568669998536281
0.0367679519837207
0.0356958797372952
0.0327938779020075
0.0455712092727207
0.0421260091212985
0.0516037928649576
0.0356958797372952
0.0327938779020075
0.0297625112188758
0.0421260091212985
0.0387985181600239
0.0475514136641117
0.0327938779020075
0.0297625112188758
0.0306215240393056
0.0387985181600239
0.0379891831172823
0.0471225725895682
0.0297625112188758
0.0306215240393056
0.0309586459723042
0.0379891831172823
0.0389793812147929
0.0462834954375735
