0.0335915815539389
0.0307361795300447
0.0296874867956778
0.0399340161573291
0.0379084815818222
0.0464812947215194
0.0333680217832295
0.0312877151437486
0.0293628143528735
0.03939062863726
0.0380092928260907
0.0452300878644678
0.0347270902069101
0.0317705670460799
0.0295652586865415
0.040514650262526
0.0380758174262065
0.0461423983258653
0.0348863989698411
0.0318915953502531
0.0298161949823125
0.0406297564888413
0.0388917219322393
0.0466557909340403
0.0357247294023139
0.0334536033876876
0.0311137959259996
0.0423996086328118
0.0403518799160245
0.0488494692090472
0.0378970630664829
0.0350590228843314
0.0320095396207707
0.0445578483124474
0.0416172523868606
0.0503595742080836
0.0366591768352285
0.033539830445884
0.0319165039116156
0.0426932160574313
0.0418536642713749
0.0504549539437981
0.035121149618466
0.03261001189306
0.0304356101343953
0.0418917827913554
0.0398365512300648
0.0486813750456148
0.0275888290524258
0.0249152455046451
0.0254854878095731
0.0329203799463397
0.0314521351752147
0.0387135272759348
0.0276097167442751
0.0261102178842373
0.0256379585482939
0.033312009015079
0.032021941426679
0.0381900093114555
0.0297152259147932
0.0269644028704692
0.0257044189134903
0.0351709000568247
0.0316449558603845
0.0398215095375529
0.0294447753714093
0.0273938582906409
0.0258512266487934
0.0344776639629599
0.0334771312089759
0.0396535528941723
0.0304244892601694
0.0279900018203932
0.0269180729791307
0.036012002601887
0.0341148677801819
0.0419099892216207
0.0316867258192612
0.0297973915530288
0.0275833564179163
0.037963745355636
0.0349775753829468
0.0426125406832316
0.0311865578713499
0.0285057159356112
0.026352363708883
0.03647123401038
0.0341622699197967
0.041719033573853
0.0299111045105272
0.0265945288905128
0.0253950719915964
0.0347480566301158
0.0323411504786239
0.0400714510590379
