0.0176340082502903
0.0252161062355041
0.0182952940290674
0.0224843246980207
0.0286659797869419
0.0257597247536025
0.02590443913819
0.0180705141702168
0.019055208360945
0.0291944349241347
0.0228886819265104
0.0342868326304222
0.0185462701375751
0.0190007097293271
0.0225127674642259
0.0231804088651695
0.0259465662931169
0.0301853817731551
0.0192300704210424
0.0223675772491527
0.0206800757508948
0.0258412150242617
0.0252237127989701
0.0285241149140764
0.0223311034622321
0.0204734756480405
0.0198066709443779
0.0250718177168072
0.0234795583945422
0.0276533996305313
0.0202978657285201
0.0192861607305879
0.0207429943462118
0.022989753859817
0.0245581224221315
0.0281131031104356
0.0194898162238697
0.0205031406122174
0.0209903871867877
0.0244430778176049
0.0254908626122648
0.0295114120929083
0.0208439298841075
0.0203585666402329
0.0220399674290148
0.025124261419086
0.0260196104486427
0.030904700812766
0.00992237982216189
0.0098143586957043
0.00903483712866869
0.0128373621649104
0.011417201721581
0.0154502205869244
0.00911579217889708
0.00948194708177984
0.0100652354707895
0.0113356073456559
0.0124670651494662
0.0138510793406785
0.00956214366381662
0.0105016037080745
0.0123916659584282
0.012849168796369
0.0139382946855067
0.0164110216980719
0.0105515907952095
0.0123941291465748
0.0108227380182147
0.0137580446675189
0.0148766854148474
0.0168100120611699
0.0124263723515271
0.0110889598397898
0.00860767951042609
0.0152106081362643
0.0112408690345259
0.0154159928775632
0.0114070210934044
0.00898376145679471
0.0104322934244647
0.0115931016471454
0.0128197850642726
0.0151686152061786
0.00885523463065999
0.0105393201506274
0.0119715408890742
0.0124609100947439
0.0143947462406707
0.0167336185536167
0.0100671526600752
0.0113072860833245
0.0118785547574211
0.01343352549287
0.0139310666162437
0.0160599657346543
