0.0172185429915419
0.0258520131610798
0.01865866255814
0.0216413715223241
0.0296786885344448
0.0252319152875207
0.02684982783691
0.0186171071437571
0.0196280450436815
0.030510755161536
0.0234711486780704
0.0353404379143665
0.0190017527477984
0.0195899548976253
0.0222327490984347
0.0236233178308376
0.0255965043478546
0.0293884199105159
0.0197868267111039
0.0219399799104706
0.0202919968008138
0.0254530296622743
0.0244011023635867
0.0278082298503109
0.0223597473506988
0.0201212305257389
0.0193348917651773
0.0245126788261158
0.0232619703028952
0.027559850664753
0.020390678368153
0.0191572432393161
0.0205297946721673
0.0231866182460854
0.0241218683159939
0.0281744124940157
0.0193162776601199
0.0201069748906937
0.0205477925925051
0.0237652578338143
0.0251073640285496
0.0286918214218341
0.0203661579513578
0.0201113389702306
0.0210613456306081
0.0250652885147987
0.0252476941308143
0.0301913282300774
0.0114152150695607
0.0124313979253796
0.0113150839761433
0.0150953813540043
0.0145010402458921
0.0176656253987974
0.0120154664529
0.0114147915653763
0.011765190222825
0.0141892592268577
0.0143726875812919
0.0162015375718704
0.011509532362385
0.0121962750869517
0.013760233620427
0.0143023022248232
0.0163450294892622
0.0183506977753056
0.0126530629969449
0.0140121016722578
0.0121319321309147
0.0168079175814685
0.0160696032036753
0.018457609422082
0.0142916383625761
0.0123819214014233
0.0101144724928119
0.0164507039859436
0.0129269776960194
0.0168083455121875
0.012560892692294
0.0104931354071063
0.0121408310493204
0.0133666061357531
0.0143120612509059
0.0171152802183714
0.0101458838224417
0.0117975039901885
0.0127249684245615
0.0136700997857104
0.0158228432490499
0.0179297384864391
0.0116060294562196
0.0124637233092219
0.0129185157960863
0.0153416406429193
0.0156281854967773
0.0183902752733971
