0.0237910010055683
0.0366850309616396
0.0239884183723952
0.0301628354850852
0.0424130307507029
0.0348454642067389
0.0381466418577713
0.024165835250854
0.0240287163606431
0.043732115527348
0.029882290151584
0.0508509776746711
0.0250132062358846
0.02410221332896
0.0258681082263632
0.03044916314851
0.0304722491522266
0.0365189889137665
0.0248045063726534
0.0257186555122783
0.0238870915440747
0.0308083529546912
0.0290278967610086
0.0336778554119553
0.0271053384893081
0.0243120929991689
0.0238947889606773
0.0302085675461895
0.0285186266086054
0.0337205779233852
0.0257600588018927
0.0248841914716821
0.0262204963062799
0.0299969939034776
0.0302379800549723
0.0350657743872831
0.0254348977624424
0.025842331881942
0.0263954083522661
0.030363775619283
0.032295795712308
0.0368245932128826
0.0266322399020501
0.0261120535114181
0.0267997793268664
0.0328765407793827
0.0326288921802252
0.0391530960860982
0.0180454027065911
0.0214270845290414
0.0160173030382602
0.0235287913352814
0.024859463528025
0.0264954108603024
0.0221476991409132
0.0164674155337212
0.0150864759022841
0.0261774492214364
0.0191666600059776
0.0287775905313243
0.0171137940837977
0.0160347702562383
0.0179175429642705
0.0201582799382384
0.0207411846129537
0.0240725018795999
0.01680526573619
0.0182288589128833
0.0163834812290234
0.0213619021258739
0.0200633722807397
0.0236225585074026
0.0195633985133556
0.0172728455783828
0.0163305154029179
0.0216179852179314
0.0194539032747357
0.0229360552433927
0.0189062520887973
0.0176842877170149
0.0178970111146696
0.0214944010476235
0.0208932880950772
0.0245853582089291
0.0176596053292483
0.0179330433393186
0.0195463155985071
0.0207767198543549
0.0232883891069048
0.026391483700679
0.0185099347235705
0.0193967850986358
0.0184795879663274
0.023757773743979
0.0234440420376784
0.0272926686999091
