0.0414720177156265
0.0628523804810171
0.0436331075867903
0.0493199711937718
0.0717848946912579
0.0565035979862349
0.0682179090360355
0.0443938493734451
0.0460633701198598
0.0768328774460503
0.0521150278705782
0.0807465152510074
0.0462624809773031
0.0467555199739202
0.0477067869940138
0.0535621578189413
0.0550627815869361
0.0600604616414944
0.0493374745029616
0.0486535701549505
0.0446748609994121
0.0572715662737278
0.0533028702135252
0.0610593265001868
0.0518143504615146
0.0467011805542598
0.0411747630118651
0.0565262672631042
0.0535515533239793
0.0621766057516652
0.0503479822446711
0.0428736867638218
0.0409440937130154
0.0569425575476652
0.0518661037058887
0.0663998915442637
0.0446330805368055
0.0411452716697402
0.0397157554414793
0.0530955946001705
0.0498196866774151
0.0608918997057507
0.0438696995642453
0.040020246422548
0.0373520107608978
0.0519393499162601
0.0484189350491335
0.0598306556063938
0.0384707232019709
0.0420914928817347
0.0394843622829466
0.0454101994367999
0.046417363841763
0.0511327198471162
0.0461735082181007
0.0401762957660545
0.0417091019846199
0.0504437036704712
0.0468904470122653
0.0536519066875616
0.0417370576407947
0.0422701750628784
0.0435286363079898
0.0480603339559998
0.0504423689983385
0.0545318293664
0.0438510653033648
0.044353340193207
0.0392195099066333
0.0517726244700886
0.0480374555012719
0.0554743369222163
0.0464671483127303
0.0411576842178256
0.0347398512178485
0.0502955887368529
0.0468213515650373
0.054752522243664
0.0444857521289271
0.0366369647504398
0.034825804732041
0.0500608506182555
0.0438783160410718
0.0578187420380122
0.0382193665563152
0.0351464366411923
0.0346883437882817
0.0453691070695017
0.0427581008212231
0.0523429603075065
0.0373688239325478
0.0349725482987692
0.0318357000147697
0.0446774623866771
0.0417073475070151
0.051442155704924
