0.0219728626450012
0.0303143421255527
0.0241136252024272
0.0280699265892264
0.0343105254836604
0.0319760394948802
0.0304351989855476
0.0234866875944771
0.0246520581482298
0.0342715926926375
0.0288812439078752
0.0399500725133121
0.0237830191458395
0.0244683482465406
0.0298017023267349
0.0287655981274477
0.0339548483977943
0.038720453969825
0.0249082224421762
0.0297115998021852
0.028105060073755
0.0340631491233032
0.0332552326209096
0.0375213780431918
0.0296578363600538
0.0270912593765956
0.0276990437268796
0.0325060511335262
0.0314135737982146
0.0365050847291601
0.0259500770405142
0.0261523070463606
0.0258953837352932
0.0295618976374105
0.0320235473208188
0.0355388878217496
0.0260706641382284
0.0250696547339542
0.0247325565449732
0.0315669114877445
0.030424393993543
0.0371411560064268
0.0250064678628519
0.0242895105270493
0.027020364288949
0.0303792582639761
0.0315433556444709
0.0377304278766906
0.00923873017438956
0.0117949669062687
0.00999427439855644
0.01286538329342
0.012284760372385
0.0149704106319203
0.0105304503808772
0.0111792264262343
0.0123657864694719
0.0119716386002831
0.0137169613197637
0.0145622415309169
0.0108578939729926
0.0128591523195352
0.0153224489753665
0.0135946663983783
0.0167467563107096
0.0172187320079708
0.0127505951051457
0.0160867289968731
0.0119203097276144
0.0162150716850083
0.0185655209707271
0.0183134191142856
0.017244527954439
0.0127557851054673
0.00926103175354318
0.0198630750615622
0.0126390010991712
0.0201400122703847
0.0126687756703354
0.00951030385331993
0.0112745007050373
0.0128940663260419
0.0140713512674423
0.0164328381199312
0.00896616381865665
0.0109533607309925
0.0110494076005742
0.0134555240983948
0.0141041445090972
0.0167746204876138
0.0110131485229661
0.0109370505349547
0.0122215857495876
0.013755667188674
0.014762190366773
0.0173140482129887
