0.0199411446692017
0.0311522899320816
0.0227751428576622
0.0263402875421206
0.0352176294343856
0.0301195309195809
0.0322467547423773
0.0226350727379475
0.0247361129770875
0.0362372935469033
0.0288569961662201
0.04174054620961
0.0228645730696074
0.0241810988844269
0.0263915318544491
0.0283010172243608
0.0304875580075491
0.0344429028117263
0.0243589228696739
0.0262454904362805
0.0243582048400661
0.0305588253800545
0.0294575688586005
0.0334749114380757
0.0269033794176591
0.0241916869904669
0.023480569538645
0.0296542463308175
0.0283910634910457
0.0335558400800247
0.0243353758090303
0.0227299499428764
0.0231080360195481
0.0280504690615607
0.0279235081835577
0.0329312167286572
0.0228662885420684
0.0224680287303563
0.0223606504741446
0.0277404054839953
0.0273860566378021
0.0324003598537191
0.0234805679835399
0.0221839500535795
0.0227544230848841
0.0277673792396111
0.0276843002412439
0.0332328711834165
0.0139087721765041
0.0167431089711915
0.0153606662911692
0.0189609743061632
0.0192200125880877
0.0219954688006184
0.0162701192685404
0.0155575787272482
0.0161786435271823
0.0192753757489335
0.0199921201640642
0.0228340762073871
0.0158270728219663
0.0163327526219654
0.0178228903591972
0.0197949772899287
0.0205844489581582
0.023340405040121
0.0164174381460571
0.0179984081629394
0.0169096251952717
0.0203393784734725
0.0211738422404663
0.0232078611703313
0.018988828542405
0.0174885753241727
0.0149500758657746
0.0218481301928223
0.019699548897747
0.0238475452797708
0.0178451274013329
0.0157820940052277
0.0157795364189408
0.020311504809579
0.0193169187918944
0.0231692021934258
0.0158248491649501
0.0158118805646666
0.0164744350113375
0.0193572651879087
0.0204521776698049
0.0242277862795903
0.0164177648916508
0.0160486426353159
0.016242153825432
0.0202350321383215
0.0199170650395302
0.0240140988186529
