0.0294411212481119
0.0452807781531456
0.0365378332123925
0.0381498585319816
0.052376970176487
0.0454707069084707
0.0604355299027485
0.0426703716690911
0.0458261218333803
0.0678187062272239
0.0515131487305506
0.0752036808473328
0.0501514785233729
0.0523335393519013
0.0579561548437834
0.057620852075277
0.0649625665680338
0.0685311401278524
0.0644800733505674
0.0666534259656341
0.0668547837166663
0.0770262962833217
0.0767422067450683
0.0825857473947794
0.0816718721903113
0.0777670469279464
0.0865213323681433
0.0909401820180058
0.094198105428147
0.104146962553687
0.0945566735608561
0.103015667244607
0.11714670185682
0.113353762023077
0.130163982950259
0.135668354357724
0.0967303273956069
0.105970929111294
0.115029650058277
0.119041257981651
0.135145226468008
0.142206585861068
0.100283651863504
0.103405582227071
0.10806109272184
0.124949297022853
0.129456527263952
0.145778749840581
0.022134046822755
0.0231729993490574
0.0217103971591329
0.0270720555316811
0.0231072903224371
0.0306602308881586
0.0356682930545901
0.0292100226264154
0.0298304726232262
0.0341996879132303
0.0327368682143472
0.0366021874023694
0.0388794103754492
0.0369759608378323
0.0393604166281894
0.0407044363611981
0.0457488619593409
0.049333348083507
0.0452985327769387
0.0500664380866993
0.0474809281463454
0.0596987737553749
0.0538345130353386
0.0595771457650367
0.0606390301892407
0.0600745775088327
0.0605906110831963
0.0681118357772919
0.070204636523278
0.076788064477523
0.0723729480340961
0.0727279742074193
0.0817352917756436
0.0875810729123494
0.0928798609821509
0.107972562686809
0.0696872100047086
0.073134846204151
0.0778929813836532
0.0860189769076646
0.0925200694082656
0.102565496842698
0.0743623776963407
0.07130681663159
0.0713779132664262
0.0892583491435283
0.0873440101679614
0.103478217890296
