0.0207229461792365
0.0299906153642853
0.0223359631127131
0.0261696143725039
0.034535956376754
0.0304505743427852
0.0313352481819268
0.0224548355453294
0.0231899285819801
0.035829533032378
0.0278953277600739
0.0405015077303434
0.0232135225580974
0.023301995696389
0.0237759516824508
0.0284647022279021
0.0285980917947328
0.0331605560582541
0.0239790522667713
0.0240992041695112
0.0220096060838463
0.0291999080705926
0.0269520297933696
0.0317857039824226
0.0251278889281164
0.0224039380420385
0.0215370055135116
0.0278466949077396
0.0264318678448931
0.03151074687194
0.0234940294888989
0.0219079982700657
0.0229551243022074
0.027439100536418
0.0274856830823055
0.0330666833695469
0.0223104989547732
0.0227276810541443
0.022553567010753
0.0274255675477288
0.0281734060994355
0.032536841902053
0.0231799459675322
0.0223694201947039
0.0227059645125396
0.0284243897794112
0.0278018592640301
0.0338363539481289
0.0163575232465866
0.0169277667503305
0.0164215934250888
0.020734464224848
0.0203022189816323
0.0239738702418002
0.0177252141184906
0.0167498248780868
0.0167971284956013
0.0214438663808339
0.0205665263597017
0.0250898479539186
0.0172487627596523
0.0169925124637375
0.0160975772680321
0.0210509944181492
0.0207781045364605
0.0243875322207685
0.017485904063445
0.0166779903880904
0.0154928947706226
0.0212490482587058
0.0191907832313496
0.0235705480147399
0.0175345488082932
0.0157720721665586
0.014294412596912
0.0200401574223961
0.0182065016313307
0.0220160567499142
0.0166352536860269
0.0147621416112126
0.0155022019502819
0.0191396795940873
0.0185228105660729
0.0231176665421679
0.0149197128117854
0.0153318790857871
0.0161879791511574
0.0183634399963493
0.0196587968424679
0.0228882728351187
0.0156742171895009
0.0160663236769904
0.0155160007834214
0.0197148775851798
0.0196070968396848
0.022682977759641
