0.0109352783097903
0.0141545956738024
0.0129133746499087
0.0137156654444505
0.0165808364593898
0.0159766922673029
0.0141029876393756
0.0126302557271238
0.0139093552038362
0.0163735686492311
0.0161777525411695
0.0197995243753733
0.0133047192198835
0.0141211575211956
0.0159900941733924
0.0167333362043926
0.0182552162787802
0.020586069999003
0.0145169848533315
0.01594838871053
0.0146979406951212
0.0184172808313018
0.0177315307829279
0.0201640055717738
0.0161652234457175
0.0145898413616486
0.0147711911923133
0.0178439249730395
0.0170071136786173
0.0200123511172016
0.0144327580583679
0.0142753698698228
0.0152914381118357
0.0165737200990351
0.0175104827944305
0.0197171026843063
0.0143255883250879
0.0152724341734054
0.0153103989178352
0.0174839139272691
0.0190734607454709
0.0210428124854515
0.0153916548488645
0.0151769977501118
0.015891444931768
0.0189772381029331
0.0191211035573786
0.022978057235373
0.00690571029714608
0.00852262363910519
0.00727666007140557
0.00868783570112334
0.00907966185529105
0.0100509813973338
0.00801437486366972
0.00747169174518873
0.0079244352477245
0.00874902503935144
0.00970005056287863
0.0104459700323631
0.00823588549507208
0.00873410545920775
0.00994924366655802
0.0104877814339272
0.0112829980770803
0.0129159808247494
0.00968009149153052
0.0103054997832129
0.00907927629666915
0.0123870031698142
0.0120280857897074
0.0140718687620173
0.0107444812297007
0.00928035159736044
0.00765322648325868
0.0125799914692947
0.00966449689815747
0.0126967350288151
0.00962902362622952
0.00804989208411485
0.00918123104909004
0.0103486693929685
0.011040612844308
0.0133560332902162
0.00769139528352868
0.00911454346063422
0.00962070843105339
0.0105637228166293
0.0118370045514265
0.0128397768809595
0.00906735572434515
0.00964278364780229
0.0103667157667434
0.0115462314843424
0.0122138117763243
0.0138205986377142
