0.0213852277625318
0.0203844572088097
0.0199960771418236
0.0256338774043594
0.0255732207276301
0.03081673601845
0.0213312972793007
0.0206625165270321
0.0200589062228165
0.0262328506560715
0.0253935146148462
0.0310264379871147
0.0209372259915254
0.0202223021685944
0.019890443619298
0.0251567720658117
0.0253850623894127
0.0303215579207156
0.0210251506934389
0.0206022467934432
0.0206962074771952
0.02562795950769
0.0263447180481478
0.0310719049448164
0.0213730793209453
0.0211969830340762
0.0215327312045215
0.0264049258181869
0.0264708283804896
0.0319259826821125
0.0215783057070005
0.0217712338362084
0.0215958058158232
0.0263678570878291
0.0268967206998064
0.0314314350546629
0.0217634747108748
0.0213468748145539
0.0211944628048066
0.0262511196314176
0.0267939331564148
0.0316846323039013
0.0213253203433865
0.0210008457684438
0.0215930825744967
0.0261070147294457
0.026319931601741
0.0313464176264427
0.0137194302049246
0.0130085262348683
0.0131174749033008
0.0169882753459288
0.0169833085283267
0.0216258735078895
0.0135385743668258
0.0133059445083889
0.0129540787216605
0.0172322808435785
0.0164763323543016
0.0208116099717763
0.0141705666594993
0.0131511070252484
0.012710043725294
0.0173626191856485
0.0172776780377982
0.0211579407576122
0.014230517858583
0.0136168363033702
0.0138068467824298
0.0181606074379712
0.0180714043789625
0.0222300668475457
0.0145081412963685
0.0141237403142733
0.0139503537008835
0.0185438216771602
0.0180160241669335
0.0224488622136432
0.0141671165015852
0.0149945836224021
0.0145094141805905
0.0181999826255092
0.0186927427669115
0.0217644007352313
0.0148491219441882
0.0143068501045954
0.0138563115603245
0.0184089388241726
0.0182544045135122
0.0219086119108387
0.0141150038589046
0.0138706622305674
0.0136815240855013
0.017699061975211
0.0174835466894987
0.0207667214562943
