0.0244895591755334
0.0360327980266438
0.0247676788988124
0.0369811227896591
0.0371547830338882
0.0362586946437941
0.0378008527660112
0.025772143937332
0.0225223605807548
0.0388186593659643
0.0294254303149663
0.0410072437422199
0.0281801427956699
0.0237659986570747
0.0206084674180243
0.0318363195019553
0.0269347323187455
0.0344110421038855
0.0257846732530574
0.0211593851765023
0.0162305101975608
0.0284002029840608
0.0234974113490878
0.0299426494413772
0.0234974453142831
0.0172649617380957
0.0125520873735671
0.0256146916077122
0.0201091462464101
0.0280157549611162
0.0186637017624242
0.0130273402552156
0.0116397813118022
0.0214068822953568
0.0163156757005106
0.0244714084829196
0.0139420521165832
0.0119435476049125
0.0101271087573886
0.0171483524060827
0.0143955883303838
0.0195854690696647
0.0127642646267526
0.0101536861032328
0.00879473629730428
0.0150694699029193
0.0124688637203523
0.0173653465029633
0.0142382212309715
0.0131192265331802
0.0126031068692482
0.019486907776603
0.0136864694911528
0.0210968861098185
0.013192009347343
0.0130132972903944
0.00981844378296022
0.0140426503546798
0.0156605150918591
0.0162552234197535
0.0142603546618875
0.00994665343120777
0.0114700045880172
0.0167448216250992
0.00908242946146598
0.0168590555210258
0.0109320175954164
0.0119699991540131
0.00872854823638877
0.00955142570560561
0.0142395637790839
0.0108792653114994
0.0133647545515938
0.00879611275505784
0.00665346307572614
0.0151362552942268
0.0101107584796516
0.0160909587296583
0.00952008479844653
0.00647702718040607
0.00516604083447491
0.0105105012962561
0.00892042291585128
0.0123631560092821
0.00697098620652391
0.00538158893146656
0.00528276028710768
0.00945982692534141
0.00646748944943119
0.00956538365485139
0.00645254854110885
0.00509806370042503
0.00577233718080989
0.00678250236971038
0.00913006444308826
0.00991180283963478
