0.0125297965111466
0.0124035443088879
0.0073271268312728
0.00797742546412261
0.00783496384455869
0.00863666348025629
0.00983433860709551
0.00897747958040718
0.0085725666168089
0.00931375064217273
0.0101433069781152
0.0161644013003368
0.0115520474618457
0.0113614582709404
0.0127864940597296
0.0141311979872049
0.0127272546876772
0.0127536895901279
0.0134881999974125
0.0129137394210727
0.0192131526307785
0.014463747936472
0.0153884934939131
0.0176315266487036
0.0156901071436847
0.0157014776403144
0.0170034076030118
0.0159477219527346
0.0214187768694063
0.0180996094484844
0.0200946228044255
0.0188638332455571
0.0182894109111713
0.019909404518639
0.0180901838132044
0.0247810744323305
0.0225172948422212
0.0213577208042298
0.0211994539843637
0.0224605547751294
0.0215738293058051
0.0292873086769974
0.0237015961406288
0.0235572312586325
0.0252697716512641
0.026131385059991
0.0300019794630448
0.0257564290627414
0.0275681770268479
0.0271822716348229
0.0313880971009672
0.0298010473054304
0.0289289598857493
0.0349122108340351
0.0330176837263164
0.0130253038595696
0.00749263868646083
0.00799782144025489
0.00786190387561688
0.00859369262199876
0.00972364537292947
0.00893886616100477
0.0084782517553625
0.00911769116333395
0.00954805169757817
0.0169714926789139
0.0117201130036476
0.0114906430888801
0.012706532044535
0.0139913047801357
0.0126094326640129
0.0125820090560007
0.0131555093567083
0.0136428919210376
0.0199945537638399
0.0146916248310858
0.0154571660279827
0.0174746665382245
0.015602071168396
0.0154553855590816
0.0165721585546331
0.0172562087975445
0.0223632871401319
0.0182378941676842
0.0200242190726664
0.0187098416554081
0.0180933796384748
0.0193749660340848
0.0208079371755219
0.0256154423780511
0.0225448077760301
0.0213382878274492
0.0209591077458418
0.0219017075072864
0.0236071511857603
0.030020099233879
0.0238030689010188
0.0233938777155621
0.0246468467358583
0.025915175570222
0.0308126961963997
0.0257330477906993
0.0270811375339527
0.0286805727829891
0.0321467116367018
0.0294390337017167
0.0314431083191232
0.0353032986034445
0.0336888578026197
0.0390251585547717
0.00770376823993242
0.0080700979062934
0.00791620208681594
0.00863532962963676
0.00962818762977013
0.00890385155168143
0.00842511333062578
0.00891509553112501
0.00936066875099509
0.0097343950126165
0.0120251740636326
0.0116436864950327
0.0128764226958134
0.0139476846103635
0.0126033251951465
0.0125631269180147
0.0130483235903904
0.0132118752957648
0.0140614345821415
0.015091592539203
0.0156868521451022
0.0175740715520086
0.0155509677805001
0.0153439044168962
0.0164708711590192
0.0168649011332855
0.0177792744241678
0.0187241987656806
0.0202048540103339
0.0188452120246453
0.0179382063791953
0.0192229323095113
0.020337921603449
0.0213325750405704
0.0229996732563926
0.021560239033613
0.0210233347110509
0.0217108421871781
0.0230947193186824
0.0249918620180914
0.0243381229114797
0.0235730114947589
0.0246538519456106
0.0253613966365265
0.02752723954314
0.0262226799342754
0.0271830794008312
0.0283804434798105
0.029741951974276
0.0298398665268401
0.0312670256632926
0.0327187082808177
0.0337840585718337
0.035727277678497
0.0382695070478422
0.00412381604718869
0.00355304098283236
0.00433405389007698
0.00428559977454409
0.00410504676649988
0.00414425166338917
0.00454017352964458
0.00423502174780832
0.00396676549033649
0.00465109176992984
0.00634311809395469
0.00605447510881131
0.0073841973024831
0.00692623776463888
0.00776527923974818
0.00786685890003499
0.00676459378228078
0.00619054910268457
0.00681238868621563
0.00883420308506266
0.00925836834335676
0.00947942199223706
0.00969954327752136
0.0108288499189526
0.00892188311758815
0.00804058521070558
0.00908018236830482
0.0115291165550158
0.0109134283169975
0.0122050901057967
0.0130293591003705
0.0121193896501828
0.0098881171814954
0.0109787941539541
0.0135217873526274
0.0130928662479177
0.0152576834167634
0.0143373207819159
0.0126668952599087
0.0123198594334373
0.015805405826336
0.0164825683613171
0.0165421898874025
0.0147725669401469
0.015362456417511
0.0191607238082694
0.0177481417959645
0.0169835230358896
0.0175575296810603
0.0202984329159002
0.0177566972045845
0.020007907882894
0.0204358851325891
0.0212351417950741
0.0237042454949252
0.00364512436903076
0.0044912892632779
0.00438207866923022
0.00434432416152747
0.0041943052556526
0.00448816118432091
0.0043636783114513
0.00402388167137543
0.00467941878329978
0.0050872702642061
0.00604089345467858
0.00750450377817891
0.00718596502921188
0.00802308314218288
0.00787412209456685
0.00687364806845624
0.00615131658686586
0.00691508493621285
0.00790174232705667
0.00928263175251065
0.00950852663426159
0.0101544681206471
0.0109698949926196
0.00912371459675082
0.00803812709730951
0.00907236742449329
0.0099767206027585
0.0108211089811435
0.0124995275725745
0.013497392413316
0.0123312986439511
0.0099499772011232
0.011018738099455
0.011937393727992
0.0131864275651381
0.0155159306312101
0.0148100624136242
0.0129781875812434
0.0124739131955666
0.0143201146265746
0.0162725140132709
0.0168647063866221
0.0152103940978161
0.0157311772595338
0.0156942004402641
0.0176782104522614
0.0173608033238965
0.0180527736115362
0.0190116742179635
0.0176829490166139
0.0203494438398479
0.0216600275587577
0.0211719390235244
0.0239003451946793
0.0244593625927687
0.00465454590034577
0.00454581654527104
0.00436893623270272
0.00440140583489388
0.00455524620448836
0.00432058913891065
0.00399040554684575
0.00468932131280633
0.00502833168641155
0.00496057599996897
0.00754421998471124
0.00762527757968482
0.00834456142412241
0.00788665710200897
0.00713311250048912
0.00604136358271567
0.00691531566244525
0.00785179437058982
0.00758473801183862
0.00967065962750088
0.0108492248831374
0.0110763608351973
0.00935230929249942
0.00802349677907345
0.00886301046694485
0.00990377241026036
0.0101774295173234
0.0126304509992272
0.0137972191896696
0.0127608952313929
0.00998240360594931
0.011029585291985
0.0115661481620932
0.0119186877641645
0.0153506922177133
0.0154554994707752
0.0131878963079356
0.0126004355885915
0.0140312316020489
0.0135653937792556
0.0171549500489102
0.0158353170200938
0.0160980924280888
0.015490239547704
0.0155611706897996
0.017408991301975
0.0185715444806172
0.019061758406649
0.0169762355477361
0.0203368089602469
0.0217841590882926
0.0200708401919572
0.0236567301964803
0.0228194174337419
0.0247911264879336
