0.028804725127351
0.0423560710733806
0.029679642863791
0.0346733952468359
0.0481833882455066
0.0394798117998031
0.0448626021827537
0.0301839931908781
0.0316094470535187
0.0508340029551912
0.0370534825299274
0.0558206192357683
0.0313032554866665
0.0318602707726667
0.0317112066324206
0.0378737269592422
0.0383119219133835
0.0435609668164939
0.0331571893828753
0.0324721645934366
0.0294318836704371
0.0395689116406496
0.0362080024799707
0.0428148689203827
0.0342397196410042
0.0302169103621931
0.0277041859196063
0.0375791515495171
0.0353438093897945
0.0419743400429102
0.0323006728571855
0.0287242129676099
0.0283535465390908
0.0373373827867598
0.0354582624655963
0.0444779149188539
0.0299609986143309
0.0285940817952011
0.0277171990744691
0.036326469424407
0.0350997190279575
0.0425749211226359
0.0304329261995895
0.0281124591297669
0.027164519635494
0.0364188284662823
0.0346505754466665
0.0430220438770536
0.0246119445289445
0.025579914923067
0.0247756965053459
0.0293537426344917
0.0293652198795596
0.0333785333264199
0.0270889857760815
0.0253044495669728
0.0267887609714226
0.0315325137558734
0.0306731696261061
0.0350709759539141
0.0262638933602373
0.0271372150526798
0.0266956947704889
0.0314488711861437
0.0323199615200352
0.0364029578443209
0.0281225286064506
0.0273474713535989
0.0243327333336925
0.0334428243100862
0.0308152890341742
0.0367266381725506
0.0289362206307099
0.0254947129733836
0.022524160158642
0.0323844961178201
0.0297847295702355
0.0356198050322516
0.027166036456881
0.0238155656994369
0.0232674857735666
0.0319665497330599
0.0293569706508675
0.0373559185877378
0.0247501180076035
0.0234462854855616
0.0235352766528805
0.0300201942115572
0.0292917791693303
0.0358134469429779
0.025147834636283
0.0240576868283477
0.0223806327235416
0.0305797370208496
0.0291480181670071
0.0357786872928545
