0.0318656677914845
0.0436652572171774
0.033504955741957
0.038804919006736
0.0498563998467472
0.0445226964397306
0.0474235109086465
0.0347222368504105
0.034858854192329
0.054239510778085
0.0417883118850189
0.0596311210360753
0.0361166574913037
0.0353189553178747
0.0352712371889052
0.0428188543785972
0.04272629627618
0.0491245386387604
0.0375466791725981
0.0369555913660387
0.0329393331541282
0.0449513300326266
0.0403508001693443
0.0474182956179979
0.0403906038991162
0.034837090648127
0.0304078792005083
0.0434438091830756
0.0398671891207695
0.0473981495445
0.0382849084307055
0.0322727858660122
0.0334217539378382
0.0434358428147322
0.0409020056735484
0.0527211316553019
0.0340000777782224
0.0333754040559338
0.0319592029578478
0.0418895442182148
0.0409315974010821
0.04923981916112
0.035456928723621
0.0326505019393917
0.0320849881092934
0.042627723264265
0.0402840605617941
0.0499156644913296
0.0270221953352814
0.0284989539438847
0.0270170123166156
0.0324386406542645
0.0329695966855859
0.0373912104511268
0.0312202249187497
0.0279973838427531
0.0286402361000147
0.0362354220277885
0.0336057395916461
0.0406933290697231
0.0294525850630106
0.0289078186216098
0.0273522653208022
0.0351176294271828
0.0351472227201039
0.0405505344581591
0.03077624228275
0.0286542662637699
0.026134494139675
0.0369126186773513
0.0322901954627302
0.0397594409075938
0.0312653606719026
0.0278853093549606
0.0229946116849419
0.0346588756049439
0.0323199874666551
0.0383909946104776
0.0306636725133883
0.0243581981030617
0.0253823974601332
0.0351319328174356
0.0306708128464524
0.0415306784774764
0.0259449930580283
0.0252965988283353
0.0250594007374574
0.0312274497033609
0.0318391253037026
0.0375436284138738
0.0269669508626549
0.025722532220077
0.0247057481382302
0.0340043005782083
0.031704845290478
0.0397659255628452
