0.0238710288542349
0.035976567451945
0.0251721011171603
0.0307674074130681
0.0417676803237643
0.036417268117194
0.0381710842747742
0.025457740174347
0.0258322605606335
0.0439574196499562
0.0317769839961825
0.0498132409137437
0.0265215196544309
0.0261714303749541
0.027731695078009
0.0327044562693542
0.0335212459931325
0.0397807270125642
0.0273947678309703
0.0279604113833174
0.0263475703604194
0.0344144473193053
0.0324355020608989
0.0386807040590543
0.0294580104344329
0.0267847522886795
0.0255989202928255
0.0336667893948781
0.0321042930990099
0.0385498407258321
0.0283472207270163
0.0260473395341543
0.0269500295571987
0.0333955307203054
0.0331604140079504
0.0404927336019888
0.027662880838147
0.027479729575121
0.0273905980763538
0.0344412206115342
0.0347941269519536
0.0415158543659655
0.0293959207150355
0.027886825076542
0.0288541739790484
0.0364134508023337
0.0361213782440989
0.0447243773636053
0.017235154859264
0.0183347051292771
0.0163155666865943
0.0221501360272369
0.021170477288165
0.025906636663006
0.0193802036020489
0.0171639143712651
0.0167154120320077
0.0229392959734292
0.0205805158116118
0.0254105878054949
0.0181395185438182
0.0175021520045606
0.0179512697913295
0.0217767650402374
0.0212243584039881
0.0253069080580694
0.0187403184724837
0.0185510753699299
0.0163889933002844
0.0223519274828102
0.0213886801415704
0.025205224207197
0.0198389609094148
0.0168772383643436
0.0150892217968186
0.0227170372302328
0.0193374201731999
0.0246594969388927
0.0182990052354934
0.0158046090893974
0.0164099433643877
0.0209472665518676
0.0203193875073494
0.025166852916955
0.0171726057833646
0.0170463134865076
0.0178081877097685
0.0216133363342264
0.022183977606591
0.0265877999184524
0.0186279608724175
0.0185323050435456
0.0185948119339849
0.0238118587796707
0.0239494468501526
0.0286420359323608
