0.0532246197213569
0.037208027347659
0.0387706015289512
0.0604497671276519
0.0444087886763913
0.0646829646373376
0.0389535442251561
0.0399449201189742
0.0402886168249096
0.0459888203061311
0.0477625348616995
0.0524124653062289
0.040582538265119
0.0406597558098921
0.0375740082494401
0.0480805541996131
0.045019192650537
0.0515827304159541
0.0421715206898903
0.0385760273061321
0.0349321295911947
0.0463570069265846
0.0446838983348936
0.051464339425399
0.0403347938932467
0.0360523734156075
0.0350623712635211
0.046268730840791
0.0439588242785921
0.0545212934446382
0.0363591016182031
0.0347433233113534
0.033605482931532
0.0437450156624263
0.0425816219544553
0.051050411621713
0.0357134746919628
0.0337102840947102
0.032231943015822
0.0430466511066199
0.0413416574902388
0.0502302215495255
0.0361997154308642
0.0331551276312119
0.0343709146514153
0.0397624118099913
0.0390554550450292
0.0426910990650267
0.0347478514591714
0.0354105230404243
0.0358629136966455
0.040361638101972
0.0427921978893722
0.0463925288083322
0.0356758577117894
0.036087653489333
0.0326373586634188
0.0429381765268493
0.0399752329801522
0.0463703549948516
0.0372216533218404
0.0335553750211365
0.0292116292632417
0.0409989740419513
0.0386709953256998
0.0450110576146908
0.0350883964332505
0.0302452681482001
0.0292340203816475
0.0402760200621108
0.0362990179883795
0.0464208387781625
0.0306519095271107
0.0290565991330013
0.0288421476853553
0.0364576895905857
0.0359300973339627
0.0428289192069102
0.0300397961974542
0.0291482229514223
0.0273716084338314
0.0366046024889775
0.0354620995060468
0.0427339451378156
