0.0346779588908131
0.0345803451078233
0.0186170722341631
0.0212143652504359
0.0198556358091638
0.0198142436688513
0.0172923433107548
0.0152618065656906
0.0141853499570176
0.0142111570906331
0.0307224954271832
0.0478863019469656
0.0318935576626791
0.0310386782020721
0.0320082661682984
0.0316970619321935
0.0263040364303474
0.0241283862434804
0.0238086349772192
0.0383398241107827
0.0539200245737687
0.0386797880623069
0.040073578269608
0.0405801208907916
0.0371181233835955
0.0329415278473971
0.0322995499330684
0.0445634751028712
0.061774463438578
0.0455374125146571
0.0476339352840056
0.0445007752941721
0.0426741575293449
0.0407934690290773
0.0507222594960751
0.0659507402338809
0.0518886498032473
0.0506489081999725
0.0492390479597221
0.0507851272999366
0.0557225742408029
0.0691014429093429
0.0543617068904734
0.0549718529242185
0.0569611314992331
0.0610586137560151
0.0694289000563037
0.0582679630090313
0.0625564054925078
0.0627781002289402
0.0709683756061283
0.0652936579528147
0.0660602630499814
0.0762506890557307
0.0724136805715693
0.0371083641284458
0.0192483374558356
0.0216578179323634
0.0201795164034775
0.0200999032436792
0.0174478019736605
0.0152683558220837
0.0140422050446771
0.0136544675693155
0.0127791645189176
0.0514789338701127
0.0328288298097773
0.0314666066221887
0.0323954716096428
0.0318925565524867
0.0264189509354277
0.0240581191830016
0.0231915809860937
0.0222762401830501
0.0579171122172023
0.0396646118907118
0.040393206030569
0.0408270887600733
0.0373117695241887
0.0327071868572051
0.0316817368764314
0.0306970283586956
0.0660205366704882
0.0463810102040159
0.0479362056940296
0.0447341915358227
0.0427431602667947
0.0401410723549143
0.0391376546053146
0.0702235456320004
0.0526599474198727
0.05106338046413
0.049379246813759
0.0504053614933764
0.0472289706251385
0.0731160565529883
0.0551852023240151
0.055137891987163
0.0565023380556737
0.057373510839012
0.0735726192722581
0.058806460166716
0.0621352030688307
0.0631107559726694
0.074983868170952
0.0652111232436349
0.0684231420215953
0.0798348870474788
0.0712476179990226
0.0846175484278529
0.0199105141456688
0.0217462960412513
0.0203660413265386
0.0200430090438873
0.0174369487794622
0.0152902045338261
0.0140004082531276
0.0134123819406722
0.0123309336407985
0.0126956365017184
0.0334407344993122
0.0315045114858719
0.0324998978411447
0.0316961943438588
0.0263231664916722
0.0239989749587691
0.0228996317594657
0.0215471008688013
0.0215447484580674
0.0401679869118303
0.0402529848827982
0.0407960642155068
0.0370448766868498
0.0326850932868757
0.0312501011858859
0.0298000526782437
0.0291964631234596
0.0467262125652322
0.0475809979390495
0.0447092654977666
0.0425770221342538
0.0396270997182793
0.0381063990144929
0.0370841740757244
0.0527217098757504
0.0506159562446891
0.0493504863352317
0.0498585043120322
0.0461072620555542
0.0451835536488977
0.0552257640304763
0.0546849368265505
0.056124754236021
0.0562060482322666
0.0529223306779627
0.0586911263543181
0.061335096443322
0.0621054409469524
0.0625252209753561
0.0648058841431097
0.067071310017846
0.067814622188198
0.0701791738672284
0.072799838093242
0.0759521781019748
0.0166221543682345
0.0179352286794444
0.0168395172302453
0.0190162446257912
0.0170769149051171
0.0172795572077244
0.0149958175150066
0.012999086310899
0.0123814450790971
0.0114768664984718
0.0282329832784572
0.0305362389249136
0.0297912435382874
0.0271488998578418
0.0280354496205949
0.0281711456823637
0.0225845136539433
0.0207549881961945
0.020251154544459
0.0349145884074843
0.0378911251863824
0.0346260445993069
0.035630498072143
0.0364163678668045
0.03252571732054
0.0276527533616898
0.0269381715722718
0.0407599536975781
0.0421902917910225
0.0402758214896476
0.0427609894529181
0.0395865966394878
0.0370789338762742
0.0335544663590269
0.044930295810239
0.0453210542230226
0.0461746643729629
0.0455101618067951
0.0430378579548491
0.0428850324797072
0.0484321494272759
0.0498056277221638
0.0483047346640716
0.0486823575486052
0.0484550813723454
0.0536020369278917
0.0517749247625444
0.0509037114715018
0.0538490729938579
0.0556634029194754
0.0527463851422335
0.055838068201296
0.0572215862613789
0.057412563959795
0.0612515397870776
0.0194851358731665
0.0173838986488293
0.0194576669165275
0.0173701241124599
0.0174539376507852
0.0150204353839706
0.0129892957831735
0.012168336892921
0.01108420410459
0.0106841072267969
0.0328256017283052
0.0304772379499514
0.027550596658253
0.0283585633553814
0.0283584154182149
0.0226781914368772
0.020623548120004
0.0197313695841789
0.0185528766751562
0.0407340430391271
0.0354259498653896
0.0358335429049711
0.0365132687198485
0.0327378446957996
0.0274924317931878
0.0264929650764386
0.026083945036153
0.0452899307291727
0.0408260774696794
0.0431128158557953
0.0399052958401082
0.0372284704791061
0.0331868774386111
0.0325323950740232
0.0486068000603587
0.0466213153098214
0.0461100623793403
0.0431915159690212
0.042828559115622
0.039033839988216
0.0528598511926213
0.0489917410007565
0.049009156391028
0.048306595789642
0.0490783846045904
0.0551345203997199
0.0513922184447051
0.0539565024925888
0.0541058768001648
0.0559932546073549
0.0560670458163903
0.0595094258221724
0.0604542760448578
0.0611327266256746
0.0650725601442089
0.0179998118067335
0.0194559593553611
0.0175054168483761
0.0173976814623269
0.0150096359391311
0.0130489089203977
0.0121001301257046
0.0108165179119353
0.0103224472328788
0.0107213749461319
0.0310527760962903
0.0274887680927139
0.028477616196007
0.028168061299118
0.0225823014719281
0.0206180760603867
0.0194174135766375
0.0178680510452593
0.0183210439186603
0.0358418224082154
0.0356185357351346
0.0363763051186692
0.0325027811111466
0.0275575870351847
0.0260831151675508
0.025417005197423
0.024240302609736
0.0409844799129513
0.0428039686066344
0.0397945045451065
0.0370973464409497
0.0327820035523099
0.0317961500099127
0.0313984162617991
0.0467475512055867
0.045724297093744
0.043212619239454
0.0423391121664173
0.0383622666801418
0.0376299502430453
0.049092415583779
0.048567585430573
0.0479614019289856
0.0483107436004741
0.0438165281966062
0.0513552390386334
0.0531104951981878
0.0533467691369035
0.0529071710147984
0.0557354090706026
0.0584440658788752
0.0572669606154281
0.0604861712392202
0.0623720823995221
0.0644937108759401
