0.0242283851574586
0.0362483783865247
0.0258326409060629
0.0313638398421377
0.0413985049638822
0.0353873338003709
0.0381655403873766
0.0260387116268946
0.0259719446824345
0.0422360395977731
0.0303939984784398
0.0477714280449387
0.0275007506746936
0.0260860448464934
0.027594109040683
0.0316174754921422
0.0312083132515326
0.0360366209120668
0.027388719660772
0.0276514120955236
0.0257182463660889
0.0321962687847561
0.0305444647288272
0.0346315562567945
0.0294723887176133
0.0263886565157454
0.0246218523411444
0.0321917856102178
0.030201588055946
0.0355838955329215
0.0276794878999939
0.0252115284499418
0.0264472542650627
0.0314534334114186
0.031012618204717
0.0370648350108475
0.0255965506398839
0.0261673313716433
0.0260114693849762
0.0309852880314066
0.0324956780877425
0.0367732839727527
0.0271322251704813
0.0255587180201189
0.024488702175689
0.0332584841203024
0.0305522296715153
0.0380864835329035
0.0213406662182237
0.02600335432299
0.0211929326983851
0.0292259931800138
0.0268172667761343
0.0303450611814631
0.0268249185752528
0.0218037448613
0.0196185982196236
0.0273592386942635
0.0237315932326639
0.0287596205160717
0.0235228140019228
0.0209521970579255
0.0214670946989826
0.0252113316186241
0.0251881502604263
0.0283821565147648
0.0213248994956221
0.0216017604865323
0.020255399124087
0.0252468592040104
0.0238450164591561
0.0277311569626561
0.022506712746151
0.0205817333190312
0.0183577825757877
0.0244721915845984
0.0216456714443338
0.0259786791145688
0.0216080405265578
0.0190952814715071
0.0205023907837487
0.0230156423866351
0.0228309882474915
0.0264606930858099
0.0198911097227824
0.0203308791082245
0.0200232524441044
0.023060070385153
0.0252888379083784
0.0270632578445064
0.0212758587687939
0.0202654777371707
0.0194280851355098
0.0263389899933525
0.0233429599843477
0.0281733566778617
