0.0186461036292781
0.018652006711372
0.0104890975225794
0.0114822799897976
0.0110477028571698
0.0117163503153789
0.0121118202280695
0.0108670659549015
0.0103911010563002
0.0160330422707371
0.0252487009022047
0.0173879474475002
0.0169197504502063
0.0182400245013202
0.0191974977034877
0.0169456919388673
0.0164527446272067
0.020400711025808
0.029722055952673
0.0216885178351592
0.0226489958932916
0.0243888205690724
0.0221827184323014
0.0211565147866288
0.0248395980827811
0.0336553754253816
0.0265293972436765
0.0283806419977329
0.026845084734339
0.0258464668546477
0.0284431800087046
0.0379233869651947
0.0318676560713217
0.03052518607378
0.0301076279538187
0.0327605475307608
0.0425121480310198
0.0338597418508894
0.0335917844603674
0.0378917228526516
0.0436188265767104
0.0366690989907186
0.0395558475929267
0.0453335204710146
0.0420394345741244
0.0199655871095218
0.0108749186733581
0.0118018361962433
0.0114464115198623
0.0120680449132618
0.0124036663968295
0.0111120331037215
0.0104668066402338
0.0110394857591799
0.0269649906257338
0.0178527587233748
0.0173237407442124
0.0186988967688564
0.0195343025487566
0.0172032520793666
0.01661269904337
0.0167702115535668
0.031412290970732
0.0221988093218368
0.0230071105772679
0.0247091525615534
0.0224287818484832
0.0212257337988598
0.0220764363428398
0.0354787721538018
0.0269225625330559
0.0285738738384847
0.0270037805549568
0.0258994519724948
0.0266502514080435
0.0395579853681135
0.0320216577838859
0.0305183440949667
0.0300808111136024
0.0314412624930094
0.04382355276024
0.0337826926488475
0.0333574994400483
0.035438411152215
0.0446293511988748
0.0363318586286077
0.0386221249967476
0.0460362827352387
0.0414797354909637
0.0502585444785455
0.0112895913439835
0.011879480565774
0.011500167433013
0.012055511935011
0.0122863373198944
0.0110507824362884
0.0103688352349787
0.0106676107433238
0.0108172696246093
0.0183302626829785
0.0174396885862516
0.0187374005617377
0.0193973646444955
0.0170398844320774
0.0164383154769391
0.0163582741410559
0.0165677690743989
0.0226918069660474
0.0230780223540873
0.0246470323498824
0.0222247567067679
0.0209300828676282
0.021540060172741
0.02167014642399
0.0273672188858152
0.0285651349088543
0.0269116400024432
0.025609549192966
0.0260039585806017
0.0267869211374238
0.0323763694653667
0.0305039191877483
0.0298863349853742
0.0307347617832
0.0311749010728724
0.0341267021677555
0.0332110525819954
0.0347880297410138
0.0357808175946133
0.0365175780315218
0.0380801128029346
0.039803653645036
0.0412737418969639
0.0431507282155218
0.0463211894388389
0.0123974634784663
0.0117074638071073
0.0121352479973586
0.0122598446666412
0.0110493211138579
0.010275128853144
0.0104752362443988
0.0104870148963811
0.0110344977297758
0.0180929830865585
0.0190005808821304
0.0194282179542461
0.0170201073912143
0.0163711401503822
0.016107415091197
0.0160126130353198
0.0167750126452657
0.0236964470356803
0.02484742628148
0.0222165235130387
0.0208518082736599
0.0212966849601038
0.0210000760388085
0.0216738858641261
0.0290755356173447
0.0269778640223679
0.0255734797814257
0.0256923514994733
0.0261009421012602
0.0264973704321128
0.0309319591538078
0.0299629773785197
0.0304856836743401
0.0303838188690481
0.0316543026302958
0.0336275974219169
0.0346866458630499
0.0350821738029069
0.0358368081404388
0.0382792372340841
0.0392374829373812
0.0402954179287405
0.0429110356659656
0.0443383210904876
0.0481168195901595
0.00689291137769696
0.00742791428768456
0.00755417670945404
0.00801875511487491
0.00734192795315395
0.00743121853074133
0.00733461669068334
0.00677114634826543
0.0063415663196032
0.0121285621204972
0.012861714055612
0.0132593014307514
0.012009102684864
0.0129056684138551
0.0131304312909424
0.0111037255708747
0.010245199240101
0.0157607978524084
0.0172596172827047
0.0161394354724317
0.0163107565263373
0.0174773332818021
0.0155196600053929
0.0131732035787681
0.0195935008029723
0.0196798822082784
0.0194453147862138
0.0207138089340139
0.0196899826341918
0.0169850137000193
0.0224461926460092
0.0223256661009252
0.0233046297095593
0.0225977713683123
0.0205188236765679
0.0251033570677401
0.026160376181842
0.0251430195883013
0.0232458294173078
0.0289081365676562
0.0278399383465093
0.0253322585434699
0.030701995679557
0.0271389073101757
0.0302641286189328
0.00808415203650411
0.00804470310642241
0.00844114660111005
0.00777360538982857
0.00783070400385207
0.00768900990919048
0.00715196009171923
0.00662249114940843
0.00673514735920879
0.0137965596386855
0.0139959925274728
0.012662649296651
0.0136104375517768
0.0137615656460137
0.0116336425212407
0.0108284275018664
0.0110103125080893
0.0184991121631587
0.0170631779021864
0.0171714405124605
0.0182550248521035
0.0162572436260876
0.0138868787229238
0.0145337074951364
0.0210453538577484
0.0205624587301085
0.0218043098414489
0.0205428349510015
0.018030484172569
0.0177470298626789
0.0238841088049726
0.0245482342955923
0.0238008404502343
0.0217511475631011
0.0216671397633206
0.0277163795551763
0.0264167753012814
0.0249167597983572
0.0253912930947178
0.0294792156698272
0.0272225240361089
0.0286719963782144
0.0295852235090872
0.031099636028284
0.0335899778758755
0.00825690534188344
0.00853686255271253
0.00786904972952622
0.00787496597976653
0.00757347961801868
0.00709569609236936
0.00660117679427362
0.00654387172095042
0.00691688165336424
0.0141686237827177
0.0128247425136298
0.0138011300141936
0.0136433866123511
0.0115844076947066
0.0106625630346879
0.0108333767595698
0.0112226232925903
0.0172027908495837
0.0173950863062505
0.0182742012198877
0.0162051648969829
0.0136790447949682
0.0142363151549485
0.0149680016129805
0.020653484116865
0.0219157118888463
0.0207530049484818
0.0178390814439081
0.0174152675328816
0.0181943862818083
0.0245121651654202
0.0240694214929352
0.0218682544840588
0.021303816515285
0.0215679817239497
0.0265355649647697
0.0250190109140633
0.0252998331977023
0.0256635641569882
0.0271923526780348
0.0285318554460922
0.0295513824217311
0.0307044571881878
0.0327881012790464
0.034911819264466
0.00886929755318551
0.00809245207710381
0.00810423754978209
0.00764607646544911
0.00712572404608951
0.00663867028742837
0.006540072440822
0.00677166450867426
0.00698062069437024
0.0132189441684816
0.0141043867778927
0.0138182597152495
0.0116490296200977
0.0107648226328293
0.0107887163022198
0.0109822029821475
0.0110350097312867
0.0177129779425079
0.0186490504828872
0.0164189194233255
0.0137652125070926
0.0141369267151859
0.0146322972004258
0.0144793792395411
0.0221692207940073
0.0210504994874094
0.0180677385405025
0.0172878563040684
0.017984759048921
0.0177170497712968
0.0242453760866037
0.0223038940348321
0.0213567419632967
0.0211965509503008
0.020964368735139
0.0252048088285879
0.0255864622183985
0.0253982886496473
0.0238765860915446
0.0283915573495937
0.0295877191350415
0.0275924713803723
0.0322984984843589
0.0313544093916773
0.0341269905428493
