0.0179875988262285
0.0270640446660467
0.0202055810119294
0.0223551760372226
0.0312359656318277
0.026371144129022
0.0279740046553999
0.0198298817660257
0.0211182364817273
0.031712235406805
0.0251440184526582
0.0368935270473776
0.0200182742136652
0.0207887217684937
0.0226015746200947
0.0250468310236686
0.0265453305213352
0.0305021959392407
0.0212442616424528
0.0226373465151421
0.0206474936790064
0.0268151414465635
0.024921389656861
0.0289057796197744
0.0233569264944595
0.0209193962221192
0.0197927142503419
0.0256651315094148
0.0241825831154239
0.0285345199770879
0.0213447386346662
0.0197640766663404
0.02141445681458
0.0243890701733541
0.0247376502024619
0.0294035948251821
0.0200403445749497
0.0212855881107849
0.0214034691236651
0.0248276866818606
0.0263179393698457
0.0296671141406522
0.021386102455198
0.0209989230434877
0.0215704500409442
0.0260685567967439
0.02622128181876
0.0311157896934429
0.0122708235499504
0.0137591074407562
0.0128205220475946
0.0162546566298435
0.0153578579986729
0.0185538446266903
0.0142529225603821
0.012891010017082
0.012814281857438
0.0161820192892685
0.0165141297245352
0.018442885689676
0.0128515931355868
0.0130070565106762
0.0138901596666711
0.0164088446372798
0.0168762156029156
0.0201041484721019
0.0134382009661457
0.0142842461352901
0.0134467176733247
0.017615403885762
0.0165208470208692
0.0202495314107623
0.0151063728636183
0.0138100626886864
0.011616286115937
0.0176072580163116
0.0149683169712208
0.0180237900849622
0.0137411531715614
0.012159550848591
0.0128604185645496
0.015338789579662
0.0155264939562302
0.0189253720073533
0.0116666216399258
0.0127463127637369
0.0135879603518813
0.0148282470493804
0.0168077181389209
0.0189315302178789
0.0124452385261636
0.0135695922779679
0.0138602340702046
0.0161753005965366
0.0162917082627464
0.0191199598593088
