0.034096434980552
0.0338280665748522
0.0177851164976651
0.0203438381499633
0.0188395782302098
0.0187670399525552
0.0168067078705571
0.0295676002605924
0.0466755531409095
0.0307646109452984
0.0297691602174245
0.0305663146630973
0.0305607682277615
0.0370302875061131
0.0531376992072483
0.0373729661660481
0.0387771559825232
0.0392897642298023
0.0436517702266694
0.0605259068387725
0.0443617216085871
0.0466415540195828
0.0495650054565754
0.0647040859283445
0.0508951377908496
0.0547781589100008
0.0681124368184782
0.0603304784600767
0.0368250101720462
0.018815287245604
0.0211613321548961
0.0197524866422831
0.0195764057930941
0.0172789306481949
0.0153545757431519
0.0507799405905471
0.0321509912541371
0.0309965412936256
0.031681327770135
0.0313951106812776
0.0264010499159806
0.0575716774952362
0.0391169004645259
0.0400076082228426
0.0401471998932725
0.0371160494027223
0.0656536982443602
0.046076068889635
0.0476171230621567
0.0443584990167938
0.0699414164926744
0.052337913340124
0.0510503973003954
0.0729352697783978
0.055285569317505
0.0736441650766517
0.0201110909593082
0.0217783511619572
0.0205152126010901
0.020213208577796
0.017727339428702
0.0156710197850213
0.0146928982683838
0.0337200177910444
0.0318508270364668
0.032806932250266
0.032067768766999
0.0269497012088635
0.0250235254190801
0.0407317448279148
0.0409368758126708
0.0411304178006334
0.0377927193746692
0.0339831646717254
0.0475864632466435
0.0484037700833939
0.0453560349017612
0.0437821598255921
0.0536579113184599
0.0516824639953498
0.0503861873264887
0.0564453535087184
0.0561820300490358
0.0604602569489828
0.0234646780737045
0.0215632175760482
0.0211665446220394
0.0183697919626048
0.0164549589498595
0.0152207102610421
0.0149092854197378
0.0341666125174424
0.0343454951246776
0.0332993058273039
0.0281011603734851
0.0259235058477164
0.0251762758990302
0.0433156591592207
0.0426911257469348
0.0391305924503038
0.0351272248336829
0.0341057297806451
0.050666589671197
0.0468314488535415
0.0450909994227025
0.0429824389363603
0.0539934673539029
0.0518256645968023
0.0532606714416542
0.0583399339199134
0.059597833215965
0.0658611007682049
0.0229942685159062
0.0218136481948774
0.0186931002313228
0.0166098336549981
0.0151950793922278
0.0145180845195272
0.0137031322169371
0.0360122868482275
0.0339149306361593
0.0282871566812033
0.0258468976274639
0.0246859830139153
0.0234940140548017
0.0442611658238196
0.0395295893231344
0.0349340781197737
0.0335298778716152
0.0325129293521267
0.0481994929336059
0.0451820586399186
0.0423292888853977
0.0412611955900432
0.0529332730184105
0.052907706522579
0.0495365721204586
0.060044071384477
0.0597840658624762
0.066687923523145
0.0232994510815117
0.0192610150866682
0.016920646027031
0.0154931367009799
0.0144697466634495
0.0134401663050903
0.0137013745893492
0.0357305422586193
0.0288348315843428
0.0262820342012351
0.0248943289566885
0.0231625814737257
0.023120454880105
0.0412897724085899
0.035574409149681
0.0338161751785436
0.0321754263201769
0.0311089123493027
0.0469618814892159
0.0426383761215402
0.0410090923309057
0.0396349590519898
0.0542753763129113
0.049275201446687
0.048194105888722
0.060593329033971
0.0560923026086079
0.0668663957880387
0.0160551338005051
0.0171560242993065
0.0158415019427442
0.0182773876869417
0.0161310789999178
0.0162092934876764
0.014578643361272
0.0270313131112467
0.0290468133154133
0.0284037741775223
0.0260416975990338
0.0267073499273115
0.0269541820974326
0.0335935932111181
0.0365601397148225
0.0331859333756534
0.0344855728901642
0.0350624074017695
0.0398477190993787
0.0402724856412903
0.0389600087993322
0.0417512850385443
0.0438061812161673
0.0433269799838736
0.0449655908763197
0.0473073770173498
0.0478595557338493
0.052716411084537
0.019098312682833
0.0168668987882497
0.0188717136439117
0.0170094547925432
0.0167784650256505
0.0148677903692432
0.0130646849496159
0.0318298027760701
0.0297684087259503
0.027138937941951
0.0276878308641288
0.0276573236151556
0.0225038221032855
0.0401773928233489
0.0349357849369986
0.03527269426673
0.0358668182158358
0.0322123569013643
0.0445689333401194
0.0404074547713777
0.0425467757321288
0.0393873884762703
0.0476881182202516
0.0463870944032392
0.0456811025712089
0.0519619854330356
0.0489648629809119
0.0543091737440517
0.0182850600021581
0.0193293338341569
0.0176806381888094
0.0173108467967538
0.0150886735220154
0.0132471710531596
0.0126183608436956
0.031169392232352
0.0279448063752225
0.0285130133526206
0.0281778665629516
0.0228540310295597
0.021278288564088
0.0363831419238247
0.0361372385622582
0.0363372510603273
0.0328200607502901
0.0282985623977177
0.0417119970584379
0.043304373782826
0.0399931412361919
0.0377210893762072
0.0474938788841292
0.0463768048377402
0.0437529446295517
0.050082551007598
0.04946760031054
0.0525422822724335
0.0208303156462724
0.0184471488578903
0.0181300924730757
0.0156853884364156
0.0139490402293706
0.013081094905839
0.0120204895129665
0.0298282099337385
0.0295568671468764
0.0291816234393582
0.023804278895938
0.0221458937314435
0.021207992033718
0.0378744428701449
0.0375740992998966
0.0339041986901177
0.0293922389495352
0.0280982134692858
0.0450385639739207
0.0411027944593012
0.0389526739556863
0.0352962421596558
0.0482707745330063
0.0450496313308243
0.0447270880022096
0.0516503252040601
0.0504766881557691
0.0566613519794622
0.0195114703589954
0.0187210387247136
0.0158811670790582
0.0140766306541254
0.0130493725949079
0.0116965528563818
0.0114551173802554
0.0310022656547423
0.0298461582995485
0.0239674919352314
0.0220773393193619
0.020823005840129
0.0197264921610613
0.0387786333940901
0.0345440398321825
0.0292079872716551
0.0278775455263808
0.027664117156123
0.0423544589432936
0.0392260047877797
0.0347824046385097
0.0343927012158908
0.0460203298663005
0.0449516000950627
0.0408867741060486
0.0513160673381448
0.0513007358735603
0.0571861994575281
0.0199742740192649
0.0164884589964179
0.0144354641586889
0.0133113617023576
0.0117610493431805
0.0112736856061109
0.0115870594384251
0.0316027372882865
0.0246485294399257
0.0224539598039051
0.0211413963354534
0.0195103841863271
0.0196102368529556
0.0362176268151519
0.0300765731442622
0.0282567351604706
0.0275836050109141
0.0260426491184754
0.0410364068187256
0.0354578010072158
0.0345186664961271
0.0335414260080152
0.0463942937387707
0.0411797122882311
0.0404187829055795
0.0524563362016195
0.0467798578815897
0.0571781439388612
