0.0125511797905264
0.0202531205662194
0.00878490710486002
0.0147830116713162
0.0224743075209428
0.0172076048586791
0.0209450331780635
0.00833006768638663
0.00840914123652365
0.0229220978542845
0.0106488695118932
0.0245191104800256
0.00927415743927056
0.00833854108865407
0.0096447831409374
0.0113902057435742
0.0110735513115883
0.0139308435462578
0.00927556905241368
0.00972094018219602
0.00978025994577214
0.0117954437139427
0.0117603644719909
0.0140136200126061
0.0108106254100744
0.0100471296197583
0.00781389860568118
0.012831368838894
0.0121064210751466
0.0148037362762855
0.0112116619583012
0.00793730004992034
0.00715451645396149
0.0131310847389589
0.0105129056660673
0.0162356338093883
0.00914593424160924
0.00757628967025654
0.00716684280281941
0.0116237875836474
0.0099692310992641
0.0140324626173882
0.00879442618007304
0.00725381990579676
0.00769229512837108
0.0109724750986844
0.00986569411154373
0.01370609540498
0.0086519444007267
0.00803435747050231
0.00673546019412108
0.0101241520218497
0.00880541805448009
0.0130475187294462
0.00797800337851092
0.00618426372394419
0.00776056071764899
0.00955342389927777
0.00797245995629159
0.00982340011962117
0.00618903283863758
0.0083154139823901
0.00927679906038603
0.00852452023800165
0.00811216267875893
0.00881588993150596
0.00957182511178162
0.00939288362798058
0.00637743384571638
0.00840919409901403
0.0116175053194949
0.011306518855017
0.0108820288486064
0.00631434228539217
0.00431021116120626
0.0131911958444309
0.00657947637706944
0.0124118851805796
0.00728331594511868
0.0044067630597433
0.00340431210674281
0.00748204732398486
0.00578678582207501
0.00769665360597473
0.0057112704784659
0.00399363091316323
0.00434275441690489
0.00740243240226813
0.00462039961199694
0.00692493618350368
0.00417537485817068
0.00459635712159153
0.00511765878520883
0.00435694942114545
0.00815312066201217
0.00642278948099213
