0.0347853008026963
0.0467397604631219
0.0353224666360961
0.0407895639939855
0.0548294805277774
0.0475614828238488
0.0517681110892373
0.0361321208157802
0.0367421232883305
0.0595187619191721
0.044021035225545
0.0657651449000072
0.0360187620331708
0.036356009729431
0.0398244555643823
0.0434866289129827
0.0461994802743121
0.0511409170277579
0.0378822509594887
0.0385977153172884
0.0343665468522436
0.0463591767111697
0.0428506848260155
0.0498599227289289
0.0404455460245941
0.0347172128009402
0.0337543688317751
0.044087750428615
0.0402423237870743
0.048259639841665
0.0362832924449194
0.0334360961404663
0.0356383708068496
0.0411937306158564
0.0411466652129694
0.048716816002434
0.0344303942264787
0.0340197216347001
0.033575956987086
0.0406487983632231
0.0416755747100788
0.0473029884931616
0.0350882505375788
0.0328702631092722
0.0323995912424131
0.0420814758480774
0.0403771738451431
0.0488915403358212
0.0272374755879449
0.0267686878809126
0.023666631831894
0.0316417218533926
0.0289994178657964
0.0336452268825624
0.0315315351756629
0.0249081879203626
0.0247115711662317
0.0347132728951827
0.0303390893045893
0.0380438583200192
0.0265348710156852
0.0248824194229072
0.0266697770234537
0.031429748245984
0.0326049315116281
0.0364609749362874
0.0266061236603921
0.0268970279438306
0.0228720611430782
0.0338977843024027
0.0300916867227471
0.0357649648362251
0.0280231135926406
0.0245314300194359
0.0224062198289097
0.0307931807465395
0.0276057500452143
0.0326389043763962
0.0263826479956782
0.0230569476499774
0.0254401787677012
0.0291200057087497
0.029361982672847
0.0359034398272362
0.0245584629007754
0.0240287454953882
0.0249567512675047
0.0288790473958339
0.0302464382078905
0.0341260054158028
0.0248981126028388
0.025140719737362
0.0228139943457135
0.0310903748088279
0.0296178466757587
0.0348305112015615
