0.0253840642949395
0.0359460352476527
0.0281448183510972
0.0318120375332513
0.0416815613039714
0.0362343063350157
0.0381742191602939
0.0280770307765816
0.0299708520851595
0.0435414907019462
0.0345757408709637
0.049676111547536
0.0282948209495245
0.0291670489468826
0.0309757717783357
0.0340973848009694
0.0353219041479785
0.0391802769437329
0.029351073663657
0.0302560152043334
0.0274839017912059
0.0350456941919621
0.0333195191285445
0.0378317913094749
0.0308398000740022
0.0274042808847317
0.0256119628271361
0.0338800018218316
0.0313876345417086
0.0366676029906791
0.0289462730111387
0.0257541244773348
0.027337525930091
0.0325217714429229
0.0323022191232056
0.038525526291053
0.0264418965860817
0.0265243985717686
0.0270770521360324
0.0322731596939236
0.0321495193249495
0.0375016169047525
0.027263814884431
0.0271265697623867
0.0277951065814853
0.0328109252044717
0.0341658262904176
0.0398056261844778
0.0187932631120343
0.0226125910175097
0.0214268994932368
0.0246114140389726
0.0241224052946006
0.0272233785379779
0.0248353024435351
0.0215121381710073
0.0204009588356564
0.0269020867070335
0.0239849290950283
0.0281979021557185
0.021769488267252
0.0208653916483021
0.023046086391858
0.0248448948275534
0.0257318400303336
0.0294487228839571
0.0219682068059977
0.0230502408906987
0.0196748773155615
0.0265296136483497
0.0256421066317017
0.0277714209007042
0.0246148341484404
0.0198859826216689
0.0169115879017022
0.0273252163583553
0.0213781193384567
0.0279213772707631
0.020880802487902
0.0179796592377913
0.0189489868109938
0.0229643999890405
0.0221507854929995
0.0260802286503394
0.018673093842092
0.0184277713948194
0.0191956391860127
0.0229647672693778
0.0223796819625114
0.0274695754394293
0.0187176763258006
0.0188764269269443
0.0197534214285509
0.021854612984862
0.0242412476829124
0.0271000066587315
