0.0255191713567361
0.0335290106002149
0.0168203489663409
0.0282872882641661
0.0355035394663608
0.0301136978562668
0.0355127581073196
0.0175598469845377
0.0117907709678122
0.0374968486455478
0.0199552678598737
0.038094794567959
0.0192014095951671
0.0121083360763271
0.0124814105401438
0.0215411149689769
0.0153822325272318
0.0241303986216781
0.0134634699895852
0.0130805667063034
0.0116095135243212
0.0169820776500623
0.014636467822206
0.0185082378020512
0.0147587064971351
0.0122507756888039
0.0084780732174262
0.0163184774727964
0.0139857070473166
0.0177778934040998
0.0133084316585122
0.00870966676002429
0.00757205770207809
0.0149672740802905
0.0110948106217086
0.0177223682581383
0.00979580598979942
0.00803687745882249
0.0078998029752254
0.0120724829569839
0.010541031197606
0.0146574995528875
0.00929590881822255
0.00826194613329801
0.00873353083085456
0.0116822724771276
0.0109128386942326
0.0143754221919859
0.0137658454184019
0.0145209531618683
0.00687268433752698
0.0160284356448638
0.0143452177950691
0.0170133523101493
0.0152337143537347
0.00715560034126339
0.00799305999620165
0.0158338279134061
0.00826927605058436
0.0152233328716642
0.00775730176089461
0.00748644977747393
0.00902631968804946
0.00873601764160981
0.00835401865766926
0.00868087242495365
0.00869392352794093
0.00912763236197992
0.00709073554495034
0.00908513119065039
0.0106316629013144
0.0104244037176947
0.0110449353044275
0.00751270045503111
0.00458355363890306
0.0123683448088479
0.00768185689075824
0.0118211021915492
0.00862880133881854
0.00462976254259042
0.0041134367949482
0.00911697207166195
0.00585418718117338
0.00978771511202235
0.00581799952241601
0.00435250852138194
0.004820495141088
0.00720154944174224
0.00553447693805724
0.00837015653766918
0.00461931054605465
0.00500229212297294
0.00647056866655428
0.00561253645901776
0.00840613079068141
0.00792434441247403
