0.0204116277109548
0.0331855979678741
0.0223795111524604
0.026329861243461
0.0388804684325628
0.0314316360352461
0.0344890231137827
0.0222142392638594
0.0230507261001149
0.0398452378486673
0.0278054750569257
0.0467095218348341
0.0233931841373332
0.0232930132367206
0.0244870955990566
0.0289770663864856
0.0292707407473296
0.0344593085145361
0.0241148942862237
0.024330160774221
0.0224654718251136
0.0296667765393542
0.0277407153453506
0.0328851064634438
0.0249774061977967
0.0227792467920523
0.0214094481852177
0.0282006261755893
0.0263680600979685
0.0315950196944118
0.0233349023466465
0.0217212035365188
0.0231145239969134
0.0268166227686814
0.0275251535257848
0.0323201947872717
0.0223033087826544
0.0231466257738776
0.0232807172278675
0.0278909509847359
0.0291134347892065
0.033658490113958
0.023783920946596
0.0231087378945478
0.0236935268260325
0.0293375870843738
0.0288307767588262
0.0355388064826979
0.015240496696648
0.0187000420243659
0.0153967590718548
0.0198067469357563
0.021279503161126
0.0229097737620328
0.0176723491460452
0.0156858445147628
0.0143259441126586
0.0205914726087931
0.0182830582461557
0.0228593945828778
0.016645786535536
0.0152979161026974
0.0172781913050393
0.0191750681721159
0.0211845082900734
0.0248034391938695
0.0154700582754792
0.0178928488136897
0.0147679032166582
0.0215101872109607
0.0189483151757309
0.022129520830225
0.017621139766202
0.015012949042382
0.012182314757232
0.0193261952373247
0.0155460755871804
0.0195202696387506
0.0150798180207123
0.0139739078511252
0.0153867113251516
0.0166244816560596
0.0179536289028962
0.020222885481713
0.0140660454657633
0.0159178207995368
0.0166420743777195
0.0183262561765168
0.0200758787354307
0.022313058539808
0.0158630814260602
0.0165770686365568
0.0159254547810628
0.0194834812185539
0.0200966306238421
0.0234300155211473
