0.0407947383026872
0.0403348180830018
0.0396009218107786
0.0511390578637704
0.0505678883754785
0.0616318509994985
0.0403348180830018
0.0396009218107786
0.0387615295057118
0.0505678883754785
0.0498808309762262
0.0607338285774319
0.0396009218107786
0.0387615295057118
0.038164871922357
0.0498808309762262
0.0486087360062384
0.0598935510844491
0.0387615295057118
0.038164871922357
0.0370443192473254
0.0486087360062384
0.0474977088873376
0.058113077805598
0.038164871922357
0.0370443192473254
0.0360253410754209
0.0474977088873376
0.0456599252637776
0.0561376742716423
0.0370443192473254
0.0360253410754209
0.0346866439545553
0.0456599252637776
0.0441547432885029
0.053894647070503
0.0360253410754209
0.0346866439545553
0.0353580044909901
0.0441547432885029
0.0444662484239867
0.0540061203672055
0.0346866439545553
0.0353580044909901
0.0366351011031905
0.0444662484239867
0.0451165665804715
0.0543547114058499
0.0188211320411268
0.017965835103826
0.018054537801042
0.0236328543387906
0.0228292861761039
0.0286060433409977
0.017965835103826
0.018054537801042
0.0171448843576522
0.0228292861761039
0.0233333758530693
0.0273947239783063
0.018054537801042
0.0171448843576522
0.0176228122838703
0.0233333758530693
0.0220744763392264
0.0280999753255894
0.0171448843576522
0.0176228122838703
0.0173011182723682
0.0220744763392264
0.022359130005187
0.0270288896332997
0.0176228122838703
0.0173011182723682
0.0163201908527999
0.022359130005187
0.0209794860260211
0.0259790470280208
0.0173011182723682
0.0163201908527999
0.0159485694795789
0.0209794860260211
0.0206774799593607
0.0259478007461374
0.0163201908527999
0.0159485694795789
0.0161648750707988
0.0206774799593607
0.0209615427099831
0.0252164467701291
0.0159485694795789
0.0161648750707988
0.0166707330244871
0.0209615427099831
0.0207501502327793
0.0256084423018183
