0.026853090341197
0.0375368928722404
0.0292991519428578
0.0326900113964301
0.043478611646977
0.0381517932420658
0.040892027771999
0.0298228051436047
0.030837302902995
0.0465354042456439
0.0358747171697113
0.0510495072738861
0.0306619634023965
0.0309053205144258
0.0319910622586076
0.0364719476081654
0.0369495295558611
0.04226771038376
0.0321388431856329
0.0320900803961895
0.0291072746524199
0.0378485678751386
0.0352352542189493
0.0404641227046536
0.0332108107590005
0.0290723610217098
0.0272036582818874
0.0361325929168744
0.0335820560037774
0.0401659746252102
0.0306391845894791
0.0279754008761166
0.0290768808681067
0.0351868267229629
0.0344688637453751
0.0416346492704057
0.0286939173646002
0.0287913534415426
0.0282157343637571
0.0348040956693064
0.0355091856253088
0.0409688551023925
0.0299882294046579
0.0281821171615552
0.0277911432975262
0.0364722409807059
0.0344474609371593
0.0426135560099473
0.0224266591646416
0.0260645424665719
0.0240911911377422
0.0269665741458774
0.0292507211837509
0.0306164873433304
0.028591449331274
0.0244797205811757
0.0246021467220516
0.0314558645223315
0.0280629057533804
0.0323771915786092
0.0252082888056752
0.0247758771117146
0.0257035725618372
0.0285901026519936
0.030445880644636
0.0339014362497916
0.0253862016974742
0.0259049257627059
0.0225855797030395
0.030509499857639
0.0283858708904197
0.032586136479247
0.0265817086918558
0.0226886521513067
0.0198599355237988
0.0288036264941765
0.0248309976625371
0.0311341841858159
0.023841747898757
0.0210669407481055
0.0213878654327776
0.026485104372089
0.0251646452450701
0.0306478370441494
0.0214522522545358
0.0214736005271751
0.0217637615332908
0.0255175435786046
0.0270683560609721
0.0311059911406967
0.0223114311887077
0.0216927910389153
0.0209407223542629
0.027754605460388
0.0257987476407229
0.0319044617835281
