0.0191161693264263
0.0285336389432371
0.0218474155507181
0.0246880677166893
0.0332162899603766
0.028811649664824
0.0291095279738183
0.0213624632977279
0.0225526079583076
0.0334121712062428
0.0266030783580138
0.0392366573342864
0.0216751311112066
0.0224609142580643
0.0279017393824416
0.0267228540475699
0.0322642769203532
0.0368685989936985
0.0227662335163269
0.0274118660708217
0.0264911964972061
0.031726135619557
0.0310587729080913
0.0352191225917454
0.0271660160880651
0.025474351876315
0.0252085334092856
0.0304540728320936
0.0291261517359651
0.0336958876830751
0.0246499008620426
0.0239821149398444
0.0245960853783469
0.0278224782589168
0.0300066435713935
0.0338362781880793
0.0237672877097764
0.02367008373361
0.0245724250587519
0.0293213249942436
0.0296183910029586
0.0356354708407554
0.0236716022083945
0.0237126122398189
0.026205360999437
0.0291178986677757
0.0308348325229494
0.0362688576295456
0.00820315599654177
0.00847638814508066
0.00829127135360702
0.0104646271950291
0.00928545397136595
0.012493476300731
0.00768969899340213
0.0089056113909408
0.00924171113268339
0.00936819334630323
0.0114299134447342
0.0121022726305582
0.00899312150077801
0.00927981700959838
0.0111804305474734
0.0111999264704718
0.0129701977036123
0.0145931108113177
0.00989713417424212
0.0117391430388895
0.00959469763717913
0.0134448906253709
0.0139027584621578
0.0153908369505615
0.0124618670336575
0.0105273617959515
0.00719831580820578
0.0152084853278263
0.00975013853182702
0.0140336864057889
0.0108602814939824
0.00763832030393863
0.00935291161726866
0.0104190912385892
0.0117403766503186
0.0138375406192606
0.00735971784364209
0.00914654238709252
0.0104159694878688
0.0110526408353392
0.0131032360812685
0.0150904245979108
0.00895154350867446
0.0101963058035562
0.0106598280478856
0.012668392226192
0.0138626438498387
0.0156180160628024
