0.031589072766755
0.0425462430116786
0.0369358193138441
0.0397796931390248
0.0501366163577179
0.0470332349954966
0.0441229762521837
0.0362541560209889
0.0383874892222657
0.0507220457537159
0.0453965559237884
0.0593863850935164
0.0366110903978688
0.0376052161259416
0.0418858698709413
0.0452650960403553
0.0483253858432483
0.0553122309695873
0.0381919263684731
0.0415519597859652
0.037380701821748
0.0484125170798307
0.0461828121986289
0.0526402089099206
0.0427019289252372
0.0378222178123048
0.0359632126223834
0.0473544369837774
0.0439760603828624
0.0530888238679624
0.0391154724189867
0.0367421480074122
0.0403462291258841
0.0453412249691696
0.0469819974588515
0.0556631527280311
0.0372671208795398
0.0398594989988372
0.0395148627197465
0.0464691058666393
0.0494273080211938
0.0559654945191401
0.0408015656474366
0.038958256291836
0.0389444685547
0.0496320931069257
0.0478025234537911
0.0585772276875455
0.0239189074964055
0.02529139313287
0.0250423800063454
0.0309734495482513
0.0292013757219128
0.0348220874702307
0.0269868044326338
0.025119845820292
0.0247756041935744
0.0309400770634845
0.0307836177983984
0.0365477959103774
0.0255560496010788
0.0246524836798029
0.0268024100733169
0.0313891799082673
0.0318082500449595
0.0372770931094511
0.0246488209625473
0.0271657569283931
0.0252490195779558
0.0317333604611865
0.0316554578033122
0.0355817695610672
0.0280711599485305
0.0254539052402607
0.0225470204212656
0.0326605730040652
0.0286117908448416
0.0359541012857205
0.0263240028013013
0.0236522784581389
0.0262725791823261
0.0299940502149226
0.0306706783776088
0.0362414720293689
0.0240712481066772
0.0266226250646951
0.028374674567858
0.0302695156513911
0.034613965658734
0.0384921459636027
0.0275404831743697
0.0276703470458804
0.0271927807787725
0.0342688912123659
0.0337186616853106
0.0403187492449235
