0.0255033810385477
0.0359786635873325
0.0268336953128762
0.0313576786713698
0.0411355605790178
0.0365237734319772
0.038134820714329
0.0272947305287374
0.0278739619310458
0.0435971510558681
0.0330914062555395
0.0483943384054761
0.0280504558488419
0.0281220007123891
0.0285484188975724
0.0338309343560371
0.0341259905121446
0.0393738778648213
0.0287964152615079
0.0285802524750689
0.0258702766660399
0.0345616275787896
0.0317108098900797
0.036993733291026
0.0299497271328337
0.0264720608669815
0.0247911758185635
0.0329688106307082
0.0309255620920508
0.0367897281393595
0.0280490283849901
0.025495167861368
0.0266467669253792
0.0322280221222831
0.0318147662278575
0.0388088261450939
0.0264455420251404
0.0265183890165129
0.0260837449271261
0.0321715118403838
0.0327833576627167
0.0380824183193862
0.0275836068288394
0.0261644446076566
0.0263085127789549
0.0335070915763496
0.0325745912704554
0.0397112891202847
0.0212606097261724
0.0246688753210971
0.0213304361972063
0.0269754720162765
0.0274810374731157
0.0300723169470298
0.0259409961573471
0.021617919756569
0.021766854952436
0.0292456744740711
0.0251261857548382
0.0320804404435728
0.0224764216745638
0.021972973190461
0.0223973669918321
0.0258201974496037
0.027452164221745
0.031032011759531
0.0224952677430111
0.0223133713028955
0.0206984901221354
0.0277624573633753
0.0248299253635035
0.029633605905986
0.0230075295834234
0.0212184412570245
0.0195415575487021
0.0254408799050383
0.0243149296603657
0.0278897274801729
0.0222871968269688
0.0201030550905985
0.0205004276036516
0.0254595252190769
0.0241000825511731
0.0293244350780108
0.0204977266183928
0.0203596995007719
0.0206109421635226
0.0239977410783773
0.0257499551436427
0.0291401511069357
0.0212238498618375
0.0207803651462102
0.020458718353036
0.0266406158358916
0.0254585133772231
0.0312509570170179
