0.023319829982811
0.022662892455009
0.0234010175025441
0.0288535489298496
0.0284774862092666
0.0345710954383434
0.0228554381130179
0.0228960373916988
0.0230622511658736
0.0279990331194807
0.0285637229518871
0.0336247609750497
0.0230054351776151
0.0226673032757491
0.0229438948193783
0.0282514149499242
0.0279465829198692
0.0333831752448028
0.0227666936409904
0.0224127126655011
0.0229095426916141
0.0274159571638535
0.0279778650748606
0.0328187269139754
0.0224963109313996
0.0224300913663434
0.0228090242936018
0.0273581003850162
0.0279462217698927
0.0328191453699841
0.0224373884886519
0.0224386441043117
0.0229026446989679
0.0273667569791701
0.0278043456760631
0.0327621232259868
0.0226066845606565
0.0225766105226223
0.0235884259497834
0.0275097387695033
0.0285401938420393
0.0333250536354545
0.0227457776019702
0.0228892351712877
0.0246215527049309
0.0277621045538729
0.0293902781689244
0.0340846028262138
0.0148826596998148
0.0149892294062332
0.0153692298078801
0.0193300063819957
0.0193638198010868
0.023259791622366
0.0148739133035866
0.0150660174861728
0.0151213191891624
0.0189573183187283
0.0193474805118685
0.0232014342388275
0.0150040836871892
0.0149541383550284
0.0149132556642281
0.0192812400093514
0.0188348908902229
0.0225443270402459
0.01510767391514
0.0149677694768858
0.0153544743845461
0.0188811660640328
0.0187938180506655
0.0227736530427311
0.0148900268142872
0.0154541725135359
0.0154398550084071
0.0183818873058789
0.0192815132670147
0.0220746965888825
0.0152636472684347
0.0152706105355285
0.0149352656008926
0.0188884336845376
0.0190148304115315
0.0223069669343786
0.0151359001891957
0.01467344390555
0.014888534247243
0.0186842481642919
0.0185470490027144
0.0220565497878737
0.0148343286447895
0.0146256456508656
0.015847746590189
0.018158648058765
0.0194741741637531
0.0224343339462035
