0.0276901625338907
0.02871669362253
0.0283695667365887
0.0340734098162277
0.0347338426698212
0.040009112080146
0.0289237235396475
0.0278627177364383
0.028620081849417
0.0341200794378207
0.0352074187186671
0.0420655911330447
0.0280521879650016
0.027366743641311
0.0288722601089684
0.0344634782682021
0.0336534778502405
0.040210265986071
0.0276171824082569
0.0274051122021467
0.0281189705013127
0.0327322271140388
0.0341867971605594
0.0391039932958672
0.0270420723625702
0.0262867509416472
0.0269520806768671
0.0327613116470301
0.0317449012407798
0.0376062032964028
0.0264701083407244
0.02656853357908
0.0282266929844463
0.0314585847882181
0.0335494094691786
0.038255342827354
0.0263439313493287
0.0274417023932979
0.0303181439811891
0.0325091996965997
0.0355992975196447
0.0406317738067489
0.0279119538041198
0.0286543330333042
0.0289706643011779
0.0347742048309578
0.0348397154204016
0.0412009440506395
0.0203211543914814
0.0171729209287586
0.0175720717933
0.0223314567638953
0.0208559450373898
0.0274679367894459
0.0160342924810171
0.0177021465870479
0.0166221708027957
0.019965723572074
0.022590345819661
0.0254882606940203
0.0175975068059775
0.01652997231547
0.0204084669644505
0.0229762778292999
0.0211903345457905
0.0259250668550147
0.0164177723146052
0.0193000419141014
0.0165089631155798
0.0213402263393093
0.0249239912179636
0.0257466909895332
0.0179307773151131
0.0158333796950817
0.0154611062023113
0.0223755439911271
0.0181422384637275
0.0250088044464636
0.0163939983084875
0.0171826728858879
0.0167717801468148
0.0195416890252745
0.0204880464002139
0.0243755489511799
0.0161704165476406
0.016561163767793
0.0192683928442033
0.0194037914534761
0.0218777308846684
0.0243410048538124
0.0162599624756421
0.0185293873842154
0.0187171007130078
0.0212019375005723
0.0218380687710218
0.0237049430960406
