0.0244273491672738
0.0234143226460755
0.0235947840494994
0.0295514398553135
0.0293090287858491
0.0353668415452093
0.024486542819746
0.0237822764952422
0.0236183416578387
0.0297607302811731
0.0294838458390731
0.0354481293444898
0.0245586548292685
0.0239526991195883
0.0239439331893036
0.0297228793280053
0.0298576959915525
0.0355087246276991
0.0249315849402168
0.0239875037753715
0.0244356040513417
0.030095499440332
0.0298974339955127
0.0358731473751613
0.0251832522068979
0.0250425588073087
0.0252160382880879
0.0305105715174729
0.0314216656266116
0.0366610177652734
0.0262583603469964
0.0258406728784674
0.0259695001567343
0.0321155340596645
0.0318054674027122
0.0380628233736713
0.0260308731701478
0.0256255603930588
0.0261597516547234
0.03159001855411
0.0319787072438805
0.0377802506350242
0.0260200937519878
0.0252172299960506
0.0268334696410366
0.0315667108157985
0.032355673975441
0.0382720661358528
0.0172383051497922
0.0159215967518728
0.0163270280637732
0.0210840740217641
0.0202876330087856
0.0256830076887858
0.0169777101244185
0.0162151541890575
0.0168290327297878
0.0208056338799473
0.0210352993111072
0.025555105411838
0.0168919641476194
0.0169698802886182
0.0168040628226674
0.0214960076655678
0.02162394088793
0.0260190770717252
0.0178571496787697
0.0169088028290114
0.0176165903683574
0.0221802288462728
0.0215918015648256
0.0266942981183831
0.0179498731105202
0.01818835443074
0.0180436999290157
0.0222154711839885
0.0228469518939438
0.0269579834279309
0.0191751939093591
0.0185317462676814
0.0184531178572126
0.0237352509878455
0.0229111104037038
0.0278073284701651
0.0187063997061456
0.0179826856844364
0.0184588860085145
0.0230885142858979
0.0226684263302353
0.0276198628772865
0.018098496605587
0.017722079434192
0.0179261143895821
0.022268380761669
0.022587990910465
0.0268012185178788
