0.0239499153179221
0.0236687845427984
0.0236003131818268
0.0298302002885289
0.0296123644610011
0.0356850069397455
0.0238183792697333
0.0232436707936666
0.0231446390851301
0.0292943650050081
0.0293799401192568
0.0352621930289576
0.023549274782068
0.0228490070095155
0.0230074638340905
0.0291215751152406
0.0287760655257614
0.0350080258315977
0.0228748389834811
0.022525002837701
0.022663363503189
0.028314414214902
0.0283450125370735
0.0339757226426598
0.0220844386227436
0.0219035912495245
0.0223886249872168
0.0272283793632056
0.0276398207212223
0.0329346527699115
0.0214847995520141
0.02138978038013
0.0223049142058573
0.0263285852040834
0.0270493295762644
0.0318688066702125
0.0214073527321931
0.0215969073829992
0.0230538621184886
0.0264312231059503
0.0274758473570397
0.0322428466764622
0.0216022824037924
0.0225420039193038
0.0244090744427992
0.0270996379352481
0.0289074824756198
0.0333409123940763
0.00990784780481801
0.0102162701648636
0.00958738085439329
0.013308118719164
0.0131495474076121
0.0162759182822345
0.00999653572783067
0.00938574446168412
0.0100046449164609
0.0126818335819981
0.0130999517745001
0.0164997646507317
0.00939210611424293
0.00990978419575517
0.0105294832066597
0.0128994738800994
0.0136214153612073
0.0168225676683908
0.00972924315694471
0.0105320733892042
0.0102905117503265
0.0133894315553029
0.0134727807151832
0.016144953254567
0.0104210606012004
0.0102662842754666
0.0102993822015456
0.0132008879382843
0.0133566238457982
0.0165087849842258
0.00986200569777191
0.0103878279162723
0.0107217449994196
0.012866500815623
0.0138214406882442
0.016537202144435
0.0100070272173873
0.00999000977029999
0.0118373776909714
0.0131654299899523
0.0140758551118553
0.0170515585537122
0.0098074736019802
0.0115902544176191
0.0123503967546321
0.013977161184636
0.0150209838049641
0.0173580531044938
