0.0241192571552782
0.0242081975912192
0.0252197791889747
0.030135217871131
0.0302525588718518
0.0359793461839279
0.0240365567080201
0.0237983690861701
0.0241014609905238
0.0288514442480563
0.0296241956018035
0.0345048264163939
0.0237382613639771
0.02344155748282
0.0236667916198108
0.0286836965817778
0.0289625275743843
0.0340426426342872
0.023349640013277
0.0227351623685153
0.0231061049159595
0.0279034906690576
0.028588475239681
0.0339379359502305
0.0229004252452958
0.0225362625231358
0.0235289957068876
0.0281155908358822
0.027805394590528
0.0333674470326861
0.0222895326298078
0.0226658849091706
0.023448335680803
0.0268040332287816
0.0280399647349209
0.0326551827243251
0.0229116127004364
0.0234659422502957
0.0254688574354373
0.0278779710523078
0.0302283766819269
0.0345687834082166
0.0235701032087925
0.02432088289658
0.0259806712895874
0.0292344056672979
0.0305857284256048
0.0352835103090721
0.0159440150142313
0.0157073170698364
0.0157338409636121
0.0199631494378337
0.019454323746088
0.0230252151935066
0.0160442617846715
0.014567790028244
0.0151221134986879
0.019295231357539
0.0193419104898794
0.0245015912943755
0.0144007435145907
0.0153567446869244
0.014803255883535
0.0190525770661101
0.0196369152526955
0.0228463244671527
0.0156053913264185
0.0150756883726742
0.0137303526777232
0.0190704244494678
0.0185098046730202
0.0221888123564041
0.0146814216974844
0.0142188556879446
0.0151159579915073
0.0186716509047031
0.0174327548370029
0.022033313626846
0.0141356992235268
0.0154428842912152
0.0150159509074357
0.0171591171052552
0.0183386884011662
0.0207760423776547
0.0147646243815045
0.0151274233313557
0.0156751248400894
0.017954166743615
0.0192543439817995
0.0222871437588697
0.0153529324079701
0.0157426706485856
0.0170163389149138
0.0190465054595749
0.0203746663850763
0.0235205021994935
