0.026489731116793
0.0254200030243906
0.0260229240071341
0.0321641438949186
0.031813670604283
0.0384487384606388
0.0259661181726183
0.0254645343159702
0.0254140016322261
0.0315280358012874
0.0317447002859863
0.0371504354527506
0.0262692983897353
0.0254474247314488
0.0250559623039165
0.0321184020173858
0.0310073814099485
0.0375237558993738
0.026133373586483
0.0246539657045624
0.0249949061917521
0.0311947337671381
0.030414876062079
0.0368785337484959
0.0255634549086237
0.0247664389254958
0.0253401372159902
0.0303798811120963
0.0305276026483597
0.0360239060779927
0.0253176422417197
0.0249669158151961
0.0249301632639201
0.0301318270530551
0.0304611353528532
0.0355836913855512
0.0251710601533065
0.0245940597545887
0.0258610832304454
0.0304201532281919
0.0309326782271511
0.0366341457988589
0.0248950818981709
0.0248170309089271
0.0262379105891333
0.0303026016037347
0.0312899198934358
0.0365791481837371
0.0162188258645217
0.016117738490731
0.0173119172315218
0.0210797085880889
0.0207952797538937
0.0254300066868457
0.0161942292086313
0.0175793256217792
0.0165285783393995
0.0211525848237765
0.0212838696765189
0.0245230922808513
0.0180227079982977
0.0166024505058618
0.0166163704080375
0.0212928943705922
0.0214056834501458
0.0254053226141861
0.0168327782061874
0.017048972575695
0.0168190576006004
0.0219269908231088
0.0204147511987229
0.0254240002999648
0.0173323154043468
0.0169355325697879
0.0174526334599487
0.0204806333285057
0.0217685195826515
0.0249311782372776
0.0175984759196437
0.0176751850894098
0.0177101842262911
0.0220806076177287
0.0215375291674118
0.0259066421358723
0.0174361434983579
0.0169893135038096
0.0171261670528659
0.0208819753753803
0.0208495310028911
0.0250344121844293
0.0171914897450584
0.0168901951656623
0.0175846041895135
0.0204828512399993
0.021531111093541
0.0250554062327222
