0.0221616126979157
0.0216688687346891
0.0218946322744928
0.027264433745019
0.0273131041963286
0.0326794839867176
0.0216706223397183
0.0214614489764545
0.0216697702447559
0.0267430516135347
0.0267995558816767
0.0320315209259584
0.0215863114716384
0.0213838692989548
0.0216471944256011
0.0265157315410856
0.0267724411159128
0.0317886832925107
0.0212974628357498
0.0206844330935237
0.0210620014299876
0.0257713534646604
0.0258192883451012
0.030865822115823
0.0205584248994589
0.0205187849810322
0.0209999669380125
0.0250660724250265
0.0254718760993512
0.029884083431638
0.0203859518381186
0.020321914847644
0.0210932321082576
0.0246863586454538
0.0252623650745041
0.0296136443224503
0.0204239239718848
0.0207110887059448
0.0221922479328846
0.0248804191931125
0.0264700565378261
0.0305955041423462
0.0207046685798044
0.0215814366601977
0.0230563660122256
0.0258689414911345
0.027399584343123
0.031610243325282
0.0125294036684289
0.012569975805432
0.0119963948566921
0.0162817185332653
0.0152540423609401
0.0192201333116493
0.0125577801893407
0.0118379287863445
0.0125570703923649
0.0152330460129621
0.0163178161548155
0.0197294624709254
0.0121748478960092
0.0125087112642835
0.0130497774925559
0.016255905911166
0.0167815522791431
0.0203295717328463
0.0125441808169686
0.0127180534341205
0.0120877807852234
0.0164836590338402
0.0160677697079934
0.0195367513619959
0.0125632612649178
0.0121782896406465
0.0124665927882604
0.0160395239516021
0.0155076876982635
0.0190238612098585
0.0122140758002321
0.012532310645593
0.0124685092569917
0.015443090347434
0.0158476424779412
0.0186533832660362
0.0120016652366703
0.0124236417350671
0.013069446917375
0.0153713571343226
0.0159388470764838
0.0187930131596496
0.012301233627968
0.0128817906746916
0.013410601291017
0.0156715580250736
0.0164952817369921
0.0196003095735363
