0.0231613899785048
0.022554112316947
0.0229822303481506
0.0286453103544972
0.0286681115680683
0.0345513214841917
0.0226067088362252
0.0225261160695335
0.0224519808286999
0.0279784270431865
0.0282374321349053
0.0333813213236873
0.022720716760814
0.0223380404118722
0.0227924969132985
0.0279276797711192
0.0280956479004394
0.0335289315782743
0.0222948745263258
0.0223052041468644
0.0224578065993893
0.0272603525574116
0.0274989435702493
0.0321816323938442
0.0220104124502798
0.0220156820901211
0.0219320420423583
0.0267132647473343
0.0270284450395297
0.0316732690824205
0.022080199857323
0.0216275594695022
0.0221733502140491
0.0266454610819093
0.0268995247471256
0.0317178177320777
0.0215860276001048
0.0218445209982912
0.0228847001068898
0.0263156921245544
0.0276647602024262
0.031994092098631
0.0219029135956856
0.022167680056275
0.0240686912025959
0.0269448033060843
0.0285054948795544
0.0331492380039547
0.0115705280765236
0.0121347527610967
0.011838096147073
0.0157062636332015
0.0153146654784364
0.0188587371280282
0.0122337296558819
0.0113875793332445
0.011947876937723
0.0149727280622019
0.0156886920127228
0.0189668261268471
0.0117355384326809
0.0119829465824674
0.0126505457849943
0.0157577077616041
0.016072409922058
0.019529642560994
0.0121185428083891
0.012621899466984
0.0122467251833568
0.0160684396992118
0.0157089818821887
0.0187541841526831
0.0124835318372747
0.0121124266480071
0.0123274049567843
0.0156194211053503
0.0158056903194677
0.0191241224887545
0.0121375628376019
0.0121254847194727
0.0127954771830157
0.0157508302295379
0.0156173733074513
0.0188243252144338
0.0118305626063901
0.0122044477723964
0.0131196918829174
0.0149725447853506
0.0162433280974499
0.0182931456818147
0.0123763586121582
0.0130830105377918
0.0138578335005588
0.0159267833689174
0.0167314212778331
0.0201900615378379
