0.0285955707971544
0.0274691161716811
0.028299403357272
0.034641272237427
0.0344968893136477
0.0410528634535598
0.0282729120576869
0.0283277727222841
0.0283035781372215
0.0347235836885505
0.0348029248273222
0.0409945541459377
0.0291426449183021
0.0280394145570748
0.0272790627159237
0.0349349545001149
0.0340098435908976
0.0406704874617018
0.0288397083214886
0.0273251863260454
0.0271339887441585
0.034098683802674
0.0335322393268843
0.0397466326111056
0.027736477865699
0.0269534213590987
0.0268072417611322
0.0332554561313203
0.0327747066837891
0.0385458146514051
0.0274366469458286
0.0267062873200529
0.0267401395949898
0.0328418456322887
0.0322598956389126
0.0381857034700789
0.0273240692073147
0.0267941354094249
0.0272782503191005
0.0324165376343462
0.0335111651217663
0.0386057527940568
0.0272086081283603
0.0267063881530801
0.0281146985892166
0.0334724706027926
0.0334901238279469
0.0398048324480586
0.0189920520731149
0.0192592015813866
0.0185133723488769
0.0245231245008365
0.02384650930829
0.0283701791952197
0.0202551972960521
0.0189893318674384
0.0191183469777849
0.0245201252668752
0.0239850324225445
0.0296921918132444
0.019556009796003
0.0190722809551308
0.019411611845438
0.0243419578075577
0.023977404555367
0.0293406340013642
0.0199753199709167
0.0194900808808016
0.0188920062392186
0.0241929784830427
0.0235761051207931
0.0282176625678334
0.0198146809044243
0.0192121542728488
0.0192480893100883
0.0234569351588378
0.0239205544162092
0.0273147054329766
0.0194264681828281
0.0196898717366295
0.0191529749529549
0.0241761840477505
0.0238052702848723
0.0278873911699102
0.0200271321164737
0.0192947630264416
0.0189180543705266
0.0238284895517945
0.0245085416389924
0.0282258069123789
0.0195309368371887
0.0189314759417503
0.0192965175581176
0.0243107795372955
0.0239635337360297
0.0288970994810571
