0.0300129788993733
0.0292411027961586
0.0289911261460479
0.0365704682347799
0.0362246378906101
0.0430037954848312
0.0302443724570408
0.0291679691668736
0.0286689636970696
0.0364788877443096
0.0354376144686445
0.0422606687212233
0.0301324239532713
0.0291546525902144
0.0285959216556915
0.0361386167359506
0.035303491157789
0.0418765529801425
0.030094905123463
0.0288530821829505
0.0282291031475577
0.0358834750468075
0.0350215531512251
0.041758146056589
0.029933299152933
0.0284837438149632
0.0284214378404021
0.0351993558465161
0.0349829017477284
0.0412390193671613
0.0295332893694044
0.0286670601893884
0.0286078513723123
0.0355425757181533
0.0352701883329214
0.0414817218128889
0.0290952407256685
0.0281084905554013
0.0283340755106473
0.03494205507947
0.0351700804688955
0.0418356002692326
0.0285492109384031
0.0277885548448552
0.0291155009247562
0.0348690025624737
0.0346774370415
0.041690545935068
0.0203784263225917
0.0209097780439507
0.0206996247854847
0.0259708391654847
0.0261610996153219
0.0308445531762316
0.0215952012475104
0.0210830966510273
0.0207165674243546
0.026332838768902
0.0263062718817133
0.0311683816271217
0.0217746242973147
0.0211856961739694
0.0218198753863866
0.0271177539563399
0.0266748050797594
0.0318708734381341
0.0220823872698127
0.0221827023302361
0.021368331906278
0.0273026408756825
0.0271726414686509
0.0324472646834887
0.0230012207429543
0.02171082767705
0.0212856236737624
0.0277581724249071
0.0259036544005412
0.0313399909769854
0.0226350980173657
0.0216793954221079
0.0218680206237719
0.0272698288025068
0.0278549838470108
0.0328338704232836
0.0215787295442514
0.0211942188610894
0.0209104192490912
0.0270085158265649
0.0258152560602028
0.0316902855309159
0.0213726225933892
0.0208103626844941
0.0210021820257061
0.0256530828941295
0.025586010932611
0.030379477559388
