0.0397304653052513
0.0387132017563411
0.0386402164014606
0.0476544899296182
0.0474184980977229
0.0555582655052905
0.0408152148219659
0.0390980995226109
0.0376357936522485
0.0480290871797522
0.0468529102324132
0.0550002435285558
0.0408601175377344
0.0388965586284387
0.03766242134126
0.0480621425197855
0.0466844584390872
0.0550227222268996
0.0408995250295046
0.038703996000773
0.0371620473217858
0.0478733328546202
0.046313237847878
0.0548256630706059
0.0410248248203901
0.0382711627281054
0.0377500459674197
0.0476466223575993
0.0465823187223225
0.054809574947079
0.0411623007631152
0.0393964485698886
0.0378515536669799
0.0487332656072562
0.0475083599034656
0.0562740979171866
0.0404976203510162
0.0386090505217043
0.0376416953213891
0.0478460271580237
0.0470898273664798
0.0555688609539014
0.0392789392580631
0.0374959446949144
0.0370373289202859
0.0465817774891477
0.0461442345774232
0.0546020098227265
0.031773098989827
0.0312687254750318
0.0308680645726479
0.0385630961932086
0.0375913184406407
0.0445476199713894
0.0336046424070039
0.0314509199897208
0.0301777247860692
0.0393067788759777
0.0376289851609806
0.045206806284046
0.0329346593609137
0.0308936639058027
0.0309568591441915
0.0387962841340053
0.0376291532326798
0.0447669437660723
0.0328581698103448
0.0317353603295497
0.0304828038801501
0.0390012846118277
0.0381036031542943
0.0446793748176557
0.0336336325157534
0.0312632347003669
0.0314233029451144
0.0393977565391002
0.0380566166836616
0.0450531224860138
0.0339156519929335
0.0325013109351387
0.0313984625564829
0.0404251074809123
0.0387562094973225
0.046063075286136
0.0333026527354319
0.031824273007784
0.0300827848512995
0.0390901611802947
0.0374504345004561
0.0442062332935994
0.0324826220067689
0.0305478661410822
0.0298235744711328
0.0374966304140106
0.0369528221886792
0.0435878058662069
