0.0304621726878166
0.0294850320385241
0.0298071805793956
0.0367913632944062
0.0367454385902078
0.0434646394115902
0.030711574810617
0.0301418299146898
0.0294650159585017
0.0372725404379054
0.0366655641354024
0.0434727879684531
0.0312368570877861
0.0300904468517875
0.0295033163566588
0.0373794094710569
0.0367263460498783
0.0435953651175781
0.0311124300539485
0.0300228223267045
0.0289197584779305
0.0370046549454868
0.0363017021196039
0.0429528642459129
0.0314708235106179
0.0293880771850034
0.0293659923769904
0.0369136938635251
0.0366957434349241
0.0433402193660484
0.0315397965030805
0.0299956556414285
0.0295044525576556
0.0376250165278829
0.0368852484110034
0.0442509109025897
0.0309779806647223
0.0296553293732181
0.0294680920094486
0.0371938837342627
0.0367120478132767
0.0436344485858667
0.0303310054966669
0.0289297467845893
0.0297264583843501
0.036364707700645
0.0364742932816535
0.0435183811980887
0.0226168730771522
0.0218968712508018
0.0222016697853858
0.0279911139933301
0.0272884802062116
0.0327176305684139
0.022717309672877
0.0225677852639588
0.0222678715561108
0.0282395032987682
0.0277691535344688
0.0330641020486657
0.0236601588717246
0.0224964078896562
0.0225044321535387
0.0285099104735723
0.0280819219406465
0.0337367297712452
0.0231532467563306
0.0230425070258677
0.0224802494377365
0.028819029274569
0.0277483139517642
0.0333452970758615
0.0247840558224317
0.0230179957645864
0.023056943329997
0.0289514742617577
0.0294626721949
0.0348612652830944
0.0249518350178632
0.024151657611071
0.0233896562287706
0.03068084302749
0.0295100277929114
0.0357891848643386
0.0243256346042471
0.0234011581219911
0.0221123148786655
0.0295827606904549
0.0279893435120073
0.0336482894611472
0.0235448003912735
0.0219816475351392
0.0224951329617316
0.0277042109469047
0.0278880581501867
0.0330817210982176
