0.0279661249846015
0.0271710116101614
0.0277446794396029
0.0336936631486177
0.0340872122877991
0.0402837757747889
0.0275104278426303
0.0273433075056072
0.0275183790880423
0.033648685996786
0.0337420878032015
0.0396919017439631
0.0276886173437092
0.0273006426318794
0.0271824867301841
0.033497713438088
0.0336215691445322
0.0396594487146771
0.0277840407894879
0.027079857667124
0.0270377767109558
0.0334860649034327
0.0331649665513934
0.039439364425139
0.0278365583864267
0.0269916497279025
0.0269300040258714
0.0331730267741072
0.033306942942292
0.0390211487799285
0.0277225221091798
0.0270615875205099
0.0272606164490672
0.033450525832841
0.0333169553442119
0.0394588010055381
0.0271470911482264
0.0268338069340157
0.0279820375602919
0.032832750353876
0.0341407080618077
0.0398588846179114
0.0270220170636517
0.0271967711987367
0.027876016028503
0.033272487482175
0.0341485605480712
0.0400524905736271
0.0202493929991954
0.0196520934827554
0.0203356605406054
0.0249755712209922
0.0256371502742341
0.0304678722051534
0.0198808992720323
0.0199988857745439
0.0200536216256596
0.0254729744886255
0.024772908422137
0.0296631194087253
0.0200351942788685
0.019821893028301
0.0199755206568835
0.0246065824797468
0.0250627337973102
0.0293334958847045
0.0200884289128429
0.0199875758554264
0.0195576585800797
0.0251793195746971
0.0242095526641573
0.0293608631258803
0.0202285716265676
0.0195000296056819
0.0194859278883414
0.0241540413971164
0.0243215435603103
0.0287794701570331
0.0201141793654145
0.0197217201159869
0.0201305017748031
0.0245822894630627
0.0241715021035456
0.0290797238412368
0.0196281578778583
0.0196371049921004
0.0195163307522679
0.0238102217504629
0.0242839508551741
0.0280369899289023
0.019790518797151
0.0193064083250394
0.0197004942581385
0.0240114777030348
0.0237941867089564
0.0280121119537568
