0.0249965752544184
0.0251553194275869
0.0255938124687964
0.0310849279946427
0.0314117592174964
0.0373088556070549
0.0248630504877833
0.0246054732455462
0.0247275793095324
0.0303195640379314
0.0303168715207505
0.0357659699144748
0.0245489740020745
0.0241332401234577
0.0250073793885868
0.0297699786935925
0.0304636597418678
0.0360290763084395
0.024043255994874
0.0240819466978479
0.0239094907517075
0.0293722336241926
0.0293648147677514
0.034683069366894
0.0239566621962816
0.0232451746048082
0.023913395780845
0.0284879860214383
0.0290448715454815
0.0339116715056535
0.0235965242721188
0.0237227978485526
0.0239241552958299
0.0289337422270988
0.0291648407010204
0.0341087820794556
0.023781075578296
0.0235433237173104
0.0246766708163118
0.0285594653770117
0.0295196574475945
0.0344056000880044
0.0236739700502397
0.0238501159936525
0.0253187801308909
0.0288377656905633
0.0304004901762616
0.0352591405145897
0.0154448781572964
0.0166712480632087
0.0155491619999993
0.0198611647344884
0.0206694937618921
0.0238605208003041
0.0163534188675679
0.0150753215830534
0.0166932368464425
0.0203261249554673
0.0196773420950917
0.0249441601791543
0.0149256236268169
0.0165311870441926
0.0157197913422098
0.019695461375663
0.020200862347325
0.0231249697529128
0.0166566083168592
0.015883836695547
0.0160853069901213
0.0203388546784055
0.0202816594530467
0.0246390528091203
0.0155039906777753
0.0163083937144178
0.0164021452706842
0.020004789635165
0.0197847108193041
0.0232319230487655
0.0167082830129749
0.0164348303983978
0.0158346170562334
0.0197294907830944
0.0197564398322621
0.0229875680627437
0.0162045273652196
0.015742339458469
0.0162133618554039
0.0195854378370068
0.019650483792843
0.0229997717440254
0.0157043992948619
0.015828614354101
0.0170930435756128
0.0192636446457882
0.020296031180301
0.0235437611520284
