0.0238137224245445
0.0235676130193422
0.0235047329366016
0.0297998696365961
0.0294210162753523
0.0356827365354148
0.0237284287799242
0.0234306343188348
0.023570087860266
0.0291853902472387
0.0298724495309009
0.0356062737130514
0.0234701439728559
0.0234164256175411
0.0232615333262988
0.0295047798583218
0.0293374017339802
0.0353445050123147
0.023365744050158
0.0229238801158764
0.0233694163975054
0.0289878157633973
0.0292287718384338
0.0352628900854526
0.0227382244733084
0.0229239092043598
0.022761122534533
0.0282624304640666
0.0288130632098561
0.0340161210247016
0.0223030724731889
0.0218843778601475
0.0227440523272295
0.0273179346683149
0.027618386438665
0.0330137255318229
0.0216936321712373
0.0220248843675234
0.0235940356780379
0.0266881443241776
0.0281380482151708
0.0326368659585302
0.0221307957208091
0.0231977341538646
0.0248734002575315
0.0279451920412162
0.029506457112594
0.0343374984125506
0.00854747151698859
0.00907687180471396
0.00844346425724431
0.0115753211879358
0.0118763153310127
0.0146501734963139
0.00904201386146336
0.00848369908088568
0.00884462079909026
0.0118627344962571
0.0118105888865166
0.0148777684336832
0.00848863333757451
0.00863166170109987
0.0097074039810533
0.0113515319943392
0.012488675426306
0.0153462756691901
0.00891063099716931
0.00945875760775146
0.00936527414943469
0.0125040305881981
0.0117738391247387
0.0144917291998051
0.00979879012076856
0.00955965748915795
0.0104216672978298
0.0122522838968404
0.0129174208250191
0.0156926609070462
0.00926721702743988
0.00961302628307284
0.0106389639222871
0.0122135739863741
0.0134018538196774
0.0163270326091467
0.00910906482198895
0.0101647436888703
0.0113684385081308
0.0126798923379237
0.013567582974951
0.015571858440962
0.00991078152472089
0.0114303932634054
0.0119305893303611
0.0139329840101174
0.0143959524862469
0.0165961202194947
