0.00627405406561844
0.00678370240307139
0.0068648360660338
0.00803867557955327
0.00826853564035939
0.0093505845462425
0.00682086768585806
0.00682611296899409
0.00703744769419921
0.00824666126587205
0.008625178118084
0.0100459170933683
0.00701998606502735
0.00715649534946317
0.00760169035887938
0.00884000915484592
0.00910038191574848
0.0107004610772143
0.00730826232919797
0.00770707874517544
0.00722502104310905
0.00919050672312534
0.00871227782665018
0.0101869456715988
0.00784822720513087
0.00729945561463945
0.00687938459548526
0.008875978065094
0.00844160141881359
0.00997994755037423
0.00739293305895876
0.00691837514025931
0.00711935482235677
0.00849783478645436
0.00861444617140877
0.0101823922123878
0.00713811642162447
0.00723605621147743
0.00708061414609144
0.0088703869292694
0.00877415334864853
0.010403506794728
0.00744258545903581
0.00709802103674238
0.00719952002365686
0.00898191151200036
0.00883466220617599
0.0106631474096723
0.00318612942645747
0.0033862924140543
0.00317979798148113
0.00411409244251297
0.00437358321279014
0.00502580074656253
0.00334931556905217
0.00346205867364507
0.00357244530139539
0.00466374855609871
0.00465872211301914
0.00586799963600403
0.00367219061648845
0.0039209371680675
0.00373959666573397
0.00485230946936385
0.00481871771952007
0.00556474110885683
0.00431379277882224
0.00397436313753236
0.00325135808517321
0.00507366624018815
0.00490706841030555
0.00600936326182379
0.00436259870621192
0.00354863939871482
0.00240675753038853
0.00543816427545326
0.00364282565713154
0.0053004617409377
0.00375306866717971
0.00262549503529698
0.00303130514751728
0.00396070347426155
0.00385386695374846
0.00502910439720118
0.00270889388739761
0.00317013256135813
0.00365271665010822
0.0039175923967112
0.00460753170208224
0.00529364345656696
0.0032147340374277
0.00365791374508855
0.00351768921883079
0.00456315128808962
0.00416801043971042
0.00499065478169407
