0.0117870837639665
0.0128823069133968
0.0134714981894674
0.0156299219462599
0.016208614617758
0.0189641546857202
0.013447924417719
0.014240457601068
0.0149578153487726
0.0166780309613347
0.0177052795766072
0.0198268311427884
0.0156997601267212
0.0158579718436364
0.0151064045109109
0.0190251781964664
0.0181738877298026
0.0209772872868126
0.0166406190541785
0.0156118401967996
0.0145724414016616
0.0189176906010063
0.0175246222478082
0.0202901114623786
0.0167897313897677
0.0149140931016559
0.0138042432819124
0.0184542085461361
0.0174968175579568
0.020426874261209
0.0160639430520158
0.0145936357478172
0.0147297074947079
0.0188934159592679
0.0175891658537019
0.0218994375997338
0.015195589535675
0.0147177852850177
0.0143356470526734
0.0181427835858364
0.0178868889544279
0.0212950956328399
0.0158634741240932
0.0150253685466335
0.0135428191594428
0.0193306615095453
0.0181421184004764
0.0222988780501249
0.00782492940054212
0.00866722675379358
0.0081108945772212
0.0107015024377038
0.0101487093722497
0.0118678314688799
0.00943930208771546
0.00875753392076639
0.00850863732481486
0.0108169896463181
0.0111510061867174
0.0126173893047694
0.00986275311755708
0.00869261851647051
0.00953011226026799
0.0119333054005985
0.0113002893065152
0.0141825549343026
0.00901145432354331
0.00954728055972354
0.00915355589462739
0.0112772278066718
0.0106635119688296
0.0118008609851537
0.0102731244147876
0.009634869648846
0.00879962239839014
0.0113278433747639
0.011323783624585
0.0127552269334595
0.0103344790593471
0.00913152356989814
0.00961704354698011
0.0127281581175538
0.0108870864788251
0.0141354033391008
0.00989536204498831
0.00997438680996699
0.00919464322441653
0.0116880819479458
0.0115074893829521
0.0129359125129123
0.0110388008668474
0.010087016100995
0.0092311301188005
0.0130252003245969
0.0125806429388626
0.0155583374004469
