0.00612942861176967
0.00652308919466089
0.00671569322082813
0.00783867187810152
0.00793070871349148
0.00907543271062439
0.00654743115945389
0.00672629638455256
0.00691484198456966
0.00788940207389662
0.00840440908977665
0.00957517489534656
0.00702975391065909
0.00711540171139638
0.00737558728633082
0.00872591067515501
0.00879637920734355
0.0102919450138255
0.00741355512907399
0.00753059958961633
0.00677742744441024
0.00903671773531314
0.00839870468318998
0.00982540814628763
0.00784497315376367
0.00700136735052756
0.00680518371944124
0.0087036182533729
0.00826882761197146
0.00976858337051226
0.00734110683155489
0.00692107783129479
0.00699035073969892
0.00849976698360565
0.00843605759196633
0.00996548226546646
0.00710972700750723
0.00705320019294525
0.00712432478856344
0.00862236807392774
0.00875562108521167
0.0102589208096194
0.00735084292292831
0.0072040014603705
0.00710125743651712
0.00903999834047758
0.00880742178838157
0.0106495329371387
0.00387894356811126
0.00389353777529888
0.00387445970053837
0.00505635478755702
0.00487472846701898
0.00600344889513837
0.00405392437614055
0.00392508244441988
0.0037223272967983
0.0051256817314001
0.00497027497655266
0.0061243007170165
0.00445129904213412
0.00420630294710842
0.00453067618584495
0.00563786855234375
0.00554314549421212
0.00674787404343457
0.00468605074785702
0.00490256163266408
0.00381181818122389
0.00597906287359669
0.00551806147606716
0.00666669096031312
0.0053952583836728
0.00415730076709976
0.00338989182538223
0.00613026636868593
0.00412545765485
0.00622212612071184
0.0044717459868077
0.00356953193315415
0.00372267671614369
0.00453807276787416
0.00458783107937043
0.00558308433415771
0.00369373071428539
0.00373430849622358
0.00404088709650364
0.00475546352140496
0.00501972164220031
0.005935088669516
0.00391681331553424
0.00432264113803026
0.00428418938276647
0.00533731865850267
0.00535358930348794
0.00634668445690692
