0.0090046236813693
0.00953918934144656
0.00979454953437207
0.0115454775979018
0.0116302513955915
0.0134397663126434
0.0100314186661692
0.010157626044053
0.010346127256366
0.0121718725855913
0.0124579014435042
0.0144032842377155
0.0109887865871856
0.0108706491130382
0.0108037394517098
0.0132080905561501
0.0128178306222335
0.0149271960263069
0.0112057486912969
0.010902278496931
0.00964378392875848
0.0131652604234479
0.0121247785194319
0.0141412457536934
0.0116885300666486
0.0101146345450523
0.00965051139694443
0.012919770845729
0.0119257333416196
0.0144054405672364
0.011014323699536
0.0102332227155459
0.010110645969432
0.0128692595086111
0.0124412723648022
0.0149156832897012
0.0107483276616735
0.0103700493956583
0.00995551794142534
0.012876973970957
0.0126247077853481
0.0149401987097657
0.010900051565899
0.0102666018957368
0.00982964502745041
0.0132240060770361
0.0125350277798797
0.0153366150326001
0.00624473203072451
0.0066984766861067
0.00609058833773691
0.00816361661395559
0.00803542295486667
0.00919667329061829
0.00704352605570107
0.0063163839885854
0.00621109050522681
0.00820920687499085
0.00767972156071674
0.00949179001982602
0.00714991235305056
0.00665915185697345
0.00694369278504135
0.00835232464488674
0.00827306008986524
0.00982653887005335
0.0069445010180097
0.00675636649688278
0.00595796169930643
0.00859355274914629
0.00769991558383308
0.00948105302258527
0.00750646189706727
0.00623157959624725
0.00569036480459118
0.00861127019769244
0.00673074590349455
0.00904230171676468
0.00712826130569335
0.00628566528649326
0.00633164947166739
0.0078939680164146
0.00757276129276804
0.00920030073886636
0.00669545535548708
0.00650452635086149
0.00680833791337907
0.00780935377920522
0.0079024295792642
0.00928250613579588
0.0069419630892106
0.00699161664235092
0.00668636642319523
0.0085759073955972
0.00838470921223644
0.00989845546565573
