0.00694188491890197
0.00739410708741124
0.00762379959938625
0.00872913683018711
0.00911229665677958
0.0103711771407445
0.00755933833246297
0.00765184103877831
0.00791053205279196
0.00920445655995012
0.00954376260908029
0.0109754993624226
0.00815692865995883
0.00820705795731548
0.00833047577160485
0.010063977483978
0.0098027087844536
0.0114088518537757
0.00863122840764893
0.00855151267503259
0.00772762550250632
0.0101700677292595
0.00961644861220503
0.0111031204352084
0.00905066136596158
0.0080324354470618
0.00766801523628137
0.0101304738580113
0.00944552239249854
0.0113748183084045
0.0085509814792601
0.00801451177525903
0.00792078560544726
0.00994290579498531
0.00989672330362437
0.0117498903699327
0.0083662311272236
0.00813946256416755
0.00797017000444775
0.0103114273952747
0.0100428745764632
0.0120777999133425
0.00850863721955442
0.00802926340490246
0.00796026986595783
0.0103166451192409
0.00988156888300429
0.0120481147783201
0.00479688187342135
0.00501843631147796
0.00468161968231179
0.00617422077097595
0.00577747194741359
0.00705920307091383
0.00513691581567078
0.00490086248354322
0.0044809566675838
0.00595551558880992
0.00592939624009794
0.00716706688619135
0.00543045475258457
0.00483645247632576
0.00508080738684012
0.00644885315302533
0.00618385181262291
0.00740232962002711
0.00510920234149328
0.00520310150860178
0.00484243646321442
0.0064099491928286
0.00602246421267677
0.00715792320947763
0.00594912404148285
0.00493403241209646
0.00414400458953355
0.00671633943550709
0.00501478950903188
0.00693490045654622
0.00552934803808336
0.00461655111159214
0.00476137873969987
0.00580961198904521
0.00589437312923333
0.00699850374128506
0.00492225743918429
0.00497005273358079
0.00526611534414634
0.00617237531314587
0.00636279411972018
0.00746313653587533
0.00539663846291547
0.00535663114477587
0.00508819410814085
0.00676768343574617
0.00619570689152887
0.00750726550655243
